3.572539389133453369e-01 -1.992079056799411774e-02 1.366703212261199951e-01 7.231049705296754837e-03
1.813945770263671875e-01 -4.558745771646499634e-02 2.257262021303176880e-01 -5.386973917484283447e-02
3.604731559753417969e-01 -3.387797623872756958e-02 8.939695358276367188e-02 -8.802870661020278931e-02
1.293032020330429077e-01 -1.427959650754928589e-01 2.719514071941375732e-01 -1.477203071117401123e-01
1.396280229091644287e-01 -1.041905507445335388e-01 2.537189126014709473e-01 -6.070863828063011169e-02
2.230451107025146484e-01 -7.769091427326202393e-02 2.271545678377151489e-01 -6.697558611631393433e-02
3.079347908496856689e-01 -6.137155741453170776e-02 -1.461134999990463257e-01 -4.289265573024749756e-01
3.256329894065856934e-01 9.271406452171504498e-04 1.546186804771423340e-01 -1.538938935846090317e-02
2.594497203826904297e-01 -6.576666235923767090e-02 2.017626464366912842e-01 -6.676837056875228882e-02
4.488962888717651367e-01 -3.998660147190093994e-01 1.000761240720748901e-01 -1.283476054668426514e-01
1.733554303646087646e-01 -9.806682169437408447e-02 2.610793113708496094e-01 -6.857692450284957886e-02
2.844726145267486572e-01 -7.735867798328399658e-02 1.616272032260894775e-01 -5.146957933902740479e-02
3.120791018009185791e-01 -8.470330387353897095e-02 1.426626443862915039e-01 -8.575534820556640625e-02
2.709723114967346191e-01 -6.198799982666969299e-02 2.009851634502410889e-01 -5.794615671038627625e-02
2.107021361589431763e-01 -9.343069046735763550e-02 2.395501136779785156e-01 -1.000941917300224304e-01
3.498707115650177002e-01 -1.272333413362503052e-01 -1.879211515188217163e-02 -2.929036617279052734e-01
1.874061226844787598e-01 -7.035659253597259521e-02 2.392566502094268799e-01 -8.629921078681945801e-02
2.915757596492767334e-01 -6.360208243131637573e-02 1.984197944402694702e-01 -5.173156037926673889e-02
2.917821407318115234e-01 -3.738106787204742432e-02 1.804045587778091431e-01 -6.907362490892410278e-02
3.086906373500823975e-01 -4.603824019432067871e-02 1.346318274736404419e-01 -6.371715664863586426e-02
3.406895995140075684e-01 7.437807042151689529e-03 8.883263170719146729e-02 -1.158599182963371277e-01
3.312764465808868408e-01 -6.196259707212448120e-02 1.437867730855941772e-01 -1.288721151649951935e-02
2.317220866680145264e-01 -7.463284581899642944e-02 2.197228521108627319e-01 -6.727134436368942261e-02
3.282321393489837646e-01 -8.550442755222320557e-02 1.367411911487579346e-01 -2.813931368291378021e-02
2.379259765148162842e-01 -5.469204112887382507e-02 2.496354132890701294e-01 -5.258827283978462219e-02
4.755079373717308044e-02 -1.287934929132461548e-01 1.954386681318283081e-01 -1.178587898612022400e-01
3.522469103336334229e-01 1.733063608407974243e-01 8.363490551710128784e-02 1.261385828256607056e-01
3.649485707283020020e-01 1.570866629481315613e-02 1.033347919583320618e-01 -4.617483168840408325e-02
3.249292969703674316e-01 -6.464665383100509644e-02 1.191282048821449280e-01 -1.151067465543746948e-01
5.336267948150634766e-01 1.363653242588043213e-01 -1.595749855041503906e-01 -1.713692247867584229e-01
2.004427909851074219e-01 -1.161559075117111206e-01 2.133551388978958130e-01 -6.883236765861511230e-02
1.290582120418548584e-01 -1.348780393600463867e-01 2.690641283988952637e-01 -3.477210924029350281e-02
3.753355517983436584e-02 -8.403941988945007324e-02 2.892976999282836914e-01 4.315917938947677612e-02
3.366765081882476807e-01 1.119458302855491638e-01 1.103240549564361572e-01 6.672336906194686890e-02
-1.346142590045928955e-01 1.787585914134979248e-01 7.141511887311935425e-02 -6.077713370323181152e-01
1.639567017555236816e-01 -2.694353088736534119e-02 2.356175631284713745e-01 -1.637133769690990448e-02
4.171690642833709717e-01 -4.126284644007682800e-02 1.293281316757202148e-01 -1.039167717099189758e-01
2.311506569385528564e-01 -1.025590747594833374e-01 2.297710329294204712e-01 -6.075596809387207031e-02
2.597067058086395264e-01 -2.220787107944488525e-01 -2.144302725791931152e-01 1.469046622514724731e-01
2.114987671375274658e-01 -7.153432816267013550e-02 2.270174175500869751e-01 -5.867635458707809448e-02
1.346219033002853394e-01 -1.294257789850234985e-01 2.324388623237609863e-01 -1.214803755283355713e-01
1.549363136291503906e-01 -9.151838719844818115e-02 2.503635287284851074e-01 -1.075554862618446350e-01
4.084331095218658447e-01 -1.766079366207122803e-01 6.856878846883773804e-02 -8.229993283748626709e-03
1.562015563249588013e-01 -8.883604407310485840e-02 2.157401889562606812e-01 -7.248537987470626831e-02
1.926497370004653931e-01 -9.669879078865051270e-02 2.255147099494934082e-01 -6.584538519382476807e-02
2.636557519435882568e-01 -6.965181231498718262e-02 2.003733664751052856e-01 -6.143592298030853271e-02
2.716532051563262939e-01 -8.197502046823501587e-02 2.149264067411422729e-01 -4.620192945003509521e-02
3.128314316272735596e-01 6.123035564087331295e-04 1.641856431961059570e-01 -3.919028118252754211e-02
2.671831548213958740e-01 -7.223380357027053833e-02 1.788685768842697144e-01 -5.982619151473045349e-02
2.542109191417694092e-01 -6.783980131149291992e-02 2.089313268661499023e-01 -6.429071724414825439e-02
1.185847520828247070e-01 -6.430892646312713623e-02 2.435021698474884033e-01 -9.738849103450775146e-02
2.093476206064224243e-01 -8.950157463550567627e-02 2.431277334690093994e-01 -7.363263517618179321e-02
1.076195687055587769e-01 -8.515544980764389038e-02 2.722116708755493164e-01 -3.213548362255096436e-01
1.676291674375534058e-01 -7.239565253257751465e-02 2.358819842338562012e-01 -9.478859603404998779e-02
1.518270373344421387e-01 -1.055164039134979248e-01 2.643826603889465332e-01 -1.418730020523071289e-01
2.050476670265197754e-01 -8.284737169742584229e-02 2.378170192241668701e-01 -7.320182025432586670e-02
2.752449214458465576e-01 -7.390234619379043579e-02 1.947938501834869385e-01 -6.329322606325149536e-02
3.306859731674194336e-01 -1.447828412055969238e-01 -1.515837907791137695e-01 -2.567314803600311279e-01
3.843681514263153076e-01 -1.394545733928680420e-01 9.417511522769927979e-02 2.479514293372631073e-02
2.341434210538864136e-01 -7.783954590559005737e-02 2.145394980907440186e-01 -6.929320096969604492e-02
2.490042001008987427e-01 -6.751062721014022827e-02 2.168246358633041382e-01 -6.366021931171417236e-02
1.391077488660812378e-01 -4.858254268765449524e-02 2.470551580190658569e-01 -5.841546878218650818e-02
2.632919549942016602e-01 -7.421847432851791382e-02 1.897205710411071777e-01 -7.601416856050491333e-02
1.972553282976150513e-01 -9.169062227010726929e-02 2.408140599727630615e-01 -8.975716680288314819e-02
4.164257347583770752e-01 5.102907121181488037e-02 1.024523898959159851e-01 2.804654240608215332e-01
7.417016476392745972e-02 -1.763479709625244141e-01 2.082346677780151367e-01 -3.229781612753868103e-02
3.041491806507110596e-01 -5.351529270410537720e-02 1.698926389217376709e-01 -5.266952887177467346e-02
3.755922019481658936e-01 -1.295915096998214722e-01 3.779270499944686890e-02 -1.865846365690231323e-01
1.905826926231384277e-01 -8.871827274560928345e-02 2.524760067462921143e-01 -6.428611278533935547e-02
2.522713243961334229e-01 -7.638678699731826782e-02 2.091249972581863403e-01 -5.913873761892318726e-02
2.753372788429260254e-01 -7.546096295118331909e-02 1.904278695583343506e-01 -5.977511405944824219e-02
2.097501307725906372e-01 -7.274097204208374023e-02 2.267039567232131958e-01 -6.993870437145233154e-02
3.406167924404144287e-01 -4.339869320392608643e-02 7.548606023192405701e-03 1.219489872455596924e-01
3.752895593643188477e-01 -3.163512423634529114e-02 1.406977623701095581e-01 3.111474588513374329e-02
2.965697050094604492e-01 -7.270211726427078247e-02 1.705179512500762939e-01 -5.400283262133598328e-02
3.157536685466766357e-01 -4.497020319104194641e-02 1.286105215549468994e-01 -9.487699717283248901e-02
2.913921475410461426e-01 -4.807325825095176697e-02 1.633351147174835205e-01 -5.936993286013603210e-02
1.788329333066940308e-01 -9.675570577383041382e-02 2.536852061748504639e-01 -6.231579557061195374e-02
5.345113575458526611e-02 -2.539810240268707275e-01 2.633456587791442871e-01 -3.302459120750427246e-01
1.267160624265670776e-01 -5.106653645634651184e-02 3.223517537117004395e-01 3.819894790649414062e-02
3.099044859409332275e-01 -5.579411983489990234e-02 1.714057028293609619e-01 -4.129396751523017883e-02
2.976642251014709473e-01 -7.001832872629165649e-02 1.809260398149490356e-01 -4.133600741624832153e-02
1.978697329759597778e-01 -3.209802880883216858e-02 2.311904877424240112e-01 -5.319614335894584656e-02
1.557556688785552979e-01 -1.002370566129684448e-01 2.617547214031219482e-01 -6.803476810455322266e-02
-7.924279570579528809e-02 2.271445840597152710e-01 1.208828389644622803e-01 -2.098669707775115967e-01
5.523325130343437195e-02 -4.436551406979560852e-02 1.920229196548461914e-01 -6.122070178389549255e-02
1.735345572233200073e-01 -1.092333942651748657e-01 2.802384197711944580e-01 -3.003784082829952240e-02
1.284931302070617676e-01 -2.036286145448684692e-01 3.731852769851684570e-01 -2.019213885068893433e-01
1.669267266988754272e-01 -8.783273398876190186e-02 2.451336979866027832e-01 -7.404720783233642578e-02
2.669714689254760742e-01 -8.419706672430038452e-02 2.090483307838439941e-01 -5.639597773551940918e-02
9.857595711946487427e-02 -1.718579977750778198e-01 2.281748354434967041e-01 -6.247319281101226807e-02
2.686226665973663330e-01 -6.144601106643676758e-02 2.141223400831222534e-01 -6.210653111338615417e-02
2.918869256973266602e-01 -4.511793702840805054e-02 1.623515188694000244e-01 -7.189251482486724854e-02
3.050442337989807129e-01 -6.766594201326370239e-02 8.978129178285598755e-02 -1.924934834241867065e-01
1.687338203191757202e-01 -6.447938829660415649e-02 2.212739884853363037e-01 -1.022593453526496887e-01
9.550461918115615845e-02 -1.525663882493972778e-01 2.122605293989181519e-01 -1.440303623676300049e-01
2.981364727020263672e-01 -1.057599261403083801e-01 1.029602587223052979e-01 -1.279737949371337891e-01
3.958570361137390137e-01 -1.713388264179229736e-01 1.094308868050575256e-01 -1.132059320807456970e-01
1.570144593715667725e-01 -8.808550983667373657e-02 2.628574967384338379e-01 -6.250929087400436401e-02
1.807492673397064209e-01 -8.789708465337753296e-02 2.459232509136199951e-01 -3.082302957773208618e-02
2.646118104457855225e-01 -6.396174430847167969e-02 1.704714149236679077e-01 -7.085538655519485474e-02
3.262354433536529541e-01 1.760734431445598602e-02 1.162373274564743042e-01 -4.083610698580741882e-02
2.234096080064773560e-01 -8.118946850299835205e-02 2.434855103492736816e-01 -6.921113282442092896e-02
3.276735544204711914e-01 -1.175789311528205872e-01 4.942630231380462646e-02 -1.154604852199554443e-01
-2.117172181606292725e-01 -1.573400944471359253e-01 4.347973167896270752e-01 -1.173559576272964478e-01
3.077998161315917969e-01 -2.362586930394172668e-02 2.084604352712631226e-01 -3.692241013050079346e-02
1.497864425182342529e-01 -8.748589456081390381e-02 2.617309391498565674e-01 -1.303368806838989258e-01
2.110074609518051147e-01 -8.331873267889022827e-02 2.209625244140625000e-01 -6.469294428825378418e-02
2.467628121376037598e-01 -6.147981435060501099e-02 2.112734019756317139e-01 -6.487655639648437500e-02
1.656354069709777832e-01 -1.032442599534988403e-01 2.611773908138275146e-01 -8.343403041362762451e-02
4.121276140213012695e-01 2.215484529733657837e-02 1.910507529973983765e-01 -7.202801853418350220e-02
2.872267961502075195e-01 -9.754184633493423462e-02 9.162976592779159546e-02 -1.653094403445720673e-02
9.256977587938308716e-02 -6.252186745405197144e-02 2.178056240081787109e-01 -1.107806190848350525e-01
8.946508169174194336e-03 -3.108383715152740479e-01 1.619149744510650635e-01 -3.994002193212509155e-02
3.104245364665985107e-01 -5.051152780652046204e-02 -1.108218058943748474e-01 -7.893540710210800171e-02
2.580238878726959229e-01 -7.698669284582138062e-02 2.322860360145568848e-01 -6.407559663057327271e-02
3.085705339908599854e-01 -4.555120691657066345e-02 1.643255800008773804e-01 -6.792067736387252808e-02
2.304161936044692993e-01 -6.392319500446319580e-02 2.273334115743637085e-01 -5.764755606651306152e-02
2.400608211755752563e-01 -9.168985486030578613e-02 2.402025312185287476e-01 -5.712898075580596924e-02
2.056787312030792236e-01 -7.800798863172531128e-02 2.366129457950592041e-01 -7.327187061309814453e-02
-4.963278188370168209e-04 -1.104491055011749268e-01 1.388773322105407715e-01 -3.016787767410278320e-01
1.233905851840972900e-01 -2.926435768604278564e-01 3.557224869728088379e-01 8.658116310834884644e-02
6.097015365958213806e-02 -9.659510105848312378e-02 2.420003563165664673e-01 -1.265929341316223145e-01
3.046271204948425293e-01 -3.824661672115325928e-02 1.749456673860549927e-01 -6.308293342590332031e-02
2.641643881797790527e-01 -5.503005534410476685e-02 1.900649219751358032e-01 -6.049203127622604370e-02
2.931322157382965088e-01 -1.096199676394462585e-01 2.932756394147872925e-02 -2.359091341495513916e-01
2.788180112838745117e-01 -6.453472375869750977e-02 1.920807361602783203e-01 -6.341118365526199341e-02
2.276608198881149292e-01 -8.401817828416824341e-02 2.328376322984695435e-01 -4.805172607302665710e-02
3.304024040699005127e-01 -1.441335678100585938e-02 1.183303594589233398e-01 -5.353336408734321594e-02
2.635072767734527588e-01 -6.551040709018707275e-02 1.909895837306976318e-01 -6.533478945493698120e-02
1.914948672056198120e-01 -9.555044770240783691e-02 2.345643341541290283e-01 -7.563800364732742310e-02
7.809875905513763428e-02 -2.458493560552597046e-01 2.138848602771759033e-01 -3.401915729045867920e-01
2.071484178304672241e-01 -7.969710230827331543e-02 2.263664454221725464e-01 -6.586120277643203735e-02
2.015977799892425537e-01 -8.072733879089355469e-02 2.295667529106140137e-01 -7.057216763496398926e-02
9.163564443588256836e-02 -4.186759144067764282e-02 1.886598616838455200e-01 -1.680597662925720215e-01
2.897110879421234131e-01 -7.142744958400726318e-02 1.834686845541000366e-01 -6.042890250682830811e-02
5.679596662521362305e-01 4.099847376346588135e-01 2.892406880855560303e-01 -4.424193799495697021e-01
2.358393818140029907e-01 -9.017480164766311646e-02 2.225566655397415161e-01 -7.274741679430007935e-02
3.359860777854919434e-01 5.041296780109405518e-02 5.631931498646736145e-02 2.293502539396286011e-02
3.673031628131866455e-01 -9.483122080564498901e-02 1.103348731994628906e-01 -1.339683532714843750e-01
-8.092312514781951904e-02 3.740889253094792366e-03 1.353940218687057495e-01 1.230806708335876465e-01
-1.994202286005020142e-02 -3.889734148979187012e-01 1.748958975076675415e-01 -1.493837684392929077e-01
1.354022622108459473e-01 -2.767416238784790039e-01 2.719260156154632568e-01 1.470047235488891602e-01
-4.439814388751983643e-02 -1.945571750402450562e-01 1.305384337902069092e-01 -1.491363793611526489e-01
2.302889227867126465e-01 -7.350693643093109131e-02 1.998019665479660034e-01 -7.579922676086425781e-02
2.377495467662811279e-01 -7.679734379053115845e-02 2.149803787469863892e-01 -7.035785168409347534e-02
1.862377822399139404e-01 -9.495335817337036133e-02 2.276802062988281250e-01 -7.382043451070785522e-02
2.305996268987655640e-01 -7.533708214759826660e-02 1.976681053638458252e-01 -6.343290954828262329e-02
2.958943843841552734e-01 -4.880187287926673889e-02 1.867356300354003906e-01 -4.486497491598129272e-02
2.839323282241821289e-01 -7.119970023632049561e-02 1.848868131637573242e-01 -6.029489263892173767e-02
3.596518933773040771e-01 6.576229631900787354e-02 1.463091075420379639e-01 -1.126677319407463074e-01
1.366552710533142090e-01 -6.509616971015930176e-02 2.125397920608520508e-01 -1.108778491616249084e-01
2.660817503929138184e-01 -7.058598846197128296e-02 2.007677257061004639e-01 -6.257311254739761353e-02
3.586467206478118896e-01 4.824132472276687622e-02 2.213308773934841156e-02 -3.231361135840415955e-02
2.694110870361328125e-01 -8.888867497444152832e-02 1.921310424804687500e-01 -3.305431455373764038e-02
2.849264740943908691e-01 -5.034372583031654358e-02 1.476646810770034790e-01 -1.231658738106489182e-02
1.651963591575622559e-01 -8.721637725830078125e-02 2.311949133872985840e-01 -6.560040265321731567e-02
2.315500751137733459e-02 1.051729619503021240e-01 2.397337704896926880e-01 -2.516892552375793457e-01
2.544717490673065186e-01 -7.966884970664978027e-02 2.010873854160308838e-01 -6.111731752753257751e-02
1.836547255516052246e-01 -9.436874091625213623e-02 2.492973357439041138e-01 -6.789837032556533813e-02
9.661918133497238159e-02 -5.288245156407356262e-02 2.191032767295837402e-01 -9.793676435947418213e-02
2.559000849723815918e-01 -6.121458485722541809e-02 2.050292044878005981e-01 -4.666566476225852966e-02
2.724629640579223633e-01 -6.414309144020080566e-02 1.968824267387390137e-01 -6.915798038244247437e-02
2.913092374801635742e-01 -6.159281358122825623e-02 1.703443527221679688e-01 -6.003319844603538513e-02
1.337477713823318481e-01 -7.687040418386459351e-02 2.617419958114624023e-01 -5.198164284229278564e-02
2.662808299064636230e-01 -7.533375918865203857e-02 1.906430274248123169e-01 -6.687862426042556763e-02
3.447393700480461121e-02 1.615666784346103668e-02 2.142160981893539429e-01 -1.591548621654510498e-01
3.321462273597717285e-01 -1.362154185771942139e-01 -1.378013868816196918e-03 -1.330154240131378174e-01
1.617048233747482300e-01 -5.901227518916130066e-02 2.496628314256668091e-01 -4.257178679108619690e-02
3.057477772235870361e-01 -3.487768769264221191e-02 1.572768390178680420e-01 -7.465485483407974243e-02
3.845850825309753418e-01 6.202282011508941650e-02 -5.701235681772232056e-02 3.978132903575897217e-01
-1.333794891834259033e-01 -3.513887226581573486e-01 5.990691110491752625e-02 4.543151557445526123e-01
4.202922433614730835e-02 -7.506603747606277466e-02 1.868285983800888062e-01 -1.763739064335823059e-02
-2.359047904610633850e-02 -2.726494967937469482e-01 1.351106911897659302e-01 8.406261913478374481e-03
2.922669351100921631e-01 -7.615138590335845947e-02 1.639423370361328125e-01 -8.939389139413833618e-02
2.240955233573913574e-01 -7.505188882350921631e-02 2.441629618406295776e-01 -7.340430468320846558e-02
4.318012595176696777e-01 1.923527866601943970e-01 1.074100509285926819e-01 1.330818608403205872e-02
7.948788255453109741e-02 -1.198474541306495667e-01 2.664560973644256592e-01 -6.830096989870071411e-02
9.328856319189071655e-02 -1.847579330205917358e-01 2.232015877962112427e-01 8.493755944073200226e-03
3.517957031726837158e-01 6.225728895515203476e-03 7.459606509655714035e-03 -2.502158284187316895e-01
2.495395243167877197e-01 -8.323013782501220703e-02 2.219544202089309692e-01 -6.208506599068641663e-02
2.451917082071304321e-01 -7.314398884773254395e-02 2.022100389003753662e-01 -4.185982793569564819e-02
1.355937421321868896e-01 -6.401481106877326965e-03 2.436463236808776855e-01 -1.229049712419509888e-01
1.353868991136550903e-01 -8.449976891279220581e-02 3.111405074596405029e-01 -1.596093177795410156e-01
2.572473585605621338e-01 -7.464624941349029541e-02 1.928612142801284790e-01 -6.094513833522796631e-02
1.193110868334770203e-01 -5.264148488640785217e-02 2.266497462987899780e-01 -1.218785718083381653e-01
1.638990044593811035e-01 -1.014175564050674438e-01 2.366862893104553223e-01 -6.782420724630355835e-02
1.202918887138366699e-01 -1.345628350973129272e-01 2.666104137897491455e-01 -9.617568925023078918e-03
1.043964847922325134e-01 -1.873346418142318726e-01 1.824866533279418945e-01 -1.788161993026733398e-01
3.035037815570831299e-01 -4.026989266276359558e-02 -3.774341894313693047e-03 -1.759502142667770386e-01
2.230640947818756104e-01 -7.621804624795913696e-02 2.302153408527374268e-01 -8.670888841152191162e-02
1.358501464128494263e-01 -8.912491053342819214e-02 2.254263460636138916e-01 -5.000066012144088745e-02
2.502344846725463867e-01 -7.239758968353271484e-02 1.943072080612182617e-01 -6.059105694293975830e-02
3.693903684616088867e-01 2.297094091773033142e-02 -3.226957842707633972e-02 -2.511359453201293945e-01
5.887452512979507446e-02 -1.595645397901535034e-01 1.920898556709289551e-01 -6.562419980764389038e-02
3.352636396884918213e-01 -8.217287808656692505e-02 1.160734966397285461e-01 -5.645644664764404297e-02
2.951875627040863037e-01 -4.744604974985122681e-02 1.791534721851348877e-01 -6.274193525314331055e-02
1.637073159217834473e-01 -3.791813552379608154e-01 4.453028440475463867e-01 2.445230484008789062e-01
2.619723975658416748e-01 -6.431277841329574585e-02 2.178341299295425415e-01 -6.162009015679359436e-02
2.776319682598114014e-01 -7.001991569995880127e-02 2.130278497934341431e-01 -6.328289210796356201e-02
3.158734738826751709e-01 -1.000118181109428406e-01 7.304424047470092773e-02 -1.091059893369674683e-01
2.862662374973297119e-01 -6.485832482576370239e-02 1.628136634826660156e-01 -3.923144936561584473e-02
1.094228774309158325e-01 -2.077631056308746338e-01 2.779537737369537354e-01 -1.233292073011398315e-01
1.201897785067558289e-01 -1.165250837802886963e-01 2.710373401641845703e-01 -7.550569623708724976e-02
4.120061695575714111e-01 -2.559345029294490814e-02 4.908749088644981384e-02 3.215990215539932251e-02
1.277097612619400024e-01 -1.246782690286636353e-01 2.293235510587692261e-01 -9.267488867044448853e-02
-2.535377815365791321e-02 -5.831376910209655762e-01 3.645063042640686035e-01 -5.480158329010009766e-01
2.827833294868469238e-01 -6.208992004394531250e-02 1.562946140766143799e-01 -6.456821411848068237e-02
3.300959169864654541e-01 -1.730754971504211426e-02 -1.917982287704944611e-02 -1.864087879657745361e-01
3.039537966251373291e-01 -4.251419380307197571e-02 1.809063851833343506e-01 -7.195566594600677490e-02
3.421744406223297119e-01 2.249842323362827301e-02 1.470486223697662354e-01 -1.145201325416564941e-01
2.687281966209411621e-01 -7.427892088890075684e-02 2.081068307161331177e-01 -6.028242409229278564e-02
3.144474327564239502e-01 -2.685508318245410919e-02 7.991193979978561401e-02 -7.096747308969497681e-02
6.501457095146179199e-02 1.414120197296142578e-04 2.039978504180908203e-01 -1.294116526842117310e-01
9.913616627454757690e-02 -6.240123137831687927e-02 2.494080364704132080e-01 4.615672677755355835e-02
2.936097085475921631e-01 -5.708265304565429688e-02 1.710671633481979370e-01 -6.616319715976715088e-02
3.718433976173400879e-01 1.547226309776306152e-01 1.482000201940536499e-01 1.641092151403427124e-01
2.637959122657775879e-01 -6.388397514820098877e-02 1.992428004741668701e-01 -5.686418339610099792e-02
-1.781578063964843750e-01 -6.447439789772033691e-01 -8.364945650100708008e-02 -2.754682675004005432e-02
2.671197950839996338e-01 -7.628916203975677490e-02 2.147001028060913086e-01 -5.959218740463256836e-02
3.339019119739532471e-01 -2.279703877866268158e-02 1.367619186639785767e-01 -3.728422150015830994e-02
2.137091606855392456e-01 -8.238013833761215210e-02 2.247584760189056396e-01 -5.566585436463356018e-02
2.905565202236175537e-01 -9.536974132061004639e-02 1.269075572490692139e-01 -7.717799395322799683e-02
3.121170997619628906e-01 -7.539735734462738037e-02 1.034476980566978455e-01 -2.726242691278457642e-02
1.526082158088684082e-01 -7.806564867496490479e-02 2.279372811317443848e-01 -6.836833059787750244e-02
1.575651764869689941e-01 -9.782785177230834961e-02 2.285296618938446045e-01 -9.566974639892578125e-02
3.216146826744079590e-01 -8.040134608745574951e-02 5.179431661963462830e-02 -1.547956913709640503e-01
3.552792072296142578e-01 -9.434434026479721069e-02 -1.079886686056852341e-03 -1.226116120815277100e-01
3.187391757965087891e-01 -1.014315523207187653e-02 1.562897562980651855e-01 -4.376272857189178467e-02
1.392641514539718628e-01 -1.004282906651496887e-01 2.509732842445373535e-01 -6.144753471016883850e-02
5.172145366668701172e-02 3.672994300723075867e-02 2.369899451732635498e-01 -8.039739727973937988e-02
9.256571531295776367e-02 -5.676757171750068665e-02 1.942178308963775635e-01 -2.037740796804428101e-01
3.159176409244537354e-01 -3.344526141881942749e-02 1.081730201840400696e-01 -7.206997275352478027e-02
3.220182955265045166e-01 -3.114665858447551727e-02 1.592891216278076172e-01 4.472512379288673401e-02
1.454667747020721436e-01 -7.279143482446670532e-02 2.662637829780578613e-01 -8.351263403892517090e-02
3.066953718662261963e-01 -4.403768479824066162e-02 1.605474650859832764e-01 -5.548948049545288086e-02
3.548505008220672607e-01 -8.454960584640502930e-02 -1.871069520711898804e-02 4.660009220242500305e-02
5.899205803871154785e-02 -8.274515718221664429e-02 2.093723416328430176e-01 -1.344358921051025391e-01
3.031797707080841064e-01 -5.868552625179290771e-02 1.821457147598266602e-01 -4.537212848663330078e-02
3.146953582763671875e-01 -2.575062029063701630e-02 1.410332769155502319e-01 -5.272342264652252197e-02
3.191867470741271973e-01 2.476401925086975098e-01 -9.412828087806701660e-02 -8.320370316505432129e-02
1.811279207468032837e-01 -8.206997811794281006e-02 2.223719656467437744e-01 -2.409680001437664032e-02
1.577971428632736206e-01 -1.391750425100326538e-01 2.327791601419448853e-01 -4.596978798508644104e-02
2.066675126552581787e-01 -9.134339541196823120e-02 2.266371101140975952e-01 -7.328031212091445923e-02
3.974073231220245361e-01 1.856406591832637787e-02 1.330292224884033203e-01 -1.791486144065856934e-01
1.765924394130706787e-01 -1.191308423876762390e-01 2.390731126070022583e-01 -8.899234235286712646e-02
3.372862935066223145e-01 2.994241565465927124e-02 7.452738285064697266e-02 -1.445746235549449921e-02
2.786327600479125977e-01 -6.912823021411895752e-02 1.798401623964309692e-01 -5.351361632347106934e-02
3.348965346813201904e-01 -4.654175415635108948e-02 6.967264413833618164e-02 -1.232586205005645752e-01
3.796948790550231934e-01 -1.040799766778945923e-01 1.067708730697631836e-01 -2.091101370751857758e-02
3.116319775581359863e-01 -6.178995221853256226e-02 1.820472478866577148e-01 -5.749930441379547119e-02
1.857090741395950317e-01 -7.671111077070236206e-02 2.171331346035003662e-01 -1.089707911014556885e-01
2.193888872861862183e-01 -8.482109010219573975e-02 2.212222516536712646e-01 -7.493797689676284790e-02
2.450882047414779663e-01 -7.443498075008392334e-02 2.230556905269622803e-01 -6.199089810252189636e-02
1.950253099203109741e-01 -9.382088482379913330e-02 2.154000401496887207e-01 -8.451583236455917358e-02
2.734236419200897217e-01 -6.906884908676147461e-02 1.876278519630432129e-01 -5.212748423218727112e-02
2.745944559574127197e-01 -6.184710189700126648e-02 1.931979805231094360e-01 -5.234367400407791138e-02
1.710838973522186279e-01 -5.622896552085876465e-02 2.752682268619537354e-01 -3.373076021671295166e-02
2.103586494922637939e-01 -7.887540757656097412e-02 2.470995336771011353e-01 -8.705393224954605103e-02
1.663072593510150909e-02 1.211115643382072449e-01 1.905206888914108276e-01 -3.687992691993713379e-01
1.546283960342407227e-01 -1.201147958636283875e-01 2.812030017375946045e-01 -6.858988106250762939e-02
2.028252631425857544e-01 -9.195419400930404663e-02 2.373942583799362183e-01 -6.149575114250183105e-02
2.770905010402202606e-02 -3.791228532791137695e-01 2.651198208332061768e-01 -5.640922188758850098e-01
2.706340849399566650e-01 -9.834320098161697388e-02 1.846289634704589844e-01 -9.188071638345718384e-02
2.535801529884338379e-01 -7.496862858533859253e-02 2.199181616306304932e-01 -6.299502402544021606e-02
3.483109474182128906e-01 -2.931858599185943604e-01 -7.222994416952133179e-02 -1.290341764688491821e-01
1.584343761205673218e-01 -7.919298112392425537e-02 2.380706667900085449e-01 -8.595471084117889404e-02
3.577137589454650879e-01 2.130257710814476013e-02 1.089411377906799316e-01 -5.125541985034942627e-02
1.108638122677803040e-01 -1.071171313524246216e-01 2.438382506370544434e-01 -9.538041055202484131e-02
3.008229136466979980e-01 -4.452833905816078186e-02 1.721744835376739502e-01 -4.883502423763275146e-02
1.492789685726165771e-01 -9.247014671564102173e-02 2.063913643360137939e-01 -1.078076958656311035e-01
2.634777128696441650e-01 -6.922389566898345947e-02 2.114360779523849487e-01 -6.419704854488372803e-02
-1.069265380501747131e-01 -7.669823616743087769e-02 4.802050441503524780e-02 -3.148437142372131348e-01
1.515899449586868286e-01 -8.178890496492385864e-02 2.262213081121444702e-01 -5.191580578684806824e-02
7.171875983476638794e-02 -1.831768155097961426e-01 2.181403040885925293e-01 -1.005289331078529358e-01
2.567673921585083008e-01 -7.020217180252075195e-02 2.030647546052932739e-01 -6.694306433200836182e-02
1.954686641693115234e-01 -9.449016302824020386e-02 2.386795729398727417e-01 -7.434169203042984009e-02
3.056653738021850586e-01 -3.940630704164505005e-02 1.922752708196640015e-01 -8.257823437452316284e-02
2.751928567886352539e-01 -5.554571002721786499e-02 2.017917484045028687e-01 -3.916452825069427490e-02
3.132452666759490967e-01 -5.417558923363685608e-02 1.650172472000122070e-01 -6.779497116804122925e-02
3.179087936878204346e-01 -1.599524170160293579e-02 1.671059429645538330e-01 -6.241738051176071167e-02
1.559360623359680176e-01 -1.400799304246902466e-01 2.264126837253570557e-01 -1.258720159530639648e-01
2.390938848257064819e-01 -8.665894716978073120e-02 2.172185182571411133e-01 -4.844791442155838013e-02
3.035791814327239990e-01 -9.413869120180606842e-03 1.754766106605529785e-01 -5.523684620857238770e-02
1.880619674921035767e-01 -7.751649618148803711e-02 2.337235659360885620e-01 -7.985670119524002075e-02
1.452461034059524536e-01 -8.876007050275802612e-02 2.369476854801177979e-01 -2.153242565691471100e-02
3.240152001380920410e-01 1.258697062730789185e-01 -7.647445797920227051e-02 1.212575361132621765e-01
2.329595237970352173e-01 -8.174927532672882080e-02 2.458577901124954224e-01 -5.849144235253334045e-02
3.254840075969696045e-01 -2.255381494760513306e-01 -1.066077798604965210e-01 -3.458039136603474617e-03
3.038091659545898438e-01 -2.645202353596687317e-02 1.272008270025253296e-01 -5.856310948729515076e-02
3.323403000831604004e-01 -8.764434605836868286e-02 1.031793057918548584e-01 -4.915674682706594467e-03
1.908778697252273560e-01 -7.839436084032058716e-02 2.330218404531478882e-01 -5.148158967494964600e-02
2.573014497756958008e-01 -7.066266238689422607e-02 2.186719328165054321e-01 -6.239859014749526978e-02
2.407053858041763306e-01 -9.815151244401931763e-02 2.122780382633209229e-01 -7.711774110794067383e-02
1.276783496141433716e-01 -1.155588105320930481e-01 2.308577895164489746e-01 -6.628365069627761841e-02
1.230375990271568298e-01 -1.240474954247474670e-01 2.261628359556198120e-01 -4.074319452047348022e-02
3.156160712242126465e-01 -6.536077708005905151e-03 1.147288754582405090e-01 -7.910072803497314453e-02
-7.997064292430877686e-02 3.193841502070426941e-02 6.691553443670272827e-02 1.746954470872879028e-01
3.370045498013496399e-02 -2.904882431030273438e-01 2.673310935497283936e-01 3.365106284618377686e-01
9.752512723207473755e-02 -6.457592546939849854e-02 4.463599026203155518e-01 1.853242218494415283e-01
-1.594870686531066895e-01 -6.727595329284667969e-01 7.640866190195083618e-02 5.541996359825134277e-01
2.951195463538169861e-02 -5.767212063074111938e-02 2.806320786476135254e-01 -1.464064568281173706e-01
2.305155843496322632e-01 -7.942970842123031616e-02 2.248086631298065186e-01 -6.446736305952072144e-02
2.003619074821472168e-02 -4.322967529296875000e-01 2.809287011623382568e-01 2.095222771167755127e-01
-9.300091117620468140e-02 -4.460015892982482910e-01 6.916256994009017944e-02 1.630359739065170288e-01
1.279319524765014648e-01 -4.170835018157958984e-05 2.694201767444610596e-01 -9.754872322082519531e-02
-1.069744862616062164e-02 -1.766688972711563110e-01 2.599658071994781494e-01 3.141486644744873047e-01
1.446169465780258179e-01 -1.158803477883338928e-01 2.502255737781524658e-01 -8.976124972105026245e-02
2.403777986764907837e-01 -7.129335403442382812e-02 2.195038199424743652e-01 -6.568666547536849976e-02
3.439890444278717041e-01 -6.313186883926391602e-02 3.835901990532875061e-02 -1.237420812249183655e-01
3.021065294742584229e-01 -4.826855286955833435e-02 1.612837314605712891e-01 -6.418838351964950562e-02
2.542206645011901855e-01 -6.861428916454315186e-02 1.898147761821746826e-01 -6.777314841747283936e-02
5.125360935926437378e-02 -2.211522459983825684e-01 2.255637645721435547e-01 1.562438439577817917e-02
1.248884797096252441e-01 -1.336496770381927490e-01 2.428801655769348145e-01 -9.907493740320205688e-02
4.637282341718673706e-02 -1.648702844977378845e-02 2.228199988603591919e-01 -1.609419584274291992e-01
1.589920073747634888e-01 -7.498128712177276611e-02 2.311340421438217163e-01 -8.700386434793472290e-02
2.567025721073150635e-01 -7.022292166948318481e-02 2.044268995523452759e-01 -5.535517260432243347e-02
3.418012857437133789e-01 -1.050451397895812988e-01 7.333358377218246460e-02 -9.904840588569641113e-02
1.830779761075973511e-01 -1.064245402812957764e-01 2.390032857656478882e-01 -8.268017321825027466e-02
3.308728039264678955e-01 -7.151345908641815186e-02 7.056842744350433350e-02 -2.188224345445632935e-01
3.943916857242584229e-01 -1.759555786848068237e-01 -2.490686718374490738e-03 -2.180687487125396729e-01
2.979453802108764648e-01 -5.879299715161323547e-02 1.780483722686767578e-01 -5.510660633444786072e-02
2.711257338523864746e-01 -6.245806440711021423e-02 1.940708607435226440e-01 -7.309312373399734497e-02
2.705834805965423584e-01 -5.323491245508193970e-02 2.055712193250656128e-01 -6.840057671070098877e-02
7.766346633434295654e-02 -6.076088175177574158e-02 2.869516909122467041e-01 -1.667308956384658813e-01
1.935291439294815063e-01 -1.068494543433189392e-01 2.622167468070983887e-01 -7.728858292102813721e-02
3.731730878353118896e-01 -2.324763834476470947e-01 -1.134337782859802246e-01 3.384548127651214600e-01
1.797356009483337402e-01 -1.032835021615028381e-01 2.525179088115692139e-01 -5.251272395253181458e-02
2.237252593040466309e-01 -1.153910607099533081e-01 2.237083762884140015e-01 -6.947195529937744141e-02
1.996466964483261108e-01 -8.660216629505157471e-02 2.406580001115798950e-01 -8.836822211742401123e-02
3.317033648490905762e-01 -1.933770999312400818e-02 1.076063290238380432e-01 -7.125435024499893188e-02
2.290255725383758545e-01 -8.607344329357147217e-02 2.159046083688735962e-01 -6.555984169244766235e-02
2.866082787513732910e-01 -6.450118869543075562e-02 1.866223812103271484e-01 -6.902302801609039307e-02
3.171983063220977783e-01 -3.206668794155120850e-02 -5.496973916888237000e-02 1.545348763465881348e-01
3.121001720428466797e-01 -5.781439691781997681e-02 1.420097351074218750e-01 -7.008306682109832764e-02
4.180796742439270020e-01 3.508279100060462952e-02 1.351733207702636719e-01 -4.651805758476257324e-01
2.808206379413604736e-01 -6.850247085094451904e-02 1.928344368934631348e-01 -5.123553425073623657e-02
2.546777427196502686e-01 -7.261940091848373413e-02 1.912475377321243286e-01 -6.336636096239089966e-02
2.803223431110382080e-01 -7.278776913881301880e-02 1.668192744255065918e-01 -5.524268373847007751e-02
1.969381719827651978e-01 -8.511999994516372681e-02 2.440729886293411255e-01 -7.313553988933563232e-02
2.954019606113433838e-01 -5.047560110688209534e-02 1.432081162929534912e-01 -5.781101062893867493e-02
9.932812303304672241e-02 2.154667861759662628e-02 3.008935451507568359e-01 -1.367772072553634644e-01
1.277583241462707520e-01 -1.205659806728363037e-01 2.513376474380493164e-01 -1.064885556697845459e-01
1.625406444072723389e-01 -1.057333126664161682e-01 2.466865777969360352e-01 -1.104411482810974121e-01
3.059631288051605225e-01 -2.652215212583541870e-02 3.737455978989601135e-02 -2.011314928531646729e-01
1.000237315893173218e-01 -1.216761395335197449e-01 3.211133778095245361e-01 6.436408311128616333e-02
3.329532146453857422e-01 -8.408793061971664429e-02 1.348778605461120605e-01 -5.089438706636428833e-02
1.947690546512603760e-01 -8.843964338302612305e-02 2.338719516992568970e-01 -9.223415702581405640e-02
1.968164294958114624e-01 -8.054101467132568359e-02 2.445404827594757080e-01 -7.984580099582672119e-02
2.237972468137741089e-01 -8.012399077415466309e-02 2.174820154905319214e-01 -6.791625916957855225e-02
3.504465520381927490e-01 2.130052074790000916e-02 1.381479203701019287e-01 -7.988544180989265442e-03
3.199692666530609131e-01 -1.020293608307838440e-01 1.199830994009971619e-01 8.155314251780509949e-03
3.304994702339172363e-01 -5.456343665719032288e-02 6.149891018867492676e-02 -1.424823552370071411e-01
2.877801656723022461e-01 -5.196863040328025818e-02 1.712621301412582397e-01 -4.451094567775726318e-02
8.309042453765869141e-02 -1.228450536727905273e-01 2.746347486972808838e-01 -1.276626735925674438e-01
2.762319147586822510e-01 -6.121206656098365784e-02 1.912424266338348389e-01 -6.557031720876693726e-02
3.186387121677398682e-01 -5.106970295310020447e-02 9.333791583776473999e-02 2.461256645619869232e-02
3.269564807415008545e-01 -5.465695261955261230e-02 1.442202031612396240e-01 1.625287532806396484e-02
2.642486393451690674e-01 -1.240111738443374634e-01 -1.888486891984939575e-01 -1.842675060033798218e-01
-9.088697843253612518e-03 -1.700155287981033325e-01 2.331564575433731079e-01 -3.275515437126159668e-01
1.848999112844467163e-01 -9.577871114015579224e-02 2.472795099020004272e-01 -7.320179045200347900e-02
3.481422066688537598e-01 -7.078985124826431274e-02 8.685851842164993286e-02 -5.145299434661865234e-02
1.425266265869140625e-01 -1.054894924163818359e-01 2.457615733146667480e-01 -1.665198355913162231e-01
2.827262878417968750e-01 -6.982319802045822144e-02 -7.710289955139160156e-02 -3.429411724209785461e-02
2.899413406848907471e-01 -6.718291342258453369e-02 1.801173686981201172e-01 -6.106981262564659119e-02
3.600525856018066406e-01 2.130546271800994873e-01 1.214457601308822632e-01 1.861472278833389282e-01
3.044119477272033691e-01 -2.730007655918598175e-02 -1.273604948073625565e-02 -7.081090658903121948e-02
3.621715307235717773e-01 1.547157317399978638e-01 4.884565249085426331e-02 -5.013113468885421753e-02
3.506756722927093506e-01 -3.133550658822059631e-02 -1.213692128658294678e-02 -8.569044619798660278e-02
1.047132536768913269e-01 -1.735336184501647949e-01 2.189332693815231323e-01 -2.255567759275436401e-01
3.153651654720306396e-01 6.489494442939758301e-02 -3.362899646162986755e-02 -2.439472265541553497e-02
8.587104827165603638e-02 -1.578861027956008911e-01 1.824847012758255005e-01 -7.647105306386947632e-02
3.252405226230621338e-01 -2.781302630901336670e-01 6.344724446535110474e-02 9.017974138259887695e-02
2.400602251291275024e-01 -6.637559086084365845e-02 2.261378616094589233e-01 -6.365015357732772827e-02
2.979758083820343018e-01 -2.923667617142200470e-02 1.730926483869552612e-01 -6.880779564380645752e-02
2.063131779432296753e-01 -8.746109157800674438e-02 2.340610772371292114e-01 -5.836486071348190308e-02
6.252585351467132568e-02 -1.754837930202484131e-01 2.429247647523880005e-01 -8.907341212034225464e-02
3.262224197387695312e-01 -1.295649725943803787e-02 4.381778463721275330e-02 -2.110895467922091484e-03
3.003843426704406738e-01 -7.240247726440429688e-02 1.279358714818954468e-01 -9.302436560392379761e-02
-8.736597001552581787e-02 5.545324087142944336e-01 1.416767239570617676e-01 -1.826515793800354004e-01
2.013958841562271118e-01 -8.991977572441101074e-02 2.390667945146560669e-01 -6.434811651706695557e-02
2.994361519813537598e-01 -1.802745275199413300e-02 1.288144737482070923e-01 -4.427921399474143982e-02
6.599606573581695557e-02 -1.601178050041198730e-01 2.757532596588134766e-01 -9.037528187036514282e-02
9.746362268924713135e-02 -9.361857920885086060e-02 2.446753531694412231e-01 -5.535546224564313889e-03
-1.650250852108001709e-01 -5.018737912178039551e-01 3.935804218053817749e-02 -5.088528990745544434e-01
1.979813426733016968e-01 -1.014950275421142578e-01 2.600956261157989502e-01 -8.117649704217910767e-02
2.882588207721710205e-01 -4.433642700314521790e-02 1.847525686025619507e-01 -7.004632800817489624e-02
6.845529377460479736e-02 2.484814263880252838e-02 2.679406702518463135e-01 -9.883879125118255615e-02
2.684321403503417969e-01 -6.098951771855354309e-02 1.966792792081832886e-01 -7.060843706130981445e-02
2.628698647022247314e-01 -7.243245095014572144e-02 1.979856938123703003e-01 -5.922735854983329773e-02
1.333491802215576172e-01 -1.281445622444152832e-01 3.072904050350189209e-01 -3.046077489852905273e-01
2.492353320121765137e-01 -7.253223657608032227e-02 2.287094742059707642e-01 -6.449787318706512451e-02
3.650125861167907715e-01 3.667366132140159607e-02 6.970398128032684326e-02 -1.951968111097812653e-02
1.827028542757034302e-01 -8.686307072639465332e-02 2.392925024032592773e-01 -6.738001108169555664e-02
4.992160480469465256e-03 -1.091587916016578674e-01 1.824809610843658447e-01 -2.461612075567245483e-01
3.520195186138153076e-01 -2.383807115256786346e-02 1.255563795566558838e-01 -4.195807874202728271e-02
1.731105297803878784e-01 -8.968783169984817505e-02 2.336547374725341797e-01 -7.814469933509826660e-02
2.232040166854858398e-01 -8.045785129070281982e-02 2.303503900766372681e-01 -7.308927178382873535e-02
2.525314986705780029e-01 -8.776842057704925537e-02 1.897041499614715576e-01 -5.669738352298736572e-02
2.716441750526428223e-01 -8.112277090549468994e-02 1.881065815687179565e-01 -6.500431895256042480e-02
1.259151548147201538e-01 -1.222672238945960999e-01 2.575889229774475098e-01 -1.000726819038391113e-01
2.180228829383850098e-01 -7.724345475435256958e-02 2.485518604516983032e-01 -6.458613276481628418e-02
3.187034744769334793e-03 -3.550936281681060791e-01 1.816286146640777588e-01 -5.279790144413709641e-03
3.133166432380676270e-01 -6.106079369783401489e-02 1.684797704219818115e-01 -3.236362710595130920e-02
3.035857975482940674e-01 -5.748995020985603333e-02 1.437712907791137695e-01 -7.555488497018814087e-02
1.585531234741210938e-01 -7.317610830068588257e-02 2.299868762493133545e-01 -6.234827265143394470e-02
3.256852328777313232e-01 7.055597007274627686e-02 -2.276003360748291016e-04 6.100884079933166504e-02
1.896658688783645630e-01 -7.946860790252685547e-02 2.343321889638900757e-01 -8.693823218345642090e-02
2.203878462314605713e-01 -7.658926397562026978e-02 2.334898114204406738e-01 -7.282306998968124390e-02
1.417154669761657715e-01 -4.718758910894393921e-02 2.512533962726593018e-01 -3.839493915438652039e-02
3.130542635917663574e-01 -5.292668193578720093e-02 1.754788160324096680e-01 -4.963259398937225342e-02
3.711000382900238037e-01 -5.797513201832771301e-02 9.178593009710311890e-02 -1.830398291349411011e-01
-7.735633850097656250e-02 -2.743071503937244415e-02 8.596346527338027954e-02 -3.557396307587623596e-02
3.054327964782714844e-01 -1.246228348463773727e-02 7.767406105995178223e-02 -2.868115901947021484e-02
3.656074106693267822e-01 -7.006000727415084839e-02 -2.728491090238094330e-02 -1.367384493350982666e-01
3.278682827949523926e-01 3.189954906702041626e-02 2.096068859100341797e-02 -1.046126708388328552e-01
1.820292770862579346e-01 -9.913865476846694946e-02 2.524215579032897949e-01 -5.850810557603836060e-02
7.529370486736297607e-02 -9.042924642562866211e-02 1.911396682262420654e-01 -1.395829766988754272e-01
2.678299546241760254e-01 -6.517256796360015869e-02 2.046340703964233398e-01 -5.357198044657707214e-02
-7.811324298381805420e-02 2.289955168962478638e-01 1.340689361095428467e-01 -3.210397660732269287e-01
2.942759990692138672e-01 -4.543643817305564880e-02 1.694593727588653564e-01 -6.444566696882247925e-02
2.860194742679595947e-01 -6.164445355534553528e-02 1.576960831880569458e-01 -5.630506947636604309e-02
3.110873997211456299e-01 -5.588934570550918579e-02 1.490881294012069702e-01 -5.345844849944114685e-02
3.591969311237335205e-01 -1.226973012089729309e-01 4.085060954093933105e-02 -2.736483514308929443e-01
3.711071312427520752e-01 6.021841615438461304e-02 -8.391977846622467041e-02 6.625191122293472290e-02
2.968803606927394867e-02 -2.078514695167541504e-01 2.319679856300354004e-01 1.208643019199371338e-01
3.828417509794235229e-03 3.151945769786834717e-02 1.756139695644378662e-01 -3.654881715774536133e-01
3.626460209488868713e-02 -6.822704523801803589e-02 2.015839517116546631e-01 1.743435859680175781e-04
3.058147728443145752e-01 -7.232233136892318726e-02 1.745620071887969971e-01 -7.036903500556945801e-02
1.580538786947727203e-02 5.262952297925949097e-02 2.013580948114395142e-01 -2.216879576444625854e-01
1.832929998636245728e-01 -9.178839623928070068e-02 2.419640719890594482e-01 -5.534233525395393372e-02
3.964031338691711426e-01 1.455483734607696533e-01 5.732131749391555786e-02 -1.737632453441619873e-01
-4.242632910609245300e-02 2.297550290822982788e-01 9.879998862743377686e-02 -3.162527680397033691e-01
1.812790334224700928e-01 -9.375302493572235107e-02 2.397467046976089478e-01 -2.525859139859676361e-02
2.953225672245025635e-01 -5.661674588918685913e-02 1.576814055442810059e-01 -3.813443332910537720e-02
3.448641300201416016e-01 -5.398024246096611023e-02 1.685036420822143555e-01 -1.725566387176513672e-02
2.241458296775817871e-01 -7.915323972702026367e-02 2.087069451808929443e-01 -6.278218328952789307e-02
2.937401831150054932e-01 -4.950313270092010498e-02 1.450245827436447144e-01 -6.789533048868179321e-02
1.699614226818084717e-01 -7.376021146774291992e-02 2.543408870697021484e-01 -5.686917528510093689e-02
3.431953489780426025e-01 3.003395348787307739e-02 2.805159986019134521e-02 1.121326535940170288e-01
1.671417206525802612e-01 -1.151528805494308472e-01 2.204196155071258545e-01 -7.171431183815002441e-02
2.201166003942489624e-01 -1.009556129574775696e-01 2.269440144300460815e-01 -5.263404175639152527e-02
3.231843709945678711e-01 8.128783106803894043e-02 4.245667532086372375e-02 1.478589605540037155e-02
2.499250173568725586e-01 -6.735031306743621826e-02 2.003377974033355713e-01 -4.209511727094650269e-02
2.945039868354797363e-01 -3.862954303622245789e-02 1.764761358499526978e-01 -7.276043295860290527e-02
2.749387323856353760e-01 -6.686331331729888916e-02 2.043629884719848633e-01 -6.084341183304786682e-02
3.893070518970489502e-01 -8.585072308778762817e-02 -1.442781090736389160e-01 -5.262624025344848633e-01
3.717837482690811157e-02 -2.001347579061985016e-02 2.124548107385635376e-01 -2.305327951908111572e-01
3.188140988349914551e-01 2.332345582544803619e-02 1.265369802713394165e-01 -8.170192688703536987e-02
2.454963475465774536e-01 -7.196625322103500366e-02 2.214629352092742920e-01 -6.636886298656463623e-02
1.922305971384048462e-01 -8.284637331962585449e-02 2.424301207065582275e-01 -5.875779315829277039e-02
2.822123467922210693e-01 -4.546261206269264221e-02 1.935107260942459106e-01 -5.346470326185226440e-02
3.017939925193786621e-01 -4.670056328177452087e-02 1.845905184745788574e-01 -6.275644898414611816e-02
3.639823198318481445e-01 -3.482399135828018188e-02 6.230843067169189453e-02 -9.139845520257949829e-02
2.694503068923950195e-01 -6.636671721935272217e-02 1.791843175888061523e-01 -4.768542945384979248e-02
3.055180609226226807e-01 -7.654891163110733032e-02 1.586489081382751465e-01 1.823333906941115856e-03
2.024316042661666870e-01 -5.748318135738372803e-02 2.337918430566787720e-01 -5.376172065734863281e-02
3.589837551116943359e-01 -3.987390995025634766e-01 -6.834310945123434067e-03 1.000369191169738770e-01
3.352394104003906250e-01 -7.592188566923141479e-02 8.786077052354812622e-02 1.347968261688947678e-02
2.270541340112686157e-01 -7.582346349954605103e-02 2.201161086559295654e-01 -6.380996108055114746e-02
9.380861371755599976e-02 -2.025825381278991699e-01 3.338046073913574219e-01 1.444881707429885864e-01
2.287575006484985352e-01 -8.688284456729888916e-02 2.294774502515792847e-01 -6.798771768808364868e-02
2.851375639438629150e-01 -5.549981817603111267e-02 1.625173538923263550e-01 -5.595228448510169983e-02
4.744488894939422607e-01 -1.536257714033126831e-01 1.474870443344116211e-01 -1.354209240525960922e-02
3.577725589275360107e-01 4.877919703722000122e-02 1.174952238798141479e-01 -1.001240015029907227e-01
1.401692330837249756e-01 -9.409786015748977661e-02 2.506635189056396484e-01 -5.678356066346168518e-02
2.950276434421539307e-01 7.271284610033035278e-02 -7.534527778625488281e-02 1.403947323560714722e-01
7.583573460578918457e-02 -3.198933973908424377e-02 1.959135681390762329e-01 -2.217008173465728760e-01
4.818730801343917847e-02 -3.013836219906806946e-02 2.302946299314498901e-01 -1.250669956207275391e-01
3.524092137813568115e-01 1.562632061541080475e-02 1.633468568325042725e-01 -3.643449023365974426e-02
3.236628174781799316e-01 -3.282761573791503906e-01 -2.915928699076175690e-02 -1.119793802499771118e-01
3.221993446350097656e-01 -4.967905953526496887e-02 1.419125497341156006e-01 -5.183178186416625977e-02
3.293728530406951904e-01 -4.737195000052452087e-02 1.706454902887344360e-01 -7.443697750568389893e-02
3.207463324069976807e-01 -1.053390800952911377e-01 1.646384783089160919e-02 -1.785579025745391846e-01
1.481439918279647827e-01 -1.115450710058212280e-01 2.185632139444351196e-01 -1.231091395020484924e-01
2.791261076927185059e-01 -5.307075753808021545e-02 1.846832036972045898e-01 -3.218206763267517090e-02
3.343526422977447510e-01 -2.161598205566406250e-02 1.443157047033309937e-01 -1.511526703834533691e-01
3.259343504905700684e-01 2.752231061458587646e-02 4.160108789801597595e-02 6.594661623239517212e-02
1.570694446563720703e-01 -5.816190317273139954e-02 2.702502310276031494e-01 -3.221707791090011597e-02
1.122252941131591797e-01 -3.154879808425903320e-01 2.998206615447998047e-01 -2.976510822772979736e-01
2.074535936117172241e-01 -8.432876318693161011e-02 2.267261594533920288e-01 -5.698057264089584351e-02
2.030647248029708862e-01 -8.554250001907348633e-02 2.372232228517532349e-01 -8.059190213680267334e-02
1.812740862369537354e-01 -6.333988159894943237e-02 2.457886487245559692e-01 -8.987024426460266113e-02
3.210291266441345215e-01 -5.620581656694412231e-02 1.798718124628067017e-01 -2.481612563133239746e-02
2.174716740846633911e-01 -8.559386432170867920e-02 2.416485399007797241e-01 -4.113768041133880615e-02
3.840146958827972412e-02 -1.576438546180725098e-01 2.046831846237182617e-01 -2.855480909347534180e-01
3.309985995292663574e-01 -4.314988479018211365e-02 1.260720342397689819e-01 -7.753948122262954712e-02
2.568883895874023438e-01 -6.855504959821701050e-02 2.198373228311538696e-01 -5.679027736186981201e-02
2.761068642139434814e-01 -1.957870274782180786e-01 -6.569962203502655029e-02 -3.831274434924125671e-02
-2.065574750304222107e-02 -1.570584177970886230e-01 2.088068723678588867e-01 2.080707848072052002e-01
2.830806672573089600e-01 -5.563915893435478210e-02 1.335313022136688232e-01 -6.867226958274841309e-02
2.970968782901763916e-01 -5.923998728394508362e-02 1.909003555774688721e-01 -3.348778560757637024e-02
3.174872100353240967e-01 -1.897970587015151978e-02 1.205758973956108093e-01 -4.947435855865478516e-02
3.365314900875091553e-01 -1.191438734531402588e-01 1.989881321787834167e-02 5.862429365515708923e-02
2.711414992809295654e-01 -5.284469947218894958e-02 1.999496668577194214e-01 -5.456690490245819092e-02
9.156952053308486938e-02 -1.100248098373413086e-01 2.737048268318176270e-01 -5.600712448358535767e-02
6.313797831535339355e-02 -1.650530397891998291e-01 2.106561213731765747e-01 -3.276742249727249146e-02
2.695739865303039551e-01 -7.097021490335464478e-02 1.820080429315567017e-01 -4.773247241973876953e-02
9.290685504674911499e-02 -1.216929033398628235e-01 3.306557834148406982e-01 -2.247455716133117676e-02
2.599730491638183594e-01 -6.443276256322860718e-02 2.193359434604644775e-01 -6.545808911323547363e-02
3.123096525669097900e-01 3.452451899647712708e-02 9.703458845615386963e-02 -3.967231512069702148e-02
9.397370368242263794e-02 -1.347956359386444092e-01 2.394923716783523560e-01 -1.029705479741096497e-01
2.681517899036407471e-01 -6.322705745697021484e-02 2.086493372917175293e-01 -5.618828907608985901e-02
3.614474534988403320e-01 -5.557881295680999756e-02 1.403018683195114136e-01 -4.126582294702529907e-02
3.952795863151550293e-01 -1.725998520851135254e-02 6.614480167627334595e-02 -2.130147069692611694e-01
3.265363872051239014e-01 -1.300684064626693726e-01 -1.173212230205535889e-01 1.695267260074615479e-01
3.734912723302841187e-02 1.529950350522994995e-01 1.942642182111740112e-01 -8.199635148048400879e-02
2.631801962852478027e-01 -6.447713077068328857e-02 2.142949253320693970e-01 -6.530965119600296021e-02
1.744635850191116333e-01 -8.566005527973175049e-02 2.515887618064880371e-01 -5.711781233549118042e-02
2.847285270690917969e-01 -7.772783190011978149e-02 1.411773115396499634e-01 -8.311703056097030640e-02
1.833915859460830688e-01 -8.248208463191986084e-02 2.384777516126632690e-01 -6.732397526502609253e-02
2.368649840354919434e-01 -7.078681886196136475e-02 2.271299809217453003e-01 -6.899683922529220581e-02
9.495883435010910034e-02 5.430376622825860977e-03 2.463659346103668213e-01 -1.875901371240615845e-01
2.724566459655761719e-01 -7.752481102943420410e-02 2.068729996681213379e-01 -5.929866060614585876e-02
1.699544191360473633e-01 -7.821952551603317261e-02 2.506128251552581787e-01 -9.568161517381668091e-02
2.068353891372680664e-01 -7.281881570816040039e-02 2.377643138170242310e-01 -7.198402285575866699e-02
3.301988244056701660e-01 -2.001694589853286743e-02 3.689267858862876892e-02 -8.597996085882186890e-03
2.573919892311096191e-01 -5.955656617879867554e-02 2.089307159185409546e-01 -5.506940558552742004e-02
3.167225420475006104e-01 3.719252999871969223e-03 2.319751121103763580e-02 -8.045597374439239502e-02
3.075335323810577393e-01 9.500239975750446320e-03 3.318603336811065674e-02 -1.582729220390319824e-01
2.208732813596725464e-01 -7.940918952226638794e-02 2.172955423593521118e-01 -6.948149949312210083e-02
-4.675960540771484375e-02 1.514164078980684280e-02 1.538680344820022583e-01 -4.038701951503753662e-01
1.132024750113487244e-01 -2.824841141700744629e-01 3.071649968624114990e-01 -8.424697816371917725e-02
2.617098987102508545e-01 -5.627144128084182739e-02 1.898696422576904297e-01 -5.323112383484840393e-02
3.296795785427093506e-01 -4.741597175598144531e-02 5.155112594366073608e-02 -4.182506799697875977e-01
2.629119157791137695e-01 -7.013902068138122559e-02 2.062374204397201538e-01 -5.462487414479255676e-02
2.613200843334197998e-01 3.632753714919090271e-02 -2.732014656066894531e-01 -1.918698847293853760e-02
3.314712345600128174e-01 3.535941476002335548e-03 1.263329237699508667e-01 -1.022312715649604797e-01
2.524224817752838135e-01 -7.510825246572494507e-02 2.170588672161102295e-01 -5.718880519270896912e-02
3.255867660045623779e-01 1.371088344603776932e-02 1.201585382223129272e-01 -2.757551893591880798e-02
-4.905516654253005981e-02 -1.992283947765827179e-02 7.709809392690658569e-02 2.188505679368972778e-01
2.374489605426788330e-01 -7.099231332540512085e-02 2.099518030881881714e-01 -5.478336662054061890e-02
4.117082357406616211e-01 -1.772715151309967041e-01 2.880472876131534576e-02 -3.982006385922431946e-02
2.019650675356388092e-02 -2.967103384435176849e-02 1.918614655733108521e-01 -1.599997729063034058e-01
3.460158407688140869e-01 1.103846579790115356e-01 5.220181867480278015e-02 -2.789363265037536621e-01
3.192639350891113281e-01 -6.775557994842529297e-05 1.408734768629074097e-01 -5.530882254242897034e-02
1.415308415889739990e-01 -5.970716848969459534e-02 2.157943993806838989e-01 -1.298317164182662964e-01
1.528815031051635742e-01 -1.185856685042381287e-01 2.282426357269287109e-01 -1.204764693975448608e-01
2.778044044971466064e-01 -1.736456900835037231e-01 -1.219470202922821045e-01 -1.916874200105667114e-01
3.171195685863494873e-01 -3.254235535860061646e-02 7.432207465171813965e-02 -5.863399058580398560e-02
-2.884348630905151367e-01 3.793548345565795898e-01 -1.922162026166915894e-01 -2.661988735198974609e-01
2.841447293758392334e-01 -6.716652214527130127e-02 1.342717409133911133e-01 -6.426248699426651001e-02
3.581301867961883545e-01 -7.398103177547454834e-02 1.232971101999282837e-01 -1.349651813507080078e-02
8.517883718013763428e-02 -1.314024329185485840e-01 1.999596655368804932e-01 -2.039552628993988037e-01
2.283301055431365967e-01 -8.642224222421646118e-02 2.239997088909149170e-01 -6.083961203694343567e-02
5.671535804867744446e-02 -1.684092581272125244e-01 2.384903728961944580e-01 -7.977253943681716919e-02
-5.992892384529113770e-02 2.364335060119628906e-01 1.609321087598800659e-01 -2.766192257404327393e-01
1.099361553788185120e-01 -3.422054648399353027e-02 2.070387601852416992e-01 -8.759456872940063477e-02
2.984855771064758301e-01 -4.568128287792205811e-02 1.965082436800003052e-01 -7.935351133346557617e-02
1.322419047355651855e-01 -1.801683157682418823e-01 3.427747786045074463e-01 -1.009658277034759521e-01
3.250331580638885498e-01 -3.547991439700126648e-02 7.654243707656860352e-02 -1.754667311906814575e-01
-5.981367453932762146e-02 6.474719941616058350e-02 1.126918494701385498e-01 4.545129835605621338e-02
2.112973332405090332e-01 -8.464087545871734619e-02 2.458040267229080200e-01 -6.891942024230957031e-02
2.689855694770812988e-01 -5.606159567832946777e-02 1.910277307033538818e-01 -6.339287012815475464e-02
1.339999735355377197e-01 -6.615129858255386353e-02 2.683602571487426758e-01 -3.833125531673431396e-02
1.551314890384674072e-01 -8.792542666196823120e-02 2.799638807773590088e-01 -1.267787367105484009e-01
2.099087238311767578e-01 -5.652827024459838867e-02 2.315723150968551636e-01 -7.290097326040267944e-02
3.053852021694183350e-01 -5.224760994315147400e-02 1.772414445877075195e-01 -5.955770984292030334e-02
3.151363432407379150e-01 -5.619376152753829956e-02 1.240954175591468811e-01 -4.693224281072616577e-02
1.497926563024520874e-01 -7.148631662130355835e-02 2.320697605609893799e-01 -7.452330738306045532e-02
2.867993712425231934e-01 -6.085137650370597839e-02 1.817126423120498657e-01 -6.919977068901062012e-02
3.262767791748046875e-01 -9.350494365207850933e-04 1.689812093973159790e-01 1.608489267528057098e-02
3.467819988727569580e-01 -9.889172017574310303e-02 -5.835891887545585632e-02 4.084433987736701965e-02
2.535299025475978851e-02 -2.584236860275268555e-01 1.778007149696350098e-01 1.782289147377014160e-01
4.871123656630516052e-02 1.064822077751159668e-02 1.984898895025253296e-01 -6.474028527736663818e-02
2.394473999738693237e-01 -7.306143641471862793e-02 2.019354254007339478e-01 -7.173364609479904175e-02
2.397514432668685913e-01 -7.734526693820953369e-02 2.318628579378128052e-01 -6.743943691253662109e-02
3.493417501449584961e-01 -2.576038241386413574e-02 8.509042859077453613e-02 -7.435845583677291870e-02
1.011461094021797180e-01 -1.546676829457283020e-02 2.692736685276031494e-01 5.919347330927848816e-02
2.571471333503723145e-01 -7.194992154836654663e-02 2.096133977174758911e-01 -6.867694109678268433e-02
2.470824569463729858e-01 -8.382796496152877808e-02 2.025348693132400513e-01 -4.672478139400482178e-02
2.148310840129852295e-01 -8.084756880998611450e-02 2.272634208202362061e-01 -5.643441900610923767e-02
3.418906927108764648e-01 6.348125636577606201e-02 2.809457108378410339e-02 5.714060738682746887e-02
3.130842149257659912e-01 -7.843618094921112061e-02 5.316315591335296631e-02 -1.379014104604721069e-01
1.055653318762779236e-01 -1.089461147785186768e-01 1.898927539587020874e-01 -7.285970449447631836e-02
1.045977547764778137e-01 -2.698485925793647766e-02 2.481476366519927979e-01 -8.499835431575775146e-02
2.444083690643310547e-01 -7.716792076826095581e-02 2.332668006420135498e-01 -6.488029658794403076e-02
3.287788033485412598e-01 -7.293669134378433228e-02 -1.976143382489681244e-02 -1.131790950894355774e-01
5.476385951042175293e-01 9.208336472511291504e-02 2.436144053936004639e-01 2.839592099189758301e-01
2.979852259159088135e-01 -1.191511154174804688e-01 8.315847069025039673e-02 -3.174153342843055725e-02
3.775032460689544678e-01 3.713069260120391846e-01 7.640010863542556763e-02 -4.741246253252029419e-02
8.790460973978042603e-02 -2.218095958232879639e-01 2.701511085033416748e-01 1.544156372547149658e-01
2.095981985330581665e-01 -9.086690098047256470e-02 2.431578338146209717e-01 -8.610927313566207886e-02
3.465351462364196777e-01 -2.162210643291473389e-01 -2.768879942595958710e-02 3.920914530754089355e-01
7.463751733303070068e-02 -8.133321069180965424e-03 3.782005310058593750e-01 -4.822794198989868164e-01
2.050275206565856934e-01 -6.714832037687301636e-02 2.263741493225097656e-01 -9.852965176105499268e-02
3.305223286151885986e-01 -5.339691042900085449e-02 1.285257488489151001e-01 -6.794393062591552734e-02
1.931201219558715820e-01 -8.772327750921249390e-02 2.510919570922851562e-01 -4.145060852169990540e-02
2.556355595588684082e-01 -7.690583914518356323e-02 2.057583779096603394e-01 -6.772705167531967163e-02
1.280277818441390991e-01 -1.626376062631607056e-01 2.588150203227996826e-01 -6.010556221008300781e-02
1.888115257024765015e-01 -9.644638746976852417e-02 2.263777256011962891e-01 -7.809526473283767700e-02
2.476258128881454468e-01 -7.179941982030868530e-02 2.122511118650436401e-01 -5.399077013134956360e-02
3.625181615352630615e-01 2.581987082958221436e-01 6.906683743000030518e-02 8.062990009784698486e-02
1.858929544687271118e-01 -6.878224015235900879e-02 2.244994044303894043e-01 -8.064318448305130005e-02
1.924324035644531250e-01 -9.250349551439285278e-02 2.447481453418731689e-01 -8.490228652954101562e-02
3.256249427795410156e-01 -2.601426839828491211e-02 1.599271148443222046e-01 -5.361716449260711670e-02
2.956959903240203857e-01 -4.772810265421867371e-02 1.385058015584945679e-01 -7.056950032711029053e-02
3.064122982323169708e-02 -2.615663707256317139e-01 1.752213090658187866e-01 -3.882860243320465088e-01
3.706794977188110352e-01 1.624874174594879150e-01 -1.532617863267660141e-02 3.007802069187164307e-01
3.991372585296630859e-01 1.445077806711196899e-01 1.138417869806289673e-01 1.181452870368957520e-01
-1.659561321139335632e-02 2.645033001899719238e-01 1.529422104358673096e-01 1.323465108871459961e-01
9.441929869353771210e-03 -3.024384379386901855e-01 1.504539847373962402e-01 1.266739517450332642e-02
3.447327315807342529e-01 -1.254911422729492188e-01 1.327559500932693481e-01 -5.528024211525917053e-02
3.083525300025939941e-01 -2.822200767695903778e-02 -1.076533272862434387e-01 -3.471407592296600342e-01
1.819995492696762085e-01 -9.949547052383422852e-02 2.135569453239440918e-01 -5.539355799555778503e-02
3.502396941184997559e-01 3.402786329388618469e-03 7.123108953237533569e-02 -1.174548417329788208e-01
2.566346526145935059e-01 -5.957810208201408386e-02 1.904349625110626221e-01 -4.524757340550422668e-02
1.987873464822769165e-01 -8.688367158174514771e-02 2.408286482095718384e-01 -7.237759232521057129e-02
3.345664441585540771e-01 -4.370095208287239075e-03 2.550284191966056824e-02 -1.699639260768890381e-01
2.564009428024291992e-01 -7.067054510116577148e-02 2.167486101388931274e-01 -5.915804207324981689e-02
3.406971693038940430e-01 -1.250995974987745285e-02 1.082270219922065735e-01 -8.263430744409561157e-02
7.613316178321838379e-02 -1.515103727579116821e-01 3.340277373790740967e-01 1.884406954050064087e-01
2.675880193710327148e-01 -6.989637017250061035e-02 1.896457076072692871e-01 -6.561894714832305908e-02
2.458796799182891846e-01 -6.882674247026443481e-02 1.854032427072525024e-01 -5.980810523033142090e-02
2.485418319702148438e-01 -7.346767932176589966e-02 2.033395916223526001e-01 -6.156816333532333374e-02
3.160338848829269409e-02 -7.895431667566299438e-02 2.875306904315948486e-01 1.489417850971221924e-01
3.223774135112762451e-01 -1.278019743040204048e-03 9.889095276594161987e-02 -5.260127410292625427e-02
2.857611775398254395e-01 -5.334218218922615051e-02 1.350182294845581055e-01 -6.318540126085281372e-02
2.157559990882873535e-01 -6.289488822221755981e-02 1.938314735889434814e-01 -5.665790289640426636e-02
2.795469164848327637e-01 -6.374569982290267944e-02 1.962445229291915894e-01 -6.397967040538787842e-02
3.145801723003387451e-01 -3.862266987562179565e-02 1.561916619539260864e-01 -4.025404900312423706e-02
-2.166422754526138306e-01 -2.339367270469665527e-01 4.247432947158813477e-01 -1.800590604543685913e-01
2.032284736633300781e-01 -8.905862271785736084e-02 2.412141710519790649e-01 -8.433894068002700806e-02
2.290066778659820557e-01 -8.014058321714401245e-02 2.340046316385269165e-01 -6.471962481737136841e-02
1.574452221393585205e-01 -1.454328000545501709e-01 2.377153486013412476e-01 -1.142022386193275452e-01
3.260485231876373291e-01 -4.465907439589500427e-02 1.229158043861389160e-01 -8.067967742681503296e-02
3.117409348487854004e-01 -8.159802854061126709e-02 1.205799654126167297e-01 -1.151126548647880554e-01
3.418372571468353271e-01 2.428251206874847412e-01 4.813441261649131775e-02 7.633773982524871826e-02
1.712049245834350586e-01 -7.307220250368118286e-02 2.433412820100784302e-01 -8.557548373937606812e-02
1.657106280326843262e-01 -7.683596760034561157e-02 2.570477426052093506e-01 -6.151679903268814087e-02
2.288919538259506226e-01 -7.939096540212631226e-02 2.684734761714935303e-01 -8.908825367689132690e-02
2.096636891365051270e-01 -2.621057629585266113e-01 -3.493343889713287354e-01 -2.279906272888183594e-01
4.579451680183410645e-02 -1.816324740648269653e-01 2.799285352230072021e-01 2.095869183540344238e-02
4.421637952327728271e-01 2.286223024129867554e-01 1.855698078870773315e-01 -6.274972856044769287e-02
1.231577992439270020e-01 -1.117903441190719604e-01 2.214061766862869263e-01 1.775971986353397369e-02
3.270749747753143311e-01 -8.083927631378173828e-02 1.356382966041564941e-01 -4.170856252312660217e-02
2.595597207546234131e-01 -6.908363848924636841e-02 2.037267684936523438e-01 -5.839046090841293335e-02
3.233491480350494385e-01 -5.925654992461204529e-02 1.391263902187347412e-01 -4.417851567268371582e-02
3.119586706161499023e-01 1.354144811630249023e-01 -1.007303670048713684e-01 -2.747259736061096191e-01
1.200300380587577820e-01 -1.828430593013763428e-01 2.887229919433593750e-01 1.286466419696807861e-01
1.614533811807632446e-01 -9.197437018156051636e-02 2.314438819885253906e-01 -1.087636128067970276e-01
9.966732561588287354e-02 -9.999327361583709717e-02 2.982805073261260986e-01 -2.606030106544494629e-01
2.679463028907775879e-01 -9.325812011957168579e-02 1.658823788166046143e-01 -6.189411506056785583e-02
3.401480615139007568e-01 2.107376419007778168e-02 2.744088508188724518e-02 -3.887354955077171326e-02
1.824021786451339722e-01 -8.655536174774169922e-02 2.514801919460296631e-01 -8.999375253915786743e-02
1.110020838677883148e-02 4.640914499759674072e-02 2.872091829776763916e-01 -6.524471938610076904e-02
3.158304691314697266e-01 -9.703287482261657715e-02 1.320399343967437744e-01 -1.950118131935596466e-02
2.885695695877075195e-01 -5.206928402185440063e-02 1.661923676729202271e-01 -5.758396163582801819e-02
1.143924146890640259e-02 1.425008922815322876e-01 3.620805740356445312e-01 -4.747370481491088867e-01
2.525207996368408203e-01 -7.310279458761215210e-02 2.003012001514434814e-01 -5.852568894624710083e-02
3.728668093681335449e-01 -9.657591581344604492e-02 7.361290603876113892e-02 -2.557660080492496490e-02
1.864144355058670044e-01 -7.470589131116867065e-02 2.219258546829223633e-01 -1.171247810125350952e-01
2.181309312582015991e-01 -8.861166238784790039e-02 2.211727797985076904e-01 -6.447564065456390381e-02
3.894280493259429932e-01 5.847296863794326782e-02 8.429054915904998779e-02 -3.326899707317352295e-01
2.365328222513198853e-01 -6.988520175218582153e-02 2.205409407615661621e-01 -6.004008650779724121e-02
2.344560176134109497e-01 -7.844169437885284424e-02 2.070846557617187500e-01 -6.480417400598526001e-02
1.839719712734222412e-01 -7.686399668455123901e-02 2.190554440021514893e-01 -9.372876584529876709e-02
3.128800988197326660e-01 -7.570247352123260498e-02 1.704410016536712646e-01 -2.066815644502639771e-02
2.680590748786926270e-01 -6.687444448471069336e-02 1.944388449192047119e-01 -5.401088669896125793e-02
1.724140793085098267e-01 -6.663770973682403564e-02 2.452908903360366821e-01 -6.793717294931411743e-02
2.684028446674346924e-01 -1.834672689437866211e-01 -1.946439594030380249e-01 2.584674656391143799e-01
2.382916063070297241e-01 -7.317400723695755005e-02 2.272092998027801514e-01 -4.796177893877029419e-02
3.756272792816162109e-01 1.267717778682708740e-01 1.353003680706024170e-01 1.129836961627006531e-02
1.687124967575073242e-01 -9.303467720746994019e-02 2.440571933984756470e-01 -7.680968940258026123e-02
1.581709831953048706e-01 -1.213583126664161682e-01 2.386891841888427734e-01 -1.094387620687484741e-01
3.231610953807830811e-01 -6.045118719339370728e-02 1.089248508214950562e-01 -2.838835120201110840e-02
2.043013125658035278e-01 -8.597525209188461304e-02 2.318101674318313599e-01 -5.783278122544288635e-02
2.911708652973175049e-01 -4.709085822105407715e-02 1.023456603288650513e-01 -7.963910698890686035e-02
3.519620895385742188e-01 1.951470226049423218e-01 -4.574684426188468933e-02 -2.981195449829101562e-01
1.973381787538528442e-01 -7.464119791984558105e-02 2.391435205936431885e-01 -6.134118512272834778e-02
1.299674808979034424e-01 -5.848098918795585632e-02 2.075964957475662231e-01 -7.969776540994644165e-02
7.164997607469558716e-02 -1.260804831981658936e-01 3.627218604087829590e-01 -3.701348006725311279e-01
3.174071907997131348e-01 -2.275277860462665558e-02 1.860279142856597900e-01 -5.293518677353858948e-02
1.923361122608184814e-01 -7.080156356096267700e-02 2.444806247949600220e-01 -7.571122795343399048e-02
3.534840345382690430e-01 1.890464872121810913e-01 5.032939836382865906e-02 -1.676981747150421143e-01
3.501975834369659424e-01 -5.515169352293014526e-03 2.602080628275871277e-02 -1.080224663019180298e-01
3.181046843528747559e-01 -2.893373928964138031e-02 8.880438655614852905e-02 -1.391649842262268066e-01
1.497625559568405151e-01 -5.340564623475074768e-02 2.657853960990905762e-01 -1.094655133783817291e-02
3.966813087463378906e-01 -3.611387312412261963e-02 1.780379712581634521e-01 1.039276197552680969e-01
2.312860935926437378e-01 -7.710057497024536133e-02 2.213486135005950928e-01 -7.262904196977615356e-02
2.579020261764526367e-01 -9.120531380176544189e-02 2.049188017845153809e-01 -4.889772832393646240e-02
8.068040013313293457e-02 -1.381214559078216553e-01 2.035992443561553955e-01 -1.297655552625656128e-01
2.351728826761245728e-01 -9.380174428224563599e-02 2.046634107828140259e-01 -6.625169515609741211e-02
2.589738070964813232e-01 -8.205993473529815674e-02 1.928221583366394043e-01 -7.036606967449188232e-02
3.213711977005004883e-01 -1.287792995572090149e-02 1.397757828235626221e-01 -1.353869885206222534e-01
1.769408285617828369e-01 -8.852802962064743042e-02 2.399044632911682129e-01 -7.762359827756881714e-02
3.329199552536010742e-01 3.643183736130595207e-03 1.046062856912612915e-01 -7.559781521558761597e-02
3.652304708957672119e-01 3.573247417807579041e-02 1.147797703742980957e-01 -1.428603008389472961e-02
3.561112880706787109e-01 -7.688573747873306274e-02 8.812825195491313934e-03 -8.798488229513168335e-02
2.726159095764160156e-01 -6.090261787176132202e-02 1.790214627981185913e-01 -6.097827106714248657e-02
3.582543134689331055e-01 -2.524542808532714844e-01 -6.324584782123565674e-02 -1.010298379696905613e-03
-1.874303258955478668e-02 -4.538868367671966553e-01 2.141069024801254272e-01 -4.059128761291503906e-01
2.806946635246276855e-01 -6.398034095764160156e-02 1.670458465814590454e-01 -7.105357944965362549e-02
-7.665310055017471313e-02 1.590489596128463745e-01 4.860398173332214355e-02 -3.039126694202423096e-01
2.979458272457122803e-01 -5.564730241894721985e-02 1.519725620746612549e-01 -3.240755572915077209e-02
1.871174424886703491e-01 -7.771343737840652466e-02 2.614074051380157471e-01 -8.870388567447662354e-02
1.693164370954036713e-02 7.519905269145965576e-02 1.582140177488327026e-01 -1.768141537904739380e-01
3.061373829841613770e-01 -1.120101958513259888e-01 1.157475635409355164e-01 -6.892218440771102905e-02
1.700371205806732178e-01 -9.664617478847503662e-02 2.514471411705017090e-01 -9.324167668819427490e-02
2.328539937734603882e-01 -7.614195346832275391e-02 2.197342067956924438e-01 -6.680041551589965820e-02
-2.122578769922256470e-01 -3.044790327548980713e-01 -3.881802037358283997e-02 -1.943778842687606812e-01
1.105706170201301575e-01 -8.118576556444168091e-02 2.624604701995849609e-01 -5.470073223114013672e-02
1.787201464176177979e-01 -7.649851590394973755e-02 2.329078465700149536e-01 -7.416285574436187744e-02
2.915737628936767578e-01 -5.025317147374153137e-02 1.768824607133865356e-01 -6.702949106693267822e-02
3.773744702339172363e-01 3.454040884971618652e-01 6.635364145040512085e-02 2.072148472070693970e-01
3.539018332958221436e-01 3.104832023382186890e-02 1.174854263663291931e-01 1.233012322336435318e-02
3.261539340019226074e-01 6.892433762550354004e-02 7.528363168239593506e-02 -7.155035436153411865e-02
2.857561707496643066e-01 -5.066798627376556396e-02 1.632671952247619629e-01 -5.873135849833488464e-02
-9.752349555492401123e-02 -1.040575280785560608e-01 5.139509215950965881e-02 9.331872314214706421e-02
3.284876048564910889e-01 1.768446713685989380e-01 8.842937648296356201e-03 2.353105694055557251e-02
3.132805526256561279e-01 -4.650397598743438721e-02 1.776398569345474243e-01 -6.371740996837615967e-02
1.125758439302444458e-01 -1.194896921515464783e-01 1.895851641893386841e-01 -1.556117832660675049e-01
3.491699695587158203e-01 -2.605002932250499725e-02 1.282570660114288330e-01 -8.641321212053298950e-02
2.874385714530944824e-01 -5.599186569452285767e-02 1.562045663595199585e-01 -5.240623652935028076e-02
2.560620903968811035e-01 -7.692942768335342407e-02 2.030597180128097534e-01 -5.390376225113868713e-02
2.175952196121215820e-01 -8.315078169107437134e-02 2.523349225521087646e-01 -6.713021546602249146e-02
3.153761923313140869e-01 -2.231083810329437256e-02 1.781304627656936646e-01 -3.451117500662803650e-02
2.294598668813705444e-01 -6.822793930768966675e-02 2.385174632072448730e-01 -6.678391993045806885e-02
2.084975093603134155e-01 -8.474759757518768311e-02 2.502431571483612061e-01 -7.706595212221145630e-02
3.967781662940979004e-01 -3.093779087066650391e-04 1.705999076366424561e-01 -1.091951951384544373e-01
2.189210355281829834e-01 -7.986135780811309814e-02 2.161984443664550781e-01 -6.466694921255111694e-02
3.038302063941955566e-01 -4.604846239089965820e-02 1.451661437749862671e-01 -5.311219021677970886e-02
3.123058080673217773e-01 -1.691455692052841187e-01 4.293210804462432861e-02 -2.011940479278564453e-01
-2.192851901054382324e-02 -1.123579069972038269e-01 1.323712021112442017e-01 -1.096716076135635376e-01
2.517782449722290039e-01 -6.175699830055236816e-02 2.083662152290344238e-01 -6.722719967365264893e-02
3.312292098999023438e-01 7.446917891502380371e-02 8.059694617986679077e-02 -1.483059674501419067e-02
1.878519356250762939e-01 -1.162264123558998108e-01 2.423284500837326050e-01 -6.898144632577896118e-02
3.203667402267456055e-01 -7.256300002336502075e-02 1.197276040911674500e-01 -8.376903831958770752e-02
3.236903250217437744e-01 3.096434473991394043e-02 -8.560247719287872314e-02 -2.202227264642715454e-01
1.929331421852111816e-01 -6.968525797128677368e-02 2.685212492942810059e-01 -3.822742775082588196e-02
3.261817693710327148e-01 -1.242067106068134308e-02 1.203825399279594421e-01 -5.096104368567466736e-02
3.401638269424438477e-01 4.904558509588241577e-02 1.325037479400634766e-01 -2.035904116928577423e-02
5.421131476759910583e-02 -2.143800258636474609e-01 2.062809616327285767e-01 1.510368194431066513e-02
2.713764905929565430e-01 -4.471487179398536682e-02 1.748563498258590698e-01 -6.980625540018081665e-02
2.365800440311431885e-01 -8.265128731727600098e-02 2.045089602470397949e-01 -6.420701742172241211e-02
2.827201485633850098e-01 -7.564784586429595947e-02 1.560303419828414917e-01 -7.465797662734985352e-02
1.245886236429214478e-01 -6.781855225563049316e-02 2.701799869537353516e-01 -5.543384701013565063e-02
9.582334011793136597e-02 -8.951464295387268066e-02 2.300237417221069336e-01 -1.070875003933906555e-01
2.786782085895538330e-01 -5.136360228061676025e-02 2.039078474044799805e-01 -1.002689972519874573e-01
1.360912322998046875e-01 -6.467197090387344360e-02 2.487790882587432861e-01 1.790342852473258972e-03
2.337059527635574341e-01 -7.122270762920379639e-02 2.210729569196701050e-01 -5.917894840240478516e-02
3.650889992713928223e-01 1.593614183366298676e-02 1.069997474551200867e-01 1.064463481307029724e-01
2.833510935306549072e-01 -7.728803157806396484e-02 2.007221281528472900e-01 -5.672554671764373779e-02
2.235665172338485718e-01 -7.911411672830581665e-02 2.121123373508453369e-01 -7.313711196184158325e-02
2.450116127729415894e-01 -7.593045383691787720e-02 2.286126762628555298e-01 -6.105912104249000549e-02
1.445569545030593872e-01 -1.299394220113754272e-01 2.287443727254867554e-01 -6.897174566984176636e-02
3.402580320835113525e-01 -7.962587289512157440e-03 8.251950889825820923e-02 -7.447954267263412476e-02
2.462864667177200317e-01 -6.893153488636016846e-02 2.290878593921661377e-01 -6.455598026514053345e-02
1.793301850557327271e-01 -7.624299079179763794e-02 2.343880832195281982e-01 -8.481588959693908691e-02
2.374440729618072510e-01 -7.935315370559692383e-02 2.420699894428253174e-01 -6.233360618352890015e-02
3.893199861049652100e-01 -1.225953996181488037e-01 4.063541442155838013e-02 1.604262292385101318e-01
2.173510789871215820e-01 -8.333712071180343628e-02 2.193617969751358032e-01 -6.552793830633163452e-02
3.431387543678283691e-01 1.678064763545989990e-01 7.558608800172805786e-02 -2.490335702896118164e-01
1.809402704238891602e-01 -9.979442507028579712e-02 2.094143480062484741e-01 -6.012611091136932373e-02
2.960871756076812744e-01 -1.977880857884883881e-02 8.369460701942443848e-02 -1.158934682607650757e-01
3.166288733482360840e-01 -1.273386776447296143e-01 8.356688171625137329e-02 -5.030083004385232925e-03
1.244250759482383728e-01 -7.385821640491485596e-02 2.686777114868164062e-01 -7.395814359188079834e-02
2.632533609867095947e-01 -1.483442932367324829e-01 -3.084300458431243896e-01 2.438809275627136230e-01
1.551017612218856812e-01 -2.389918416738510132e-01 3.061879575252532959e-01 -7.716359943151473999e-02
1.361055672168731689e-01 -6.679476052522659302e-02 2.218436300754547119e-01 -6.897667050361633301e-02
3.694853484630584717e-01 2.041010856628417969e-01 1.153520718216896057e-01 5.799256637692451477e-02
3.235585391521453857e-01 -4.369240254163742065e-02 -6.606855429708957672e-03 -1.084118261933326721e-01
3.796060755848884583e-02 -2.328091301023960114e-02 1.549389958381652832e-01 -7.432598620653152466e-02
-3.659798298031091690e-03 -1.868686079978942871e-02 1.880728602409362793e-01 -3.088659048080444336e-01
1.012567356228828430e-01 -1.167070567607879639e-01 2.338082492351531982e-01 -1.110905781388282776e-01
3.607023954391479492e-01 -5.917722731828689575e-02 6.836535036563873291e-02 2.595791360363364220e-03
3.680689493194222450e-03 -2.171425670385360718e-01 1.902635097503662109e-01 -3.745082318782806396e-01
2.840869426727294922e-01 -6.442902237176895142e-02 1.829200237989425659e-01 -4.413441941142082214e-02
2.891646139323711395e-02 1.547772586345672607e-01 2.823947370052337646e-01 -9.307180345058441162e-02
3.146691918373107910e-01 -6.413902342319488525e-02 1.603334844112396240e-01 -5.526196956634521484e-02
4.214029908180236816e-01 -3.490682542324066162e-01 3.810052061453461647e-03 3.194772005081176758e-01
4.033989608287811279e-01 -8.414126187562942505e-02 5.400240421295166016e-02 -2.376711964607238770e-01
5.513729900121688843e-02 -1.228817924857139587e-01 2.544886171817779541e-01 -2.494335770606994629e-01
2.666181623935699463e-01 -6.422764807939529419e-02 1.944561600685119629e-01 -5.499177053570747375e-02
1.044079661369323730e-01 -1.203751638531684875e-01 1.704276651144027710e-01 4.845338687300682068e-02
2.563438713550567627e-01 -6.613241881132125854e-02 1.990980058908462524e-01 -5.189541727304458618e-02
3.039068281650543213e-01 -3.806374967098236084e-02 1.633132249116897583e-01 -6.238957867026329041e-02
1.358014047145843506e-01 -7.904805988073348999e-02 2.225713729858398438e-01 -7.040746510028839111e-02
1.989992111921310425e-01 -9.459754079580307007e-02 2.340251356363296509e-01 -8.600582927465438843e-02
2.120874077081680298e-01 -8.248701691627502441e-02 2.488914728164672852e-01 -7.451599091291427612e-02
1.487810164690017700e-01 -2.824918180704116821e-02 3.081064224243164062e-01 -8.357576280832290649e-02
4.117520153522491455e-01 -1.644269675016403198e-01 6.074436008930206299e-02 2.048215866088867188e-01
-1.559947524219751358e-02 -3.477867841720581055e-01 1.511917710304260254e-01 7.275204360485076904e-02
2.245364785194396973e-01 -7.986083626747131348e-02 2.246946245431900024e-01 -8.078896999359130859e-02
1.094928383827209473e-01 -1.151849851012229919e-01 2.381101548671722412e-01 1.224373187869787216e-02
3.881468474864959717e-01 -7.693236321210861206e-02 5.767924711108207703e-02 5.641571804881095886e-02
2.377461940050125122e-01 -7.391835749149322510e-02 2.339713126420974731e-01 -6.705527007579803467e-02
2.539465427398681641e-01 -7.798884809017181396e-02 2.047645449638366699e-01 -7.086887955665588379e-02
2.820895612239837646e-01 -6.113874912261962891e-02 2.018440216779708862e-01 -5.897518992424011230e-02
1.709927320480346680e-01 -4.940685257315635681e-02 2.655400931835174561e-01 -6.996577978134155273e-02
2.810087502002716064e-01 -2.097092568874359131e-02 -7.560387998819351196e-02 5.783639103174209595e-02
2.891583144664764404e-01 -4.655092209577560425e-02 1.656683683395385742e-01 -4.380202293395996094e-02
2.037991285324096680e-01 -7.421861588954925537e-02 2.381763905286788940e-01 -8.250388503074645996e-02
3.099983930587768555e-01 2.054942697286605835e-01 -1.465918272733688354e-01 -8.930937200784683228e-02
-1.741115562617778778e-02 -6.661590188741683960e-02 1.088835075497627258e-01 -1.035184934735298157e-01
2.204580605030059814e-01 -8.380687981843948364e-02 2.408878505229949951e-01 -7.014454156160354614e-02
2.677937448024749756e-01 -7.999298721551895142e-02 2.222135514020919800e-01 -6.194345653057098389e-02
1.328152567148208618e-01 -7.322225719690322876e-02 2.228676676750183105e-01 -1.092559620738029480e-01
2.834569513797760010e-01 -6.194766983389854431e-02 2.083330452442169189e-01 -5.269790813326835632e-02
2.218640595674514771e-01 -7.137878984212875366e-02 2.379355877637863159e-01 -6.293176859617233276e-02
3.593801259994506836e-01 3.594956593587994576e-03 1.109474524855613708e-01 -9.469790756702423096e-02
9.686257690191268921e-02 -1.743224859237670898e-01 2.650829255580902100e-01 -1.684755235910415649e-01
4.150217771530151367e-01 1.209601666778326035e-02 3.643340244889259338e-02 3.471889197826385498e-01
3.253417611122131348e-01 5.990446731448173523e-02 3.319386020302772522e-02 -3.885472938418388367e-02
2.599228620529174805e-01 -6.710978597402572632e-02 2.100580185651779175e-01 -5.397068336606025696e-02
2.884206175804138184e-01 -5.956059694290161133e-02 1.863266527652740479e-01 -6.218440085649490356e-02
-4.341888427734375000e-02 -2.376069724559783936e-01 8.208425343036651611e-02 5.189179792068898678e-04
1.125884726643562317e-01 -4.912095889449119568e-02 2.604205012321472168e-01 -5.825876817107200623e-02
2.871509492397308350e-01 -6.555268913507461548e-02 1.821831613779067993e-01 -5.172400921583175659e-02
3.721918463706970215e-01 -1.007899865508079529e-01 2.559038996696472168e-02 1.754796691238880157e-02
3.124030232429504395e-01 -2.527904510498046875e-02 1.444531083106994629e-01 -6.170648336410522461e-02
2.858174741268157959e-01 -4.819157719612121582e-02 1.824477910995483398e-01 -3.358322754502296448e-02
3.374025225639343262e-01 5.760104581713676453e-02 6.692571192979812622e-02 -7.200887054204940796e-02
4.195228964090347290e-02 1.445212364196777344e-01 2.512428462505340576e-01 -3.044499158859252930e-01
2.009890675544738770e-01 -8.586107939481735229e-02 2.279958426952362061e-01 -7.643923163414001465e-02
3.083091378211975098e-01 -5.497973412275314331e-02 -1.693852841854095459e-01 -2.034497857093811035e-01
2.507117688655853271e-01 -6.236307695508003235e-02 2.295909672975540161e-01 -6.560450047254562378e-02
2.642972767353057861e-01 -6.958863884210586548e-02 1.942116469144821167e-01 -6.623032689094543457e-02
2.881550192832946777e-01 -6.365874409675598145e-02 1.985415518283843994e-01 -5.329082533717155457e-02
6.981154531240463257e-02 -7.035543769598007202e-02 1.939838081598281860e-01 -9.678094089031219482e-02
1.123177409172058105e-01 3.071507206186652184e-03 3.286491930484771729e-01 -2.325565516948699951e-01
2.978489995002746582e-01 -2.142112143337726593e-02 1.201029717922210693e-01 -1.733798347413539886e-02
3.329190611839294434e-01 -1.062053292989730835e-01 1.311497241258621216e-01 -1.278801541775465012e-02
3.014662489295005798e-02 -5.117069929838180542e-02 2.786881923675537109e-01 -3.538185060024261475e-01
3.821606636047363281e-01 4.596661031246185303e-02 2.236019819974899292e-03 -3.774782642722129822e-02
2.341980934143066406e-01 -8.079406619071960449e-02 2.196753770112991333e-01 -6.935203820466995239e-02
2.922948896884918213e-01 -5.852527171373367310e-02 1.897755861282348633e-01 -5.273939669132232666e-02
1.119357869029045105e-01 -7.779846340417861938e-02 2.536261677742004395e-01 -1.528475582599639893e-01
2.993084788322448730e-01 -6.676051020622253418e-02 1.438241899013519287e-01 -6.415651738643646240e-02
3.131878972053527832e-01 -3.515719249844551086e-02 1.411193460226058960e-01 -8.994925767183303833e-02
1.273737847805023193e-01 -2.132199890911579132e-02 2.876603901386260986e-01 -1.141820028424263000e-01
2.723118364810943604e-01 -7.307888567447662354e-02 1.893165856599807739e-01 -5.575257912278175354e-02
3.131663203239440918e-01 -4.522366821765899658e-02 2.018150836229324341e-01 -5.934972688555717468e-02
2.754092812538146973e-01 -6.097286939620971680e-02 1.970071792602539062e-01 -6.294785439968109131e-02
2.301579862833023071e-01 -8.152608573436737061e-02 1.881301403045654297e-01 -9.587999433279037476e-02
3.048499822616577148e-01 -5.534707382321357727e-02 8.630017191171646118e-02 -1.802171766757965088e-02
2.777336835861206055e-01 -6.090159714221954346e-02 1.898375451564788818e-01 -7.524255663156509399e-02
3.594075739383697510e-01 7.377389073371887207e-02 5.757907405495643616e-02 1.431230306625366211e-01
3.194287121295928955e-01 -6.916023790836334229e-02 1.630576401948928833e-01 -6.230819597840309143e-02
3.574706614017486572e-01 2.998086810111999512e-01 -8.279018849134445190e-02 -8.198798447847366333e-02
3.674614727497100830e-01 1.483843624591827393e-01 8.910904824733734131e-02 6.713545322418212891e-02
2.315694540739059448e-01 -7.051160931587219238e-02 2.304481118917465210e-01 -5.457611754536628723e-02
1.642644703388214111e-01 -5.907183513045310974e-02 2.584860920906066895e-01 -3.845942392945289612e-02
2.603852748870849609e-01 -6.290990114212036133e-02 1.895298361778259277e-01 -5.606657266616821289e-02
2.230249941349029541e-01 -8.370622992515563965e-02 2.261725664138793945e-01 -6.896661221981048584e-02
2.902534604072570801e-01 -5.901810154318809509e-02 1.300543397665023804e-01 -7.082837074995040894e-02
3.065699040889739990e-01 -9.045383334159851074e-02 1.873106062412261963e-01 4.525405541062355042e-02
3.224204778671264648e-01 -3.075012937188148499e-02 1.199253350496292114e-01 -4.549546167254447937e-02
2.223913818597793579e-01 -8.880139887332916260e-02 2.225152403116226196e-01 -6.782088428735733032e-02
1.360644847154617310e-01 -1.016275659203529358e-01 2.379003018140792847e-01 -1.200885623693466187e-01
2.110909670591354370e-01 -7.829926908016204834e-02 2.401207238435745239e-01 -7.445212453603744507e-02
7.262968271970748901e-02 -1.090474650263786316e-01 2.349379509687423706e-01 -9.174498170614242554e-02
3.104308247566223145e-01 -3.564846515655517578e-02 1.645273566246032715e-01 -8.384899795055389404e-02
9.742282330989837646e-02 -1.843038648366928101e-01 2.397415041923522949e-01 -1.131473407149314880e-01
1.951758116483688354e-01 -8.416661620140075684e-02 2.400619238615036011e-01 -7.833930104970932007e-02
1.156116873025894165e-01 -1.428117156028747559e-01 2.074819952249526978e-01 -1.753735393285751343e-01
-1.595656275749206543e-01 -3.862413763999938965e-01 7.827172428369522095e-02 2.024154961109161377e-01
9.429664909839630127e-02 -2.031936198472976685e-01 3.005874454975128174e-01 -2.041798382997512817e-01
2.301969081163406372e-01 -7.781068235635757446e-02 2.141019254922866821e-01 -6.634031981229782104e-02
3.043747544288635254e-01 8.786386251449584961e-02 -8.311010897159576416e-02 6.953607499599456787e-02
2.084244936704635620e-01 -7.976613938808441162e-02 2.320035696029663086e-01 -6.856965273618698120e-02
2.982530593872070312e-01 -2.289874665439128876e-02 1.755466759204864502e-01 -7.719837874174118042e-02
3.432950973510742188e-01 -1.950901560485363007e-02 -1.387599706649780273e-01 -4.780270457267761230e-01
1.659448146820068359e-01 -1.068005487322807312e-01 2.725671827793121338e-01 -6.649748980998992920e-02
2.218683958053588867e-01 -7.016498595476150513e-02 2.019906789064407349e-01 -7.105805724859237671e-02
3.303651809692382812e-01 2.531138248741626740e-02 1.150391250848770142e-01 -2.938364073634147644e-02
3.612937629222869873e-01 -1.997775025665760040e-02 1.293524950742721558e-01 -4.840151965618133545e-02
2.725878357887268066e-01 -3.472592234611511230e-01 -1.630803495645523071e-01 -2.475876510143280029e-01
2.542926073074340820e-01 -7.595872879028320312e-02 2.235124558210372925e-01 -6.196792051196098328e-02
2.936405241489410400e-01 -6.303450465202331543e-02 1.756369918584823608e-01 -3.686562553048133850e-02
1.252556145191192627e-01 -1.324430555105209351e-01 1.814865320920944214e-01 -9.585672616958618164e-02
2.686084508895874023e-01 -7.401806116104125977e-02 1.899154931306838989e-01 -5.588344857096672058e-02
5.674136430025100708e-02 -2.155435681343078613e-01 1.905999481678009033e-01 -2.481580525636672974e-01
3.420174419879913330e-01 5.908758193254470825e-02 -3.381430357694625854e-02 2.633065879344940186e-01
5.094346404075622559e-02 -1.485596895217895508e-01 1.855875998735427856e-01 -5.381951853632926941e-02
2.142198830842971802e-01 -7.915724068880081177e-02 2.303084433078765869e-01 -7.285884767770767212e-02
3.360422849655151367e-01 -3.387808054685592651e-02 1.787606626749038696e-01 -1.102432608604431152e-02
2.471961826086044312e-01 -6.469552963972091675e-02 1.975735574960708618e-01 -4.249325022101402283e-02
-3.939433395862579346e-02 4.506083950400352478e-02 7.695924490690231323e-02 5.681220069527626038e-02
2.692930996417999268e-01 -3.209385275840759277e-02 1.568146646022796631e-01 -9.952800720930099487e-02
3.167708516120910645e-01 -8.854184299707412720e-02 9.779555350542068481e-02 -8.865956217050552368e-02
3.212692737579345703e-01 -1.092208623886108398e-01 6.447605788707733154e-02 -1.128502190113067627e-01
4.393182694911956787e-01 1.515168547630310059e-01 9.137602150440216064e-02 1.712341755628585815e-01
2.758933603763580322e-01 -5.781063809990882874e-02 1.986797153949737549e-01 -5.816476419568061829e-02
1.431163307279348373e-02 -2.495912909507751465e-01 1.337096989154815674e-01 -1.639019697904586792e-01
3.147891759872436523e-01 -7.728353887796401978e-02 7.612185925245285034e-02 -2.066578418016433716e-01
1.515362262725830078e-01 -2.200439870357513428e-01 2.568809092044830322e-01 -1.239778660237789154e-02
1.416805684566497803e-01 -1.478045135736465454e-01 2.605281472206115723e-01 -5.944821611046791077e-02
2.816970646381378174e-01 5.036005377769470215e-02 -1.319586634635925293e-01 -3.180854320526123047e-01
3.972297906875610352e-01 8.355768024921417236e-02 9.442824870347976685e-02 -6.137905269861221313e-02
2.428304255008697510e-01 -7.990876585245132446e-02 1.955193728208541870e-01 -5.306984111666679382e-02
2.889627516269683838e-01 -4.146984964609146118e-02 1.799099296331405640e-01 -5.498422309756278992e-02
2.603709697723388672e-01 -7.459956407546997070e-02 2.255707979202270508e-01 -6.353424489498138428e-02
3.924620449542999268e-01 -2.210178673267364502e-01 4.969033971428871155e-02 -2.534115919843316078e-03
2.987043857574462891e-01 -6.087435036897659302e-02 1.671211719512939453e-01 -5.474854260683059692e-02
-1.160246226936578751e-02 -1.543902456760406494e-01 7.964230328798294067e-02 -1.580041944980621338e-01
2.097617089748382568e-01 -1.000372767448425293e-01 2.532391250133514404e-01 -7.504519075155258179e-02
3.393586277961730957e-01 -1.406893134117126465e-01 2.175569534301757812e-05 -2.145156115293502808e-01
1.589323878288269043e-01 -9.029109776020050049e-02 2.578424811363220215e-01 -6.791115552186965942e-02
2.699605226516723633e-01 -5.831934884190559387e-02 1.714349985122680664e-01 -7.508857548236846924e-02
2.211337685585021973e-01 -6.656952202320098877e-02 2.361975759267807007e-01 -7.354563474655151367e-02
1.619550883769989014e-01 -8.566616475582122803e-02 2.590233385562896729e-01 -1.025279983878135681e-01
1.272041350603103638e-01 -1.462803930044174194e-01 2.548401653766632080e-01 -7.560034096240997314e-02
2.741425335407257080e-01 -5.817050114274024963e-02 1.938765943050384521e-01 -4.283657297492027283e-02
2.994262874126434326e-01 -6.500765681266784668e-02 1.742498576641082764e-01 -5.509373918175697327e-02
8.036021888256072998e-02 -2.401373535394668579e-01 3.138195276260375977e-01 6.839764770120382309e-03
1.038486585021018982e-01 -2.581840455532073975e-01 3.016089797019958496e-01 -1.584114581346511841e-01
1.042092144489288330e-01 -1.035742089152336121e-01 2.388377338647842407e-01 -8.053952455520629883e-02
3.166728094220161438e-02 1.182119324803352356e-01 3.358447849750518799e-01 -9.291955828666687012e-02
3.110681176185607910e-01 -6.263850629329681396e-02 8.298085629940032959e-02 -5.963490530848503113e-02
2.726026475429534912e-01 -6.621230393648147583e-02 1.993875354528427124e-01 -5.663731694221496582e-02
3.198797702789306641e-01 -5.893038213253021240e-02 1.339783221483230591e-01 -4.405694827437400818e-02
3.234581947326660156e-01 -5.166297405958175659e-02 1.539146006107330322e-01 -6.007156148552894592e-02
2.450183629989624023e-01 -6.998318433761596680e-02 1.880313456058502197e-01 -7.400698959827423096e-02
2.348907291889190674e-02 -2.832446992397308350e-01 2.057585269212722778e-01 -1.476407051086425781e-04
3.067805171012878418e-01 -3.271310031414031982e-02 1.543168425559997559e-01 -7.113812118768692017e-02
2.971610426902770996e-01 -6.183832138776779175e-02 1.957896053791046143e-01 -6.262883543968200684e-02
3.960563242435455322e-01 1.296348422765731812e-01 3.029081225395202637e-02 -8.684083074331283569e-02
4.076052606105804443e-01 -1.777092218399047852e-01 7.535161077976226807e-02 9.828201681375503540e-02
1.853402554988861084e-01 -5.897658318281173706e-02 2.196909636259078979e-01 -3.979847580194473267e-02
1.380001008510589600e-01 -1.008832305669784546e-01 2.372993230819702148e-01 -1.098360791802406311e-01
3.785537481307983398e-01 -3.920542541891336441e-03 8.820424228906631470e-02 3.584919869899749756e-02
2.460777461528778076e-01 -6.759572774171829224e-02 2.331712096929550171e-01 -6.835691630840301514e-02
-2.011191993951797485e-01 2.844393551349639893e-01 -9.557902812957763672e-02 -3.252642452716827393e-01
