4.055783748626708984e-01
3.283877968788146973e-01
4.155101180076599121e-01
3.018645644187927246e-01
3.083773255348205566e-01
3.423975706100463867e-01
4.357399046421051025e-01
3.915046155452728271e-01
3.590201437473297119e-01
4.380044639110565186e-01
3.193702995777130127e-01
3.744688332080841064e-01
3.877566456794738770e-01
3.629880249500274658e-01
3.362257182598114014e-01
4.297202527523040771e-01
3.280457854270935059e-01
3.706330358982086182e-01
3.741702437400817871e-01
3.885169923305511475e-01
4.087186157703399658e-01
3.948592245578765869e-01
3.465111553668975830e-01
3.943613469600677490e-01
3.433257937431335449e-01
2.879295349121093750e-01
4.154755473136901855e-01
4.147801995277404785e-01
3.971355855464935303e-01
4.991286695003509521e-01
3.373256325721740723e-01
3.017788231372833252e-01
2.686485350131988525e-01
4.041443169116973877e-01
2.550014257431030273e-01
3.199944198131561279e-01
4.265702664852142334e-01
3.447006046772003174e-01
4.287849962711334229e-01
3.384737372398376465e-01
3.108972907066345215e-01
3.147122263908386230e-01
4.337140321731567383e-01
3.213939070701599121e-01
3.323761522769927979e-01
3.604829609394073486e-01
3.605886399745941162e-01
3.847185075283050537e-01
3.657849133014678955e-01
3.559390306472778320e-01
3.031800687313079834e-01
3.350521624088287354e-01
2.963259518146514893e-01
3.222306668758392334e-01
3.116775155067443848e-01
3.344562947750091553e-01
3.654026091098785400e-01
4.446219205856323242e-01
4.212311208248138428e-01
3.483005166053771973e-01
3.526241481304168701e-01
3.098746538162231445e-01
3.622370064258575439e-01
3.316991031169891357e-01
4.319373071193695068e-01
2.944851219654083252e-01
3.802440464496612549e-01
4.269703030586242676e-01
3.269690573215484619e-01
3.551133275032043457e-01
3.662379682064056396e-01
3.379413187503814697e-01
4.220761060714721680e-01
4.110498726367950439e-01
3.771845400333404541e-01
3.923098742961883545e-01
3.768453001976013184e-01
3.222249150276184082e-01
2.786762714385986328e-01
2.915365695953369141e-01
3.816057443618774414e-01
3.758161664009094238e-01
3.333439826965332031e-01
3.126319944858551025e-01
2.639418244361877441e-01
2.909058630466461182e-01
3.153323531150817871e-01
2.846285998821258545e-01
3.197688758373260498e-01
3.598679006099700928e-01
2.986651957035064697e-01
3.598125874996185303e-01
3.773944675922393799e-01
3.953231871128082275e-01
3.252569437026977539e-01
3.010711669921875000e-01
3.903809189796447754e-01
4.224722683429718018e-01
3.124324381351470947e-01
3.244163990020751953e-01
3.662897944450378418e-01
3.987974524497985840e-01
3.397710621356964111e-01
4.105129837989807129e-01
1.906836479902267456e-01
3.745994567871093750e-01
3.105500936508178711e-01
3.395150303840637207e-01
3.530410528182983398e-01
3.163074553012847900e-01
4.153349399566650391e-01
3.883501589298248291e-01
2.990099489688873291e-01
2.809933423995971680e-01
4.329917728900909424e-01
3.530279397964477539e-01
3.829255402088165283e-01
3.449452221393585205e-01
3.457319736480712891e-01
3.347402215003967285e-01
2.834546267986297607e-01
2.835978865623474121e-01
2.843978404998779297e-01
3.794692754745483398e-01
3.627052307128906250e-01
4.020492434501647949e-01
3.670675158500671387e-01
3.428496718406677246e-01
3.998048007488250732e-01
3.622918426990509033e-01
3.303470313549041748e-01
2.962890267372131348e-01
3.372758328914642334e-01
3.346327543258666992e-01
3.046138584613800049e-01
3.723687827587127686e-01
4.437280893325805664e-01
3.471733629703521729e-01
4.135851860046386719e-01
4.129535853862762451e-01
2.577944993972778320e-01
2.688243389129638672e-01
3.035746216773986816e-01
2.694583535194396973e-01
3.495356142520904541e-01
3.494964540004730225e-01
3.297604918479919434e-01
3.501212298870086670e-01
3.741482794284820557e-01
3.703483045101165771e-01
4.056621789932250977e-01
3.156797885894775391e-01
3.613850176334381104e-01
4.277160763740539551e-01
3.636445403099060059e-01
3.778637051582336426e-01
3.216955959796905518e-01
2.746224701404571533e-01
3.573882877826690674e-01
3.250295221805572510e-01
2.998774647712707520e-01
3.573793470859527588e-01
3.642966151237487793e-01
3.755752146244049072e-01
3.048229813575744629e-01
3.630350828170776367e-01
2.816145718097686768e-01
4.200170040130615234e-01
3.166114985942840576e-01
3.837879598140716553e-01
4.451069533824920654e-01
2.562509477138519287e-01
2.870468199253082275e-01
2.750651240348815918e-01
3.769962787628173828e-01
3.396794497966766357e-01
4.397768080234527588e-01
2.856781780719757080e-01
2.978513836860656738e-01
4.263297617435455322e-01
3.518705070018768311e-01
3.541153371334075928e-01
3.093423247337341309e-01
2.964640259742736816e-01
3.596613109111785889e-01
3.069029152393341064e-01
3.204205930233001709e-01
2.993027567863464355e-01
3.106696903705596924e-01
4.126113653182983398e-01
3.418898880481719971e-01
3.126016557216644287e-01
3.571856617927551270e-01
4.383608698844909668e-01
2.916922569274902344e-01
4.012424051761627197e-01
3.753434717655181885e-01
2.830789387226104736e-01
3.569032847881317139e-01
3.631134629249572754e-01
4.018793702125549316e-01
3.751924335956573486e-01
2.944043576717376709e-01
2.978898882865905762e-01
4.402620196342468262e-01
3.088730573654174805e-01
2.381380647420883179e-01
3.751910626888275146e-01
4.248031973838806152e-01
3.782214224338531494e-01
3.988723754882812500e-01
3.607016205787658691e-01
4.010556042194366455e-01
2.924474477767944336e-01
2.941869497299194336e-01
3.760750591754913330e-01
4.105024337768554688e-01
3.609254956245422363e-01
2.667188942432403564e-01
3.590908050537109375e-01
3.973931074142456055e-01
3.393338620662689209e-01
3.830210268497467041e-01
3.955398797988891602e-01
3.176326751708984375e-01
3.198088705539703369e-01
4.075955152511596680e-01
4.287106692790985107e-01
3.884583413600921631e-01
3.089050054550170898e-01
2.827767431735992432e-01
3.041171133518218994e-01
3.965397477149963379e-01
3.890114724636077881e-01
3.077539205551147461e-01
3.830648064613342285e-01
4.313772320747375488e-01
2.893372476100921631e-01
3.772355020046234131e-01
3.898493647575378418e-01
4.361143410205841064e-01
3.287362158298492432e-01
3.190721273422241211e-01
3.369079828262329102e-01
4.200116395950317383e-01
3.242688775062561035e-01
4.108343422412872314e-01
3.693497180938720703e-01
4.096209704875946045e-01
4.181080758571624756e-01
3.804709613323211670e-01
3.316605985164642334e-01
3.421950638294219971e-01
3.504623770713806152e-01
3.352387249469757080e-01
3.661823868751525879e-01
3.655703067779541016e-01
3.157424032688140869e-01
3.348870873451232910e-01
2.822579443454742432e-01
3.090866506099700928e-01
3.336298167705535889e-01
2.719755172729492188e-01
3.656261265277862549e-01
3.536756932735443115e-01
4.356642067432403564e-01
3.182704448699951172e-01
4.115269780158996582e-01
3.005889952182769775e-01
3.788557946681976318e-01
3.209798038005828857e-01
3.584561944007873535e-01
2.644442021846771240e-01
3.177826404571533203e-01
2.915781140327453613e-01
3.577652871608734131e-01
3.310058712959289551e-01
3.765495419502258301e-01
3.644050061702728271e-01
3.846381008625030518e-01
3.860007822513580322e-01
3.195901811122894287e-01
3.492860496044158936e-01
3.792485594749450684e-01
3.294978439807891846e-01
3.134910166263580322e-01
4.336104393005371094e-01
3.424316346645355225e-01
4.355654120445251465e-01
3.885076045989990234e-01
4.024635255336761475e-01
3.300950527191162109e-01
3.552149534225463867e-01
3.506652712821960449e-01
3.092772066593170166e-01
3.072432875633239746e-01
3.954433202743530273e-01
2.679571211338043213e-01
2.713982164859771729e-01
2.602591812610626221e-01
2.562303543090820312e-01
2.678489983081817627e-01
3.451598882675170898e-01
2.641941308975219727e-01
2.662789225578308105e-01
3.023916482925415039e-01
2.578561305999755859e-01
3.113464117050170898e-01
3.494549691677093506e-01
4.180874824523925781e-01
3.812859356403350830e-01
3.591845929622650146e-01
2.839029431343078613e-01
3.055551052093505859e-01
2.836281657218933105e-01
3.195242881774902344e-01
3.574313521385192871e-01
4.105783104896545410e-01
3.267901837825775146e-01
4.078002572059631348e-01
4.406161606311798096e-01
3.763844668865203857e-01
3.643121123313903809e-01
3.619403541088104248e-01
2.822565734386444092e-01
3.263723850250244141e-01
4.481492042541503906e-01
3.227000534534454346e-01
3.429969847202301025e-01
3.319282531738281250e-01
4.024909436702728271e-01
3.462149202823638916e-01
3.709512650966644287e-01
4.244989752769470215e-01
3.884624838829040527e-01
4.240092933177947998e-01
3.677100837230682373e-01
3.591024875640869141e-01
3.722968995571136475e-01
3.306146264076232910e-01
3.822698295116424561e-01
2.869626879692077637e-01
3.055402338504791260e-01
3.181726038455963135e-01
4.059410691261291504e-01
2.823667228221893311e-01
3.964437246322631836e-01
3.319673240184783936e-01
3.304856717586517334e-01
3.444725871086120605e-01
4.034236669540405273e-01
3.946277201175689697e-01
4.095265865325927734e-01
3.742949068546295166e-01
2.859595417976379395e-01
3.665555119514465332e-01
3.996382057666778564e-01
3.932283818721771240e-01
4.307190477848052979e-01
2.644455730915069580e-01
3.257179558277130127e-01
4.111381471157073975e-01
3.115741610527038574e-01
4.175098538398742676e-01
3.732197582721710205e-01
4.121050536632537842e-01
4.146212041378021240e-01
4.256190657615661621e-01
4.297704994678497314e-01
3.041307926177978516e-01
4.224044084548950195e-01
3.027674257755279541e-01
4.041976332664489746e-01
3.483327329158782959e-01
3.778112232685089111e-01
3.353746533393859863e-01
2.844805419445037842e-01
4.114671647548675537e-01
3.860872983932495117e-01
2.614375352859497070e-01
3.329899013042449951e-01
3.869635164737701416e-01
2.803753018379211426e-01
2.947942614555358887e-01
2.451600730419158936e-01
3.284535706043243408e-01
3.720906674861907959e-01
2.834331095218658447e-01
3.630986809730529785e-01
3.606478273868560791e-01
2.985901236534118652e-01
3.508121669292449951e-01
4.207777380943298340e-01
3.264826238155364990e-01
2.773277461528778076e-01
4.058425426483154297e-01
3.244138062000274658e-01
3.418247699737548828e-01
3.584723472595214844e-01
3.653226792812347412e-01
3.035762012004852295e-01
3.369357287883758545e-01
2.761728763580322266e-01
3.839300274848937988e-01
3.851720988750457764e-01
3.194652795791625977e-01
4.205841124057769775e-01
3.297894001007080078e-01
3.404826223850250244e-01
3.097741901874542236e-01
3.825783729553222656e-01
4.177836477756500244e-01
2.671103477478027344e-01
3.982643187046051025e-01
4.363682866096496582e-01
4.169170856475830078e-01
3.238965570926666260e-01
2.982057929039001465e-01
3.613290488719940186e-01
2.624900639057159424e-01
3.771577477455139160e-01
3.759665489196777344e-01
3.869053125381469727e-01
4.223439395427703857e-01
4.498194456100463867e-01
2.754178345203399658e-01
2.809964120388031006e-01
2.827831506729125977e-01
3.797669410705566406e-01
2.782125174999237061e-01
3.261705636978149414e-01
4.345366358757019043e-01
2.797965109348297119e-01
3.255335688591003418e-01
3.794121444225311279e-01
3.952981233596801758e-01
3.458909690380096436e-01
3.811887502670288086e-01
3.193425238132476807e-01
4.205224514007568359e-01
3.245449662208557129e-01
3.413615524768829346e-01
4.121823608875274658e-01
3.560972809791564941e-01
3.758623301982879639e-01
3.636227548122406006e-01
4.596716165542602539e-01
2.826615571975708008e-01
3.943061232566833496e-01
3.508791625499725342e-01
3.290758430957794189e-01
3.681626319885253906e-01
3.769257664680480957e-01
4.207611680030822754e-01
3.660861849784851074e-01
3.824673295021057129e-01
3.341044187545776367e-01
4.255154728889465332e-01
4.063593745231628418e-01
3.448527455329895020e-01
2.786270976066589355e-01
3.436670899391174316e-01
3.749583363533020020e-01
4.423623085021972656e-01
4.097124934196472168e-01
3.096150159835815430e-01
4.215268194675445557e-01
2.994715571403503418e-01
2.817313373088836670e-01
3.993338644504547119e-01
4.202007651329040527e-01
3.920926451683044434e-01
3.892675936222076416e-01
4.137320220470428467e-01
3.184877038002014160e-01
3.685625493526458740e-01
3.959881067276000977e-01
4.119817316532135010e-01
3.115139007568359375e-01
2.933741509914398193e-01
3.369333446025848389e-01
3.338662981986999512e-01
3.249987661838531494e-01
3.840488493442535400e-01
3.376686275005340576e-01
2.839245796203613281e-01
3.983422815799713135e-01
3.548055887222290039e-01
4.117979705333709717e-01
2.631155550479888916e-01
3.796882033348083496e-01
3.737997114658355713e-01
3.942828476428985596e-01
4.180369377136230469e-01
3.632944524288177490e-01
2.881686985492706299e-01
2.899894714355468750e-01
3.656981885433197021e-01
2.789714336395263672e-01
3.560008704662322998e-01
3.978510200977325439e-01
2.957327961921691895e-01
3.607490062713623047e-01
4.062854945659637451e-01
4.305577278137207031e-01
4.360857009887695312e-01
2.867561578750610352e-01
3.579889237880706787e-01
3.209698200225830078e-01
3.786993026733398438e-01
3.268828690052032471e-01
3.471651077270507812e-01
2.957606613636016846e-01
3.622177243232727051e-01
3.200980722904205322e-01
3.351352214813232422e-01
4.144106805324554443e-01
3.569681644439697266e-01
4.122782051563262939e-01
4.076458811759948730e-01
3.434042334556579590e-01
2.667827606201171875e-01
2.900733649730682373e-01
3.620823025703430176e-01
4.093773066997528076e-01
3.593330085277557373e-01
4.445755481719970703e-01
3.990054726600646973e-01
3.537248075008392334e-01
3.976031839847564697e-01
2.768790125846862793e-01
3.500354290008544922e-01
4.408765137195587158e-01
2.801670134067535400e-01
4.170759022235870361e-01
3.917174935340881348e-01
3.166097104549407959e-01
3.180615901947021484e-01
4.222180843353271484e-01
4.028820991516113281e-01
2.512727975845336914e-01
3.796323835849761963e-01
4.079037010669708252e-01
3.001585304737091064e-01
3.448349535465240479e-01
2.831590771675109863e-01
2.630071640014648438e-01
3.064793050289154053e-01
3.731329739093780518e-01
2.904410064220428467e-01
4.052646160125732422e-01
2.687093317508697510e-01
3.350628018379211426e-01
3.642885088920593262e-01
3.042401969432830811e-01
3.096340596675872803e-01
3.372399806976318359e-01
3.793755173683166504e-01
3.926334083080291748e-01
3.160771429538726807e-01
3.718940019607543945e-01
3.884928822517395020e-01
4.350084364414215088e-01
2.832700014114379883e-01
2.878591716289520264e-01
3.521951436996459961e-01
3.472652435302734375e-01
4.119346141815185547e-01
2.925450205802917480e-01
3.565363287925720215e-01
3.545847833156585693e-01
3.395132720470428467e-01
4.204384386539459229e-01
4.049160182476043701e-01
3.080618083477020264e-01
2.986525595188140869e-01
3.483053743839263916e-01
4.234097003936767578e-01
4.534353315830230713e-01
3.936802744865417480e-01
4.281236529350280762e-01
2.875988781452178955e-01
3.350810110569000244e-01
4.239482581615447998e-01
2.704205811023712158e-01
3.364162147045135498e-01
3.975689709186553955e-01
3.278186321258544922e-01
3.567216992378234863e-01
3.037382662296295166e-01
3.308947682380676270e-01
3.530337810516357422e-01
4.226834177970886230e-01
3.303917944431304932e-01
3.287820518016815186e-01
3.901915252208709717e-01
3.833179175853729248e-01
2.867004275321960449e-01
4.373278617858886719e-01
4.269998073577880859e-01
2.765445411205291748e-01
2.821324765682220459e-01
4.008280038833618164e-01
4.305734932422637939e-01
3.305910825729370117e-01
4.157213866710662842e-01
3.599887788295745850e-01
3.318481147289276123e-01
4.177768230438232422e-01
3.550509810447692871e-01
4.052424728870391846e-01
2.734721601009368896e-01
3.635964393615722656e-01
3.573104143142700195e-01
3.548333644866943359e-01
2.672290205955505371e-01
4.008314907550811768e-01
3.802446424961090088e-01
3.454103767871856689e-01
3.668699562549591064e-01
3.864265084266662598e-01
1.893831044435501099e-01
3.333011865615844727e-01
3.430670201778411865e-01
3.181166648864746094e-01
3.969234824180603027e-01
3.919435739517211914e-01
4.190943837165832520e-01
3.218771219253540039e-01
3.171679973602294922e-01
3.370971381664276123e-01
4.402794241905212402e-01
2.724220752716064453e-01
4.285294115543365479e-01
3.083489835262298584e-01
3.944224715232849121e-01
3.584272265434265137e-01
3.927069902420043945e-01
4.334776699542999268e-01
2.950201630592346191e-01
3.204874098300933838e-01
2.884162068367004395e-01
3.680022358894348145e-01
4.199159741401672363e-01
3.238618671894073486e-01
2.610362768173217773e-01
3.906500339508056641e-01
3.755944669246673584e-01
2.534593045711517334e-01
3.569074571132659912e-01
4.214664101600646973e-01
3.307693302631378174e-01
3.417244255542755127e-01
4.251878559589385986e-01
3.480020165443420410e-01
3.495441973209381104e-01
3.307524919509887695e-01
3.831288218498229980e-01
3.630361855030059814e-01
3.213858902454376221e-01
4.274164438247680664e-01
3.472793400287628174e-01
4.141533374786376953e-01
3.208033144474029541e-01
3.179679512977600098e-01
3.986280262470245361e-01
3.351830244064331055e-01
3.886657059192657471e-01
4.376574456691741943e-01
3.314878046512603760e-01
3.139847815036773682e-01
2.702222168445587158e-01
3.823419511318206787e-01
3.289986252784729004e-01
4.216277599334716797e-01
4.235787689685821533e-01
4.008615314960479736e-01
3.100602626800537109e-01
4.116587638854980469e-01
3.461090922355651855e-01
3.574987649917602539e-01
2.973458170890808105e-01
3.500039875507354736e-01
3.601467609405517578e-01
3.922642171382904053e-01
3.243816494941711426e-01
4.032403826713562012e-01
4.131769537925720215e-01
4.266965389251708984e-01
3.675753176212310791e-01
4.367009401321411133e-01
2.638582587242126465e-01
3.725747764110565186e-01
2.764300405979156494e-01
3.815044462680816650e-01
3.238927423954010010e-01
2.862312495708465576e-01
3.904958665370941162e-01
3.199425637722015381e-01
3.468189537525177002e-01
2.448987960815429688e-01
2.971872687339782715e-01
3.264874219894409180e-01
3.745914995670318604e-01
4.290820658206939697e-01
4.085006713867187500e-01
4.067580103874206543e-01
3.752473890781402588e-01
2.663096487522125244e-01
4.210573732852935791e-01
3.822848796844482422e-01
3.110662698745727539e-01
4.043367207050323486e-01
3.768590688705444336e-01
3.576219379901885986e-01
3.360783457756042480e-01
3.828268945217132568e-01
3.426290750503540039e-01
3.336383402347564697e-01
4.132089614868164062e-01
3.431056439876556396e-01
3.849394917488098145e-01
4.055165648460388184e-01
2.768433392047882080e-01
3.553115129470825195e-01
4.077811539173126221e-01
3.275867700576782227e-01
3.951988220214843750e-01
4.338670969009399414e-01
3.243718147277832031e-01
3.976792097091674805e-01
4.011367857456207275e-01
2.874467670917510986e-01
3.679518103599548340e-01
3.507699072360992432e-01
3.751988410949707031e-01
3.004417121410369873e-01
2.978716194629669189e-01
3.651907444000244141e-01
3.078229129314422607e-01
3.470959663391113281e-01
4.133896827697753906e-01
3.670850396156311035e-01
3.452736735343933105e-01
3.496091961860656738e-01
3.149114251136779785e-01
4.099202752113342285e-01
3.496937751770019531e-01
3.261325359344482422e-01
3.445290923118591309e-01
4.318670332431793213e-01
3.417413234710693359e-01
4.125143587589263916e-01
3.313573002815246582e-01
3.939828574657440186e-01
3.999271690845489502e-01
3.002318143844604492e-01
4.420733749866485596e-01
3.040797710418701172e-01
3.132182359695434570e-01
4.166797697544097900e-01
4.194815158843994141e-01
2.908629775047302246e-01
2.739315927028656006e-01
2.986461520195007324e-01
4.183617532253265381e-01
2.750034332275390625e-01
3.705081641674041748e-01
2.715217173099517822e-01
3.858484029769897461e-01
4.448593854904174805e-01
4.332824349403381348e-01
2.808093130588531494e-01
3.627495467662811279e-01
3.122496306896209717e-01
3.581299185752868652e-01
3.816716372966766357e-01
3.130831122398376465e-01
3.333784639835357666e-01
3.348305225372314453e-01
3.016872107982635498e-01
4.360297620296478271e-01
2.756526470184326172e-01
3.434906303882598877e-01
3.013151288032531738e-01
4.285891652107238770e-01
3.461424708366394043e-01
3.564795553684234619e-01
3.664331734180450439e-01
3.180182576179504395e-01
4.176765084266662598e-01
3.759794235229492188e-01
3.343279063701629639e-01
4.420673847198486328e-01
2.813625931739807129e-01
3.390569686889648438e-01
3.579377830028533936e-01
3.120874166488647461e-01
3.658240437507629395e-01
3.401482403278350830e-01
4.112557172775268555e-01
2.929276525974273682e-01
4.394051730632781982e-01
4.142800569534301758e-01
3.576591014862060547e-01
3.715620338916778564e-01
2.772718667984008789e-01
2.986968159675598145e-01
3.717207908630371094e-01
4.300318360328674316e-01
3.881382048130035400e-01
3.715669214725494385e-01
4.127372801303863525e-01
2.793919146060943604e-01
3.347912728786468506e-01
4.411898255348205566e-01
3.511068224906921387e-01
3.618470132350921631e-01
3.692906498908996582e-01
2.957310974597930908e-01
2.872449457645416260e-01
3.884029686450958252e-01
3.971287608146667480e-01
2.692761421203613281e-01
4.392072260379791260e-01
3.475207090377807617e-01
3.722895383834838867e-01
2.992815673351287842e-01
3.832702040672302246e-01
3.892442882061004639e-01
2.973500490188598633e-01
3.653855323791503906e-01
3.776538670063018799e-01
3.652920722961425781e-01
3.515216410160064697e-01
3.962140083312988281e-01
3.673763871192932129e-01
4.210564196109771729e-01
3.870986998081207275e-01
4.472880661487579346e-01
4.194119870662689209e-01
3.446847200393676758e-01
3.161664009094238281e-01
3.614364862442016602e-01
3.425936996936798096e-01
3.828833401203155518e-01
3.769246637821197510e-01
3.963361382484436035e-01
3.428670763969421387e-01
3.106480836868286133e-01
3.362263441085815430e-01
2.892258465290069580e-01
3.838621079921722412e-01
2.962864935398101807e-01
3.306930661201477051e-01
3.097915649414062500e-01
2.475571036338806152e-01
2.857347726821899414e-01
3.472278118133544922e-01
4.269267320632934570e-01
3.366189301013946533e-01
3.774127662181854248e-01
4.456115663051605225e-01
3.142612278461456299e-01
3.463960289955139160e-01
4.007269144058227539e-01
4.083659350872039795e-01
4.265185892581939697e-01
3.533437550067901611e-01
3.752457797527313232e-01
3.169034719467163086e-01
3.641943633556365967e-01
2.934152185916900635e-01
4.297655522823333740e-01
2.898164093494415283e-01
3.389670848846435547e-01
3.894841074943542480e-01
3.555819392204284668e-01
2.790558934211730957e-01
3.704922795295715332e-01
3.980518281459808350e-01
4.050181508064270020e-01
4.428167343139648438e-01
3.651126623153686523e-01
2.880301475524902344e-01
4.013257324695587158e-01
3.121473193168640137e-01
3.083499372005462646e-01
4.293932914733886719e-01
4.272078275680541992e-01
3.543556332588195801e-01
3.732380568981170654e-01
3.549134135246276855e-01
4.299123883247375488e-01
3.788636922836303711e-01
2.896678745746612549e-01
3.330076038837432861e-01
4.218231439590454102e-01
3.143794536590576172e-01
3.680904507637023926e-01
3.404791057109832764e-01
3.155594468116760254e-01
3.039149045944213867e-01
3.651976287364959717e-01
3.777380287647247314e-01
2.776655554771423340e-01
2.877629995346069336e-01
2.994472682476043701e-01
2.611458003520965576e-01
3.985666930675506592e-01
3.636623322963714600e-01
3.925124406814575195e-01
3.901331126689910889e-01
3.567683100700378418e-01
2.779249548912048340e-01
3.843609392642974854e-01
3.728711903095245361e-01
4.392887651920318604e-01
4.312637448310852051e-01
3.308928906917572021e-01
3.116071224212646484e-01
4.212595522403717041e-01
3.489659130573272705e-01
2.651560604572296143e-01
