1.246064603328704834e-01 1.208544373512268066e-01 9.523588418960571289e-02
-1.410683840513229370e-01 -6.083511188626289368e-02 5.418644472956657410e-02
1.328888684511184692e-01 2.104799747467041016e-01 1.775388047099113464e-02
-1.676009297370910645e-01 -2.169942557811737061e-01 2.903074584901332855e-02
-1.982382684946060181e-01 -1.528577357530593872e-01 7.495836168527603149e-02
-7.595055550336837769e-02 -5.062484368681907654e-02 8.039798587560653687e-02
2.252474576234817505e-01 3.087251186370849609e-01 -8.355393074452877045e-03
7.183777540922164917e-02 5.989790707826614380e-02 1.516751199960708618e-01
-3.408636897802352905e-02 1.390023436397314072e-02 8.642256259918212891e-02
9.755474328994750977e-02 3.574956953525543213e-01 8.353781700134277344e-02
-1.406576037406921387e-01 -1.187485828995704651e-01 2.525394596159458160e-02
2.732982672750949860e-02 5.359888821840286255e-02 4.810454696416854858e-02
1.272036582231521606e-01 -1.631971821188926697e-02 1.338033676147460938e-01
2.350162016227841377e-03 -4.770764149725437164e-03 7.931989431381225586e-02
-8.483355492353439331e-02 -1.094767823815345764e-01 1.504458785057067871e-01
1.746415644884109497e-01 1.130601614713668823e-01 2.259854376316070557e-01
-1.420440375804901123e-01 -5.525087192654609680e-02 3.569331765174865723e-02
3.917566034942865372e-03 4.273275285959243774e-02 8.647550642490386963e-02
5.419700592756271362e-02 1.432355120778083801e-02 6.624656170606613159e-02
6.052881851792335510e-02 7.228723913431167603e-02 1.239822134375572205e-01
1.083910763263702393e-01 1.621394306421279907e-01 8.106535673141479492e-02
7.971049100160598755e-02 8.812099695205688477e-02 1.147824823856353760e-01
-9.912306815385818481e-02 1.112022064626216888e-02 8.409783989191055298e-02
1.913489550352096558e-01 -1.468850821256637573e-01 3.134358823299407959e-01
-9.345842897891998291e-02 -2.884165942668914795e-02 1.097625568509101868e-01
-1.492960602045059204e-01 -2.348746955394744873e-01 -1.389038711786270142e-01
2.479757517576217651e-01 1.124711632728576660e-01 2.328958921134471893e-02
5.253443717956542969e-01 -1.650807708501815796e-01 -6.072804331779479980e-03
7.174064218997955322e-02 1.086389273405075073e-01 1.212542578577995300e-01
3.240680992603302002e-01 4.473093748092651367e-01 3.028183877468109131e-01
-7.024629414081573486e-02 -1.020953580737113953e-01 9.343795478343963623e-02
-2.778964042663574219e-01 -6.761731952428817749e-02 3.313359245657920837e-02
-3.349223732948303223e-01 -2.170815467834472656e-01 -2.558364346623420715e-02
-1.763957440853118896e-01 4.860178530216217041e-01 6.921627521514892578e-01
-4.313451647758483887e-01 -4.429001510143280029e-01 1.634551137685775757e-01
-2.081629037857055664e-01 -1.598319597542285919e-02 2.116227149963378906e-02
1.533591449260711670e-01 1.897898614406585693e-01 1.433803737163543701e-01
-6.475369632244110107e-02 -1.456053461879491806e-02 -2.478509023785591125e-02
-5.118475109338760376e-02 3.381838202476501465e-01 4.172561168670654297e-01
-1.487490087747573853e-01 2.171169407665729523e-02 7.007891684770584106e-02
-2.535848319530487061e-01 -3.201930597424507141e-02 4.055574908852577209e-02
-1.779938340187072754e-01 -1.304786056280136108e-01 7.626560330390930176e-02
-4.655729606747627258e-02 3.881265223026275635e-01 3.901411890983581543e-01
-1.544027328491210938e-01 -1.013842895627021790e-01 6.354875862598419189e-02
-1.134533882141113281e-01 -1.206535100936889648e-01 2.025581151247024536e-01
-2.686640620231628418e-02 1.764932274818420410e-02 7.803972065448760986e-02
-2.835185080766677856e-02 1.755955629050731659e-02 8.314286917448043823e-02
-1.533502805978059769e-02 1.598658561706542969e-01 9.204019606113433838e-02
-5.212647374719381332e-03 2.243449352681636810e-02 8.794056624174118042e-02
-4.999719560146331787e-02 8.135928772389888763e-03 1.011255010962486267e-01
-2.109023928642272949e-01 -1.216133460402488708e-01 -1.914410293102264404e-02
-1.000137031078338623e-01 -6.531428545713424683e-02 5.196095630526542664e-02
-2.600752413272857666e-01 -5.737833678722381592e-02 -8.004952967166900635e-02
-1.556280553340911865e-01 -9.807114303112030029e-02 6.998018920421600342e-02
-1.805694401264190674e-01 -2.059362977743148804e-01 1.646604686975479126e-01
-9.078396111726760864e-02 -6.986208260059356689e-02 2.062636055052280426e-02
-5.046621710062026978e-02 9.566674381494522095e-02 4.978939518332481384e-02
9.023856371641159058e-02 3.564677536487579346e-01 1.401278674602508545e-01
3.950223326683044434e-02 2.309520840644836426e-01 2.279514074325561523e-01
-5.877422913908958435e-02 -3.034241124987602234e-02 8.392220735549926758e-02
-5.133182555437088013e-02 -8.836329914629459381e-03 8.654344826936721802e-02
-2.463168054819107056e-01 -5.993109196424484253e-02 5.605929344892501831e-02
-1.043679658323526382e-02 -5.175708327442407608e-03 1.157204210758209229e-01
-9.830304980278015137e-02 -1.111813113093376160e-01 9.753762185573577881e-02
4.519201442599296570e-02 3.904767334461212158e-01 6.289288401603698730e-02
-2.513795197010040283e-01 -1.749939918518066406e-01 3.318717703223228455e-02
2.695573680102825165e-02 5.605697631835937500e-02 1.350518912076950073e-01
2.531104087829589844e-01 2.224366515874862671e-01 -2.661810489371418953e-03
-1.375059485435485840e-01 -8.157738298177719116e-02 6.277254223823547363e-02
-5.211002379655838013e-02 1.116604916751384735e-02 8.364932984113693237e-02
-1.096298545598983765e-02 2.501037530601024628e-02 1.072829067707061768e-01
-1.017328798770904541e-01 -5.143607407808303833e-02 7.975397258996963501e-02
1.314773559570312500e-01 7.813593000173568726e-02 2.889224886894226074e-01
1.423200666904449463e-01 2.869972586631774902e-02 2.492413520812988281e-01
3.688948974013328552e-02 2.438425272703170776e-02 1.393807381391525269e-01
2.551330067217350006e-02 3.451589494943618774e-02 3.403193056583404541e-01
-5.096572637557983398e-02 1.346718072891235352e-01 1.481190770864486694e-01
-1.631521135568618774e-01 -9.195119887590408325e-02 8.453819900751113892e-02
-3.672617375850677490e-01 -2.457383126020431519e-01 1.277257353067398071e-01
-3.661320507526397705e-01 -5.745735019445419312e-03 -1.119221188127994537e-02
7.678398862481117249e-03 1.073139756917953491e-01 9.148509055376052856e-02
1.158219948410987854e-02 6.066231802105903625e-02 1.023894250392913818e-01
-9.604123234748840332e-02 -1.072878986597061157e-01 1.228965148329734802e-01
-2.366066426038742065e-01 -8.316566050052642822e-02 9.917836636304855347e-02
-2.560845613479614258e-01 -3.790791928768157959e-01 -1.874680258333683014e-02
-2.379011213779449463e-01 -2.503752410411834717e-01 6.764425337314605713e-02
-1.622556895017623901e-01 -1.413874477148056030e-01 8.904053270816802979e-02
-3.646076619625091553e-01 -1.693107783794403076e-01 9.726704657077789307e-02
-1.513827443122863770e-01 -1.301725655794143677e-01 9.241735935211181641e-02
2.383596450090408325e-02 -3.611611202359199524e-02 2.812620997428894043e-02
-2.223285287618637085e-01 -1.569461226463317871e-01 9.491039440035820007e-03
-3.000345081090927124e-02 1.307515054941177368e-02 8.850423991680145264e-02
2.296092920005321503e-02 6.323719769716262817e-02 7.958608120679855347e-02
4.312902688980102539e-02 1.481230705976486206e-01 8.630710095167160034e-02
-1.695950031280517578e-01 -4.278616607189178467e-02 5.216722190380096436e-02
-2.640388011932373047e-01 -1.027450487017631531e-01 3.619477897882461548e-02
1.006595790386199951e-01 1.344477571547031403e-02 1.657919287681579590e-01
1.985033750534057617e-01 2.186878174543380737e-01 -8.202975732274353504e-04
-1.883431375026702881e-01 -1.203529015183448792e-01 4.421511292457580566e-02
-1.589071303606033325e-01 -1.873134262859821320e-02 -4.803147539496421814e-02
-1.713733933866024017e-02 3.306194394826889038e-02 1.068340241909027100e-01
8.524532616138458252e-02 5.151987075805664062e-02 2.069036066532135010e-01
-8.143154531717300415e-02 -6.395265460014343262e-02 8.205576241016387939e-02
7.283549010753631592e-02 6.334523111581802368e-02 3.360509276390075684e-01
-5.134427547454833984e-01 -4.610925018787384033e-01 -2.189159989356994629e-01
3.455377370119094849e-02 5.133077129721641541e-02 2.606951445341110229e-02
-1.988310813903808594e-01 -1.069435998797416687e-01 2.818022854626178741e-02
-7.933069020509719849e-02 -7.436405867338180542e-02 9.281621128320693970e-02
-5.972399190068244934e-02 3.427092730998992920e-02 -3.014644840732216835e-03
-1.569388210773468018e-01 -1.040060073137283325e-01 -1.837132265791296959e-03
2.280045002698898315e-01 3.562007844448089600e-01 -3.524785935878753662e-01
1.121729463338851929e-01 1.090915575623512268e-01 -5.932678282260894775e-02
-2.406104505062103271e-01 -1.579186767339706421e-01 4.583893343806266785e-02
-2.498401552438735962e-01 -1.693292558193206787e-01 -9.407821297645568848e-02
2.600746452808380127e-01 1.073247417807579041e-01 1.745792329311370850e-01
-4.291268065571784973e-02 -1.325990725308656693e-02 7.967457920312881470e-02
3.589409217238426208e-02 7.146444171667098999e-02 1.064288541674613953e-01
-7.652858644723892212e-02 -3.346548974514007568e-02 9.305764734745025635e-02
-9.839234501123428345e-02 -1.014261227101087570e-02 1.313316375017166138e-01
-9.158277511596679688e-02 -9.331659227609634399e-02 9.266319125890731812e-02
-2.346814870834350586e-01 -2.152421772480010986e-01 -4.350751265883445740e-02
-1.973769068717956543e-01 -3.587296307086944580e-01 7.442022860050201416e-02
-2.663290798664093018e-01 -2.287216782569885254e-01 1.845472119748592377e-02
1.013766136020421982e-02 1.052349954843521118e-01 5.927741155028343201e-02
1.429606415331363678e-02 -5.231193453073501587e-02 1.569928824901580811e-01
1.849933564662933350e-01 -3.426792100071907043e-02 2.118174731731414795e-01
-7.322821300476789474e-03 2.939411439001560211e-02 1.027302443981170654e-01
-9.148401021957397461e-02 -5.248758941888809204e-03 1.862578652799129486e-02
6.558549404144287109e-02 1.289969533681869507e-01 1.267855912446975708e-01
-4.058821871876716614e-02 3.278729692101478577e-02 1.212458163499832153e-01
-1.228786408901214600e-01 -7.580461353063583374e-02 6.170428544282913208e-02
-2.072371989488601685e-01 -2.242070287466049194e-01 3.149397298693656921e-02
-8.190757036209106445e-02 -7.507956027984619141e-02 5.588704347610473633e-02
-1.160646304488182068e-01 -6.207167729735374451e-02 9.683249145746231079e-02
-2.328391522169113159e-01 5.019092932343482971e-02 -1.989177763462066650e-01
5.835372023284435272e-03 5.460790917277336121e-02 8.696978539228439331e-02
4.652258455753326416e-01 6.523203849792480469e-01 -6.049937009811401367e-01
-5.815726146101951599e-02 -4.398141428828239441e-02 9.790880978107452393e-02
1.048106551170349121e-01 1.888479590415954590e-01 8.478207141160964966e-02
8.422932773828506470e-02 1.718395501375198364e-01 1.469925343990325928e-01
-1.822297126054763794e-01 -2.530096471309661865e-01 -2.822009325027465820e-01
-4.152691662311553955e-01 -2.366879135370254517e-01 6.692072749137878418e-02
6.768517941236495972e-02 -2.649088501930236816e-01 -6.242504119873046875e-01
-2.903360426425933838e-01 -2.969438433647155762e-01 -1.411630306392908096e-02
-6.065459921956062317e-02 -2.695881575345993042e-02 1.102185547351837158e-01
-7.365170121192932129e-02 8.442022837698459625e-03 4.627062380313873291e-02
-1.178541779518127441e-01 -8.530580252408981323e-02 6.351355463266372681e-02
-6.511197984218597412e-02 -8.042445406317710876e-03 8.302868902683258057e-02
1.980915479362010956e-02 4.574361816048622131e-02 9.268396347761154175e-02
-4.285776987671852112e-02 1.192673668265342712e-01 3.937689960002899170e-02
5.975986644625663757e-02 2.611201405525207520e-01 -1.129748970270156860e-01
-1.283972114324569702e-01 -1.172530353069305420e-01 -5.185222998261451721e-02
-1.326740905642509460e-02 -2.370129572227597237e-03 9.984846413135528564e-02
1.711734831333160400e-01 2.208085358142852783e-01 8.962301164865493774e-02
-2.833489514887332916e-02 4.334131255745887756e-02 7.340072095394134521e-02
1.620520651340484619e-02 4.877651110291481018e-02 1.488149017095565796e-01
-1.880141794681549072e-01 -9.740282781422138214e-03 -2.448647469282150269e-02
-3.163276612758636475e-01 -3.319382369518280029e-01 1.129946410655975342e-01
-4.057811200618743896e-02 1.365621387958526611e-02 8.092398196458816528e-02
-1.436360776424407959e-01 -8.426690101623535156e-02 5.556671321392059326e-02
-1.482941359281539917e-01 -2.293698936700820923e-01 -3.156608343124389648e-02
-4.441367089748382568e-02 1.497710961848497391e-02 8.784614503383636475e-02
-1.464376971125602722e-02 2.140658348798751831e-02 9.301890432834625244e-02
1.467258576303720474e-02 5.916116014122962952e-02 9.387324750423431396e-02
-1.374613791704177856e-01 -2.141674458980560303e-01 -1.676634699106216431e-02
-1.332259364426136017e-02 9.106980636715888977e-03 1.055856496095657349e-01
-1.110708564519882202e-01 1.780880615115165710e-03 -5.381531119346618652e-01
1.096203476190567017e-01 2.036002874374389648e-01 1.191961839795112610e-01
-1.240765675902366638e-01 -7.751787453889846802e-02 -1.361746788024902344e-01
7.776919752359390259e-02 1.419288013130426407e-02 1.357267647981643677e-01
4.092931449413299561e-01 4.699176177382469177e-02 1.846584230661392212e-01
-4.801583290100097656e-02 -6.570460647344589233e-02 -8.808288574218750000e-01
-2.861639559268951416e-01 -1.744697690010070801e-01 1.574040576815605164e-02
-2.316728085279464722e-01 -2.734355032444000244e-01 -6.109308823943138123e-02
1.646376959979534149e-02 7.512719184160232544e-02 7.125465571880340576e-02
-9.375443309545516968e-02 -4.972804337739944458e-02 8.296425640583038330e-02
1.934451460838317871e-01 3.654394447803497314e-01 -9.422917850315570831e-03
-2.785219848155975342e-01 -2.209052592515945435e-01 4.371037706732749939e-02
-1.512476056814193726e-01 -2.331839799880981445e-01 -4.732860997319221497e-02
6.706894934177398682e-02 2.411093115806579590e-01 1.995408236980438232e-01
-5.330402031540870667e-02 -9.139425121247768402e-03 7.911170274019241333e-02
-4.857707396149635315e-02 -1.845621876418590546e-02 1.358503699302673340e-01
-1.433041244745254517e-01 -3.009943068027496338e-01 2.277203947305679321e-01
-2.470258474349975586e-01 -2.227668315172195435e-01 1.395958662033081055e-01
-3.243141621351242065e-02 1.578216254711151123e-02 8.678827434778213501e-02
-2.883900701999664307e-01 -1.442543882876634598e-02 3.944328427314758301e-02
-1.372438073158264160e-01 -1.099207699298858643e-01 9.431976824998855591e-03
-2.395049184560775757e-01 -1.385164707899093628e-01 9.037546813488006592e-03
-9.928129613399505615e-02 -2.503863871097564697e-01 2.606427296996116638e-02
1.160727292299270630e-01 1.875076293945312500e-01 6.848523020744323730e-02
-6.302009522914886475e-02 -6.398151069879531860e-02 5.681145563721656799e-02
-1.773739010095596313e-01 -1.171497479081153870e-01 1.916900835931301117e-02
-3.907168656587600708e-02 9.562469087541103363e-03 8.060456812381744385e-02
3.466748595237731934e-01 1.405114084482192993e-01 9.511311352252960205e-02
-3.186126649379730225e-01 -1.173197403550148010e-01 4.616243764758110046e-02
5.740774050354957581e-02 8.477390557527542114e-02 2.407537847757339478e-01
2.622098475694656372e-02 1.786253601312637329e-02 1.601594537496566772e-01
-2.168598622083663940e-01 -1.106850281357765198e-01 -2.090162783861160278e-01
-3.866479918360710144e-02 4.900885745882987976e-03 8.484911918640136719e-02
-1.537940837442874908e-02 1.989339105784893036e-02 7.774031162261962891e-02
6.094269454479217529e-02 1.755995005369186401e-01 5.722582340240478516e-02
3.884831070899963379e-02 2.144883945584297180e-02 1.081875264644622803e-01
-3.408780992031097412e-01 -9.996071457862854004e-02 7.757122069597244263e-02
-2.547879517078399658e-01 -1.289137154817581177e-01 2.941855974495410919e-02
1.774293631315231323e-01 1.764354854822158813e-01 2.214047908782958984e-01
-1.969101577997207642e-01 -1.321284472942352295e-01 3.741936385631561279e-02
-5.003128051757812500e-01 -3.683101832866668701e-01 5.247090756893157959e-02
1.658045500516891479e-02 5.455428361892700195e-02 9.738910943269729614e-02
7.966616004705429077e-02 2.229619324207305908e-01 1.676455140113830566e-01
9.974890947341918945e-02 -4.220751300454139709e-02 1.182805225253105164e-01
1.058926880359649658e-01 2.864974364638328552e-02 2.245152890682220459e-01
-2.359496057033538818e-02 1.128059439361095428e-02 8.841218799352645874e-02
1.180118694901466370e-01 5.997082218527793884e-02 1.643438041210174561e-01
-2.742072343826293945e-01 -1.663210242986679077e-01 4.023202881217002869e-02
-1.971543878316879272e-01 -2.531944513320922852e-01 3.322081640362739563e-02
3.013609535992145538e-02 3.773811087012290955e-02 1.105509623885154724e-01
4.536694660782814026e-02 4.251108318567276001e-02 4.512073397636413574e-01
-2.302804216742515564e-02 6.042958237230777740e-03 1.007786840200424194e-01
-2.689940929412841797e-01 -1.290089339017868042e-01 -2.000318169593811035e-01
-1.990959607064723969e-02 -5.470281001180410385e-03 9.264339506626129150e-02
5.749545246362686157e-02 1.202626600861549377e-01 1.369137763977050781e-01
-5.759845674037933350e-02 -1.248979344964027405e-01 1.511544585227966309e-01
7.429832965135574341e-02 -4.288914427161216736e-02 2.606887817382812500e-01
7.338503748178482056e-02 1.504516750574111938e-01 1.428207475692033768e-02
-1.679505258798599243e-01 -1.164058446884155273e-01 6.967522948980331421e-02
-2.202692329883575439e-01 -5.140144005417823792e-02 1.276313662528991699e-01
8.013740181922912598e-02 1.353075653314590454e-01 1.642590165138244629e-01
1.940837353467941284e-01 1.848432719707489014e-01 1.115482002496719360e-01
1.797438599169254303e-02 9.928429126739501953e-02 1.701752841472625732e-01
-2.048285752534866333e-01 -1.375312358140945435e-01 6.686773896217346191e-02
-2.477237731218338013e-01 -2.546236813068389893e-01 7.451515644788742065e-03
-1.597533673048019409e-01 -3.337627053260803223e-01 2.088518887758255005e-01
7.816869765520095825e-02 1.099240854382514954e-01 9.653595834970474243e-02
5.361431092023849487e-02 7.352816313505172729e-02 1.426406055688858032e-01
-2.073118388652801514e-01 -1.334249526262283325e-01 5.274659022688865662e-02
2.953884191811084747e-02 7.414697110652923584e-02 1.237646564841270447e-01
1.120811775326728821e-01 2.974061369895935059e-01 8.773137629032135010e-02
-1.735345274209976196e-01 -2.366665452718734741e-01 -6.002247706055641174e-02
2.281402796506881714e-02 6.075663119554519653e-02 8.905150741338729858e-02
1.780039444565773010e-02 1.516107469797134399e-01 8.139593154191970825e-02
1.043305620551109314e-01 3.559433817863464355e-01 4.393072798848152161e-02
-1.904232054948806763e-02 -2.100492119789123535e-01 4.419417120516300201e-03
-1.625353842973709106e-01 -8.810868114233016968e-02 1.869758591055870056e-02
-1.110671311616897583e-01 -4.853830114006996155e-02 8.859536796808242798e-02
1.978885568678379059e-02 1.152610033750534058e-01 4.639422297477722168e-01
-1.523361206054687500e-01 -8.374017477035522461e-02 6.431974470615386963e-02
5.890845507383346558e-02 2.873221039772033691e-01 -3.136261552572250366e-02
-7.706549018621444702e-03 6.690480560064315796e-02 4.153490811586380005e-02
1.236782819032669067e-01 1.776627600193023682e-01 3.627115115523338318e-02
1.091490238904953003e-01 1.400534659624099731e-01 1.979383379220962524e-01
-8.643776178359985352e-02 2.427443861961364746e-01 7.137835025787353516e-02
-1.976478546857833862e-01 -6.420571357011795044e-02 3.300724625587463379e-01
-7.597702741622924805e-02 -5.488362535834312439e-02 8.119609206914901733e-02
-5.009636655449867249e-02 -2.769904397428035736e-02 8.443641662597656250e-02
-8.842654526233673096e-02 -8.870775997638702393e-02 7.504133880138397217e-02
-1.329306419938802719e-02 3.870016708970069885e-02 8.052598685026168823e-02
-2.875842340290546417e-02 5.321714654564857483e-02 8.454849570989608765e-02
-3.847497105598449707e-01 2.159031480550765991e-01 3.315466456115245819e-03
-1.152718514204025269e-01 -4.966061934828758240e-02 6.045892089605331421e-02
-1.831261254847049713e-02 -3.819845020771026611e-01 -3.547192513942718506e-01
-1.873178780078887939e-01 -1.469316035509109497e-01 4.545022919774055481e-02
-1.380398720502853394e-01 -2.706277929246425629e-02 6.056741997599601746e-02
-2.698909044265747070e-01 -5.523394942283630371e-01 2.369411289691925049e-01
4.083075746893882751e-02 -4.795679822564125061e-02 1.201177015900611877e-01
-4.488497599959373474e-02 -5.960050970315933228e-03 7.643253356218338013e-02
-1.212792191654443741e-02 3.954730927944183350e-01 2.317066490650177002e-01
-1.727448850870132446e-01 -1.204496845602989197e-01 9.895261377096176147e-02
1.207040026783943176e-01 1.294802725315093994e-01 1.486468911170959473e-01
-2.115286588668823242e-01 -2.105003595352172852e-01 8.436439186334609985e-02
1.523591764271259308e-02 7.433274388313293457e-02 1.023291870951652527e-01
-9.791810810565948486e-02 -2.145341783761978149e-01 1.284002363681793213e-01
-9.081114083528518677e-03 -1.878500916063785553e-02 6.846610456705093384e-02
-2.070561051368713379e-01 -3.429946601390838623e-01 -9.589552879333496094e-02
-1.825125962495803833e-01 -1.045006588101387024e-01 9.040773659944534302e-02
-2.430308461189270020e-01 -2.587765753269195557e-01 8.515647053718566895e-02
-6.253316998481750488e-02 5.933369696140289307e-02 3.571294620633125305e-02
-1.242766827344894409e-01 -7.285887002944946289e-02 7.764486223459243774e-02
2.168866619467735291e-02 1.998642645776271820e-02 1.793362796306610107e-01
-1.128664165735244751e-01 1.610668599605560303e-01 9.447482973337173462e-02
3.956086188554763794e-02 7.531146705150604248e-02 1.130715161561965942e-01
5.063360556960105896e-02 9.705251455307006836e-02 6.066466495394706726e-02
-1.352498084306716919e-01 -1.033449769020080566e-01 -2.240789309144020081e-02
-6.266886740922927856e-02 -1.795618981122970581e-02 8.190911263227462769e-02
-7.352889329195022583e-02 2.189203053712844849e-01 4.931366443634033203e-02
-1.189224570989608765e-01 -1.011659577488899231e-01 1.061687394976615906e-01
-1.369037777185440063e-01 -2.095730751752853394e-01 9.943745285272598267e-02
1.536080092191696167e-01 2.196674495935440063e-01 1.413906067609786987e-01
-1.021457016468048096e-01 -1.964288577437400818e-02 9.174179285764694214e-02
1.676235496997833252e-01 8.409021538682281971e-04 4.423517584800720215e-01
8.739575743675231934e-02 5.042067542672157288e-02 9.930511564016342163e-02
1.993940174579620361e-01 2.821639552712440491e-02 8.106390386819839478e-02
-1.167860403656959534e-01 -9.504441171884536743e-02 8.762748539447784424e-02
-5.273471772670745850e-02 7.060134783387184143e-03 9.855058044195175171e-02
-8.219952881336212158e-02 2.366332150995731354e-02 6.702109426259994507e-02
-2.575255632400512695e-01 -6.262702494859695435e-02 5.680263414978981018e-02
-2.904045581817626953e-01 -4.564916342496871948e-02 8.326927572488784790e-02
-1.653890311717987061e-02 1.474757194519042969e-01 2.618909478187561035e-01
-2.517050504684448242e-01 -6.486796736717224121e-01 2.446886152029037476e-01
-3.885999321937561035e-01 -3.996330201625823975e-01 2.265432178974151611e-01
-3.375467360019683838e-01 -3.861057758331298828e-01 7.398644834756851196e-02
-2.447613924741744995e-01 3.746997192502021790e-02 -4.886642396450042725e-01
-1.605690270662307739e-01 -2.875130474567413330e-01 -2.087996751070022583e-01
-7.607692480087280273e-02 -3.003130480647087097e-02 8.236020058393478394e-02
-4.884469509124755859e-01 -1.478495895862579346e-01 6.543357670307159424e-02
-1.434015035629272461e-01 -2.067409455776214600e-01 -3.404438495635986328e-01
-1.716786473989486694e-01 -1.536285728216171265e-01 -5.907610431313514709e-02
-1.568791717290878296e-01 -6.286344528198242188e-01 3.359305206686258316e-03
-1.644766181707382202e-01 -1.336117982864379883e-01 -1.607970893383026123e-02
-5.623738095164299011e-02 -2.923725731670856476e-02 9.522167593240737915e-02
2.032750844955444336e-01 2.889846079051494598e-02 2.324707657098770142e-01
3.051483631134033203e-02 6.359858065843582153e-02 1.226495355367660522e-01
-3.457789868116378784e-02 9.666246362030506134e-03 1.091505289077758789e-01
-3.035300672054290771e-01 -1.287654489278793335e-01 -3.322843834757804871e-02
-2.332763224840164185e-01 -1.389136016368865967e-01 8.767198771238327026e-02
-2.099004983901977539e-01 -2.871201336383819580e-01 -1.908279210329055786e-02
-1.168970912694931030e-01 -1.392545998096466064e-01 -5.681572947651147842e-03
-3.539304435253143311e-02 3.501773579046130180e-03 8.941192924976348877e-02
1.260303705930709839e-01 9.173718094825744629e-02 1.864513903856277466e-01
-1.332690119743347168e-01 -7.093557715415954590e-02 3.150540590286254883e-02
1.349799036979675293e-01 1.105863675475120544e-01 1.062389016151428223e-01
6.067578494548797607e-02 3.240858018398284912e-01 1.858640611171722412e-01
1.443285867571830750e-02 5.348953232169151306e-02 1.280593127012252808e-01
-2.365747466683387756e-02 3.723321855068206787e-02 8.455160260200500488e-02
-1.166492118500173092e-03 -7.487187534570693970e-02 2.560126483440399170e-01
-3.116331100463867188e-01 -2.097861617803573608e-01 4.694233834743499756e-02
-1.789722740650177002e-01 1.310182828456163406e-02 -3.961955755949020386e-02
2.526576817035675049e-01 1.162432357668876648e-01 2.672411799430847168e-01
-1.947885751724243164e-01 -1.041160151362419128e-02 1.275976747274398804e-02
8.658939599990844727e-02 -2.194823771715164185e-01 -1.483660191297531128e-01
-1.099439263343811035e-01 -9.201082587242126465e-02 9.580906480550765991e-02
8.850790560245513916e-02 1.233561784029006958e-01 1.201671957969665527e-01
-5.389315262436866760e-02 -5.954102054238319397e-02 1.090048030018806458e-01
3.092384524643421173e-02 6.740639451891183853e-03 1.038701236248016357e-01
6.190664321184158325e-02 3.095336258411407471e-01 8.011017739772796631e-02
4.595996066927909851e-02 1.065859645605087280e-01 8.424755185842514038e-02
3.724586963653564453e-01 -3.954873979091644287e-02 1.388604342937469482e-01
-9.947937214747071266e-04 3.665863722562789917e-02 7.396560907363891602e-02
-3.175811469554901123e-02 1.093043852597475052e-02 8.749268203973770142e-02
5.294322595000267029e-02 -1.890968903899192810e-02 1.196753829717636108e-01
-1.654312312602996826e-01 -1.397016644477844238e-02 5.564092844724655151e-02
3.081765957176685333e-02 8.189135044813156128e-02 9.107147902250289917e-02
-3.649528324604034424e-01 -1.914349496364593506e-01 1.828918606042861938e-01
-1.895024180412292480e-01 -1.472491621971130371e-01 4.828236531466245651e-03
-1.191559657454490662e-01 -1.664616763591766357e-01 4.415797442197799683e-02
-8.371962234377861023e-03 3.074719011783599854e-01 4.189749062061309814e-02
-2.538242340087890625e-01 -1.592153757810592651e-01 -8.866798877716064453e-02
1.518223136663436890e-01 1.339713018387556076e-02 1.255119144916534424e-01
-1.044651418924331665e-01 -7.617986202239990234e-02 3.283774107694625854e-02
-1.985754817724227905e-01 3.948416188359260559e-02 3.778868541121482849e-02
-7.523024082183837891e-02 -4.028290137648582458e-02 8.448260277509689331e-02
1.483365595340728760e-01 -1.010486390441656113e-02 2.504006028175354004e-01
-4.539452202152460814e-04 1.557763814926147461e-01 1.854259222745895386e-01
2.200793623924255371e-01 1.824366301298141479e-01 -1.344972848892211914e-01
-4.641794040799140930e-02 1.240742206573486328e-01 1.175222620368003845e-01
-2.464997768402099609e-01 -1.965657770633697510e-01 -2.310246415436267853e-02
-3.349180519580841064e-02 5.641365051269531250e-02 1.151862815022468567e-01
1.674714386463165283e-01 -8.008666336536407471e-03 1.732800006866455078e-01
4.807688295841217041e-02 8.949501812458038330e-02 1.746050119400024414e-01
4.856529235839843750e-01 -4.169366359710693359e-01 4.869809448719024658e-01
-3.670613169670104980e-01 -2.880420386791229248e-01 2.787582948803901672e-02
-9.520354121923446655e-02 -1.454144865274429321e-01 5.385814979672431946e-02
1.081520766019821167e-01 1.667507365345954895e-02 3.577911257743835449e-01
-1.844381093978881836e-01 -1.380682289600372314e-01 6.041830033063888550e-02
3.553118109703063965e-01 2.984595894813537598e-01 -3.402965068817138672e-01
2.525865100324153900e-02 1.781531423330307007e-02 1.234511807560920715e-01
2.678134739398956299e-01 1.961754262447357178e-01 -1.411424577236175537e-01
3.757942020893096924e-01 -2.709782421588897705e-01 3.297316431999206543e-01
2.928932607173919678e-01 -1.810779273509979248e-01 4.657518565654754639e-01
1.353599578142166138e-01 2.397731840610504150e-01 1.262665390968322754e-01
1.695333281531929970e-03 -6.416421532630920410e-01 2.907857000827789307e-01
9.549327939748764038e-02 3.210098743438720703e-01 -3.377901623025536537e-03
-2.238102257251739502e-01 -7.631899416446685791e-02 -6.893265247344970703e-02
1.902699917554855347e-01 -6.977769732475280762e-02 2.760255336761474609e-01
-5.466749891638755798e-02 -3.696651756763458252e-02 9.254958480596542358e-02
7.106547057628631592e-02 1.274141296744346619e-02 6.627225130796432495e-02
-1.095935106277465820e-01 -5.756600573658943176e-02 7.577256113290786743e-02
-3.268323540687561035e-01 -1.157680526375770569e-01 -7.191951386630535126e-03
2.915919423103332520e-01 -3.888871148228645325e-02 1.360133886337280273e-01
2.600539289414882660e-02 1.302929073572158813e-01 5.054028704762458801e-02
-5.160002112388610840e-01 -2.168765291571617126e-02 -6.195871531963348389e-02
-1.174422651529312134e-01 -6.344610452651977539e-02 6.674309819936752319e-02
2.200106903910636902e-02 1.298531889915466309e-01 7.089570909738540649e-02
-1.989691555500030518e-01 -2.501117289066314697e-01 -8.970969170331954956e-02
-2.491493523120880127e-01 -2.034105360507965088e-01 7.593375444412231445e-02
-2.482985407114028931e-01 -2.416623979806900024e-01 -2.600177824497222900e-01
-7.043335586786270142e-02 -1.389972120523452759e-01 7.464687339961528778e-03
-4.651806957554072142e-04 4.748001694679260254e-02 1.179619580507278442e-01
-3.537473976612091064e-01 -1.149216219782829285e-01 2.234629169106483459e-02
-6.901340931653976440e-02 1.026687100529670715e-01 5.792743712663650513e-02
-2.046050690114498138e-02 5.124077200889587402e-03 9.407446533441543579e-02
-7.310948520898818970e-02 -3.986781835556030273e-01 3.347879648208618164e-02
-4.801100492477416992e-02 -1.850083284080028534e-02 6.853346526622772217e-02
3.467437252402305603e-02 1.340035796165466309e-01 4.139568805694580078e-01
-1.547381281852722168e-01 -5.503758788108825684e-02 4.492344707250595093e-02
-2.448599487543106079e-01 -2.690572738647460938e-01 -1.763399504125118256e-02
1.538869887590408325e-01 3.817399591207504272e-02 1.848269402980804443e-01
-1.518256813287734985e-01 -9.526035934686660767e-02 9.249926358461380005e-02
-7.365500181913375854e-02 -6.694007664918899536e-02 1.058245003223419189e-01
-2.866735681891441345e-02 5.110956728458404541e-03 8.420510590076446533e-02
1.070767194032669067e-01 -1.517561674118041992e-01 1.673619896173477173e-01
-2.020374238491058350e-01 -1.674339324235916138e-01 3.727966547012329102e-02
-6.732951849699020386e-02 -1.024798750877380371e-01 7.217750698328018188e-02
-3.311361074447631836e-01 -1.051444187760353088e-01 -8.926777541637420654e-02
6.005914509296417236e-02 2.115345373749732971e-02 1.679573506116867065e-01
5.074599385261535645e-02 5.279980227351188660e-02 1.406030207872390747e-01
-1.648731231689453125e-01 -7.963612675666809082e-02 1.616986654698848724e-02
1.375785470008850098e-01 8.474100381135940552e-02 2.611486315727233887e-01
-1.272792369127273560e-01 -6.645923107862472534e-02 4.189058765769004822e-02
-1.075501516461372375e-01 -2.006934769451618195e-02 7.521772384643554688e-02
-1.167716309428215027e-01 -2.952953279018402100e-01 1.397455036640167236e-01
3.232832998037338257e-02 7.146905362606048584e-02 1.187248677015304565e-01
1.180799901485443115e-01 2.161422967910766602e-01 6.263129413127899170e-02
-3.601649105548858643e-01 -2.049408704042434692e-01 -2.625755779445171356e-02
-2.874791994690895081e-02 2.606038749217987061e-01 8.653572946786880493e-02
2.899569869041442871e-01 9.055564552545547485e-02 1.747258007526397705e-01
7.570190727710723877e-02 1.730692088603973389e-01 1.994201838970184326e-01
-8.689258992671966553e-02 -1.530789136886596680e-01 7.901384495198726654e-03
-1.989765614271163940e-01 -1.567251086235046387e-01 -3.905526176095008850e-02
-5.019278824329376221e-02 6.735409051179885864e-02 3.971191868185997009e-02
-3.721571862697601318e-01 -1.271748542785644531e-01 -9.715380519628524780e-02
2.856737747788429260e-02 2.678292989730834961e-02 1.599362641572952271e-01
-1.389596611261367798e-02 1.125908121466636658e-01 7.517113536596298218e-02
8.534145355224609375e-02 5.554027110338211060e-02 6.589508801698684692e-02
-4.964310675859451294e-03 1.602196991443634033e-01 5.203342437744140625e-01
3.879336416721343994e-01 3.175706565380096436e-01 -1.329719205386936665e-03
-4.317188858985900879e-01 -1.976237297058105469e-01 1.314267665147781372e-01
-2.725025117397308350e-01 -2.392674237489700317e-02 -2.239090353250503540e-01
-2.968981266021728516e-01 -2.053685039281845093e-01 1.902380585670471191e-02
-4.836819693446159363e-02 1.545315086841583252e-01 1.302705258131027222e-01
-2.093304842710494995e-01 -6.646100431680679321e-02 -2.751888036727905273e-01
-1.444355696439743042e-01 -6.648445129394531250e-02 3.802920505404472351e-02
1.510172486305236816e-01 -7.341774646192789078e-03 5.412752032279968262e-01
-5.192813873291015625e-01 2.909863889217376709e-01 -2.358922958374023438e-01
-1.190259605646133423e-01 -8.059161901473999023e-02 -3.831709176301956177e-02
3.161511570215225220e-02 5.597931891679763794e-02 1.082799062132835388e-01
7.365888357162475586e-02 1.466892659664154053e-01 2.139679715037345886e-02
-7.637386769056320190e-02 -2.451523020863533020e-02 8.135679364204406738e-02
2.283621579408645630e-02 7.258789241313934326e-02 1.369849592447280884e-01
-1.399706751108169556e-01 -1.300005465745925903e-01 3.973488882184028625e-02
7.600055634975433350e-02 2.879943847656250000e-01 3.490150347352027893e-02
-1.645844876766204834e-01 -5.737540870904922485e-02 4.272885620594024658e-02
-8.581624925136566162e-02 -4.717235639691352844e-02 9.720768034458160400e-02
2.565297484397888184e-01 -1.370789408683776855e-01 3.153498172760009766e-01
-3.803439065814018250e-02 -1.763520762324333191e-03 8.303709328174591064e-02
4.260138794779777527e-02 1.799974590539932251e-02 1.164249852299690247e-01
-5.180281028151512146e-02 9.623024612665176392e-02 1.182601600885391235e-02
2.369998991489410400e-01 5.074783563613891602e-01 -3.931545093655586243e-02
-2.522038817405700684e-01 -1.747452169656753540e-01 -6.701874732971191406e-02
1.262254863977432251e-01 3.902898728847503662e-02 1.031941100955009460e-01
-4.707264527678489685e-02 -2.370051480829715729e-02 7.284998148679733276e-02
-1.101822406053543091e-01 -1.269316822290420532e-01 1.193329989910125732e-01
-6.218260154128074646e-03 4.892126098275184631e-02 6.045598164200782776e-02
7.082329131662845612e-03 6.186161935329437256e-02 1.328933835029602051e-01
9.766579419374465942e-02 2.258299291133880615e-01 1.200703233480453491e-01
-7.469187490642070770e-03 8.910554461181163788e-03 1.488815099000930786e-01
6.867931783199310303e-02 -1.504356879740953445e-02 2.167456597089767456e-01
-2.761140279471874237e-02 -1.631234586238861084e-01 1.960878446698188782e-02
2.372294217348098755e-01 -5.873606726527214050e-02 3.400769829750061035e-01
1.879925727844238281e-01 1.412539090961217880e-02 1.689553111791610718e-01
-7.263299822807312012e-02 -3.605671226978302002e-02 8.136363327503204346e-02
-3.909314274787902832e-01 -1.965954750776290894e-01 1.132412478327751160e-01
-7.688474655151367188e-02 -3.061368875205516815e-02 4.505930840969085693e-02
1.239932514727115631e-02 5.713686719536781311e-02 9.361993521451950073e-02
-1.213747859001159668e-01 6.807246208190917969e-01 8.810619711875915527e-01
9.051368385553359985e-02 1.888338625431060791e-01 7.449628412723541260e-02
-2.095053195953369141e-01 -1.115700379014015198e-01 4.539348185062408447e-02
2.500957250595092773e-01 -4.593921452760696411e-02 2.839626669883728027e-01
-1.292391121387481689e-01 -3.989749252796173096e-01 1.721202582120895386e-01
-2.216072678565979004e-01 -2.104370445013046265e-01 -7.180815190076828003e-02
1.036340184509754181e-02 2.165964990854263306e-01 9.515676647424697876e-02
2.708160579204559326e-01 1.258105933666229248e-01 3.792792558670043945e-02
5.748337134718894958e-02 9.039738774299621582e-02 1.301262974739074707e-01
4.549987241625785828e-02 9.027729928493499756e-02 1.252491474151611328e-01
1.243849992752075195e-01 3.110936470329761505e-02 3.196446597576141357e-01
-1.415958106517791748e-01 -1.373173892498016357e-01 4.667110741138458252e-02
-3.623899444937705994e-02 1.019991785287857056e-01 3.096676431596279144e-02
1.443187296390533447e-01 2.580765448510646820e-02 1.260577589273452759e-01
1.757127977907657623e-02 4.080386459827423096e-01 -1.522348821163177490e-01
-2.121123820543289185e-01 -9.894268959760665894e-02 5.656319856643676758e-02
-2.166596502065658569e-01 -3.519979715347290039e-01 1.787158250808715820e-01
-1.167741790413856506e-01 -1.694217696785926819e-02 1.047185529023408890e-02
-1.111150383949279785e-01 -6.062971055507659912e-02 5.360627174377441406e-02
-1.169923916459083557e-01 -1.317403167486190796e-01 8.281730115413665771e-02
1.255557984113693237e-01 -7.622850686311721802e-02 2.099999636411666870e-01
-1.703339368104934692e-01 4.989521577954292297e-02 4.939157888293266296e-02
-2.745748460292816162e-01 -2.817452251911163330e-01 9.262640029191970825e-02
9.732414782047271729e-02 7.793815433979034424e-02 1.367051154375076294e-01
-4.099398106336593628e-02 -7.267175707966089249e-03 8.768150955438613892e-02
2.584632933139801025e-01 -1.811604052782058716e-01 3.812235891819000244e-01
-4.560899436473846436e-01 -1.880401968955993652e-01 2.510466985404491425e-02
6.921299546957015991e-02 1.672329567372798920e-02 1.001670360565185547e-01
2.042568288743495941e-02 4.379784315824508667e-02 8.905369043350219727e-02
5.517053604125976562e-02 1.106340959668159485e-01 1.298883259296417236e-01
7.825734466314315796e-02 2.922568023204803467e-01 1.417315471917390823e-02
-1.384163927286863327e-02 1.613258011639118195e-02 8.926919102668762207e-02
-3.027172386646270752e-01 -1.808266788721084595e-01 5.654198676347732544e-02
-1.985089182853698730e-01 -2.053053230047225952e-01 -5.974185466766357422e-02
1.244774274528026581e-02 -9.046322666108608246e-03 1.072896495461463928e-01
-3.544885218143463135e-01 -2.771389186382293701e-01 1.410272270441055298e-01
-7.643575966358184814e-02 4.802880063652992249e-02 8.865498006343841553e-02
1.603587567806243896e-01 -3.458589315414428711e-02 2.127636224031448364e-01
-2.975961267948150635e-01 -1.771222054958343506e-01 1.471274197101593018e-01
-2.491742745041847229e-02 1.118236314505338669e-02 9.393689781427383423e-02
1.395945847034454346e-01 9.954662621021270752e-02 1.082822605967521667e-01
3.060614168643951416e-01 1.069283485412597656e-01 1.207507997751235962e-01
2.343815118074417114e-01 3.693136870861053467e-01 -8.522184193134307861e-02
-2.060727924108505249e-01 -9.606659412384033203e-02 -2.014765292406082153e-01
-2.568905986845493317e-02 -2.003914117813110352e-02 1.330918669700622559e-01
-1.458316445350646973e-01 -1.204599887132644653e-01 6.525540351867675781e-02
-4.235947877168655396e-02 1.311770230531692505e-01 1.670279204845428467e-01
-1.351358145475387573e-01 -8.062832057476043701e-02 5.475374311208724976e-02
-5.958416685461997986e-02 -5.051327869296073914e-02 1.212425008416175842e-01
-2.725017964839935303e-01 -1.757342070341110229e-01 8.979299664497375488e-02
-2.420853823423385620e-02 1.749103888869285583e-02 1.079972684383392334e-01
-1.726282984018325806e-01 -8.764094114303588867e-02 5.084144696593284607e-02
-1.163250729441642761e-01 -4.339450597763061523e-02 5.178624764084815979e-02
4.678571596741676331e-02 2.271589040756225586e-01 1.483211219310760498e-01
-4.515387117862701416e-02 1.510840374976396561e-02 8.340710401535034180e-02
7.437988370656967163e-02 2.702949345111846924e-01 -1.161016523838043213e-02
4.748562723398208618e-02 2.448880374431610107e-01 4.413227736949920654e-02
-7.595857977867126465e-02 -4.385450109839439392e-02 8.186133205890655518e-02
-2.265136837959289551e-01 -2.772367000579833984e-01 -1.199801489710807800e-01
-3.434391617774963379e-01 8.809798955917358398e-02 -1.906672716140747070e-01
-4.080682247877120972e-02 4.635554924607276917e-02 8.257175236940383911e-02
3.335148692131042480e-01 6.537850946187973022e-03 4.182492941617965698e-02
-3.586218506097793579e-02 1.546188164502382278e-02 8.996052294969558716e-02
1.622688025236129761e-01 2.450953423976898193e-01 1.915475279092788696e-01
9.342394024133682251e-02 1.638148128986358643e-01 -5.212110932916402817e-03
-2.896216511726379395e-02 -3.218814730644226074e-02 8.651836961507797241e-02
5.109671875834465027e-02 1.059752553701400757e-01 1.819419115781784058e-01
-4.574009776115417480e-01 -1.262874752283096313e-01 9.966184943914413452e-02
-6.147879734635353088e-02 -2.468363381922245026e-02 1.121613681316375732e-01
-2.897359244525432587e-02 3.097074031829833984e-01 5.720916390419006348e-01
-2.373396009206771851e-01 -3.387130498886108398e-01 5.438648164272308350e-02
2.025076448917388916e-01 1.097700651735067368e-02 2.266124337911605835e-01
6.680307537317276001e-02 4.486650601029396057e-02 1.999034434556961060e-01
-1.611216813325881958e-01 -1.756538897752761841e-01 1.660947352647781372e-01
-1.452946066856384277e-01 -9.252063184976577759e-02 -3.083103895187377930e-02
6.683216243982315063e-02 8.989161252975463867e-02 4.352363049983978271e-01
8.236557990312576294e-02 1.716552227735519409e-01 5.487036332488059998e-02
-6.514556407928466797e-01 -2.435909211635589600e-01 3.465532362461090088e-01
2.144606411457061768e-02 7.593789696693420410e-02 1.055063083767890930e-01
5.260806530714035034e-02 2.262815386056900024e-01 6.263310462236404419e-02
-2.285511195659637451e-01 -1.676698774099349976e-01 4.426285251975059509e-02
-9.628234803676605225e-02 -7.316241040825843811e-03 8.555743843317031860e-02
-2.045963853597640991e-01 -2.621748745441436768e-01 -4.478401318192481995e-02
-1.799149960279464722e-01 -3.509536683559417725e-01 -1.528160721063613892e-01
-2.169141620397567749e-01 -1.174915805459022522e-01 3.409184515476226807e-02
-1.736159808933734894e-02 8.088120073080062866e-02 1.070265322923660278e-01
-2.501923441886901855e-01 -1.791506409645080566e-01 3.081729169934988022e-03
1.432173103094100952e-01 1.372486203908920288e-01 2.715882845222949982e-02
-2.186269015073776245e-01 -4.738673567771911621e-01 6.590171158313751221e-02
-1.029775813221931458e-01 -6.987667828798294067e-02 7.813166826963424683e-02
2.988498099148273468e-02 -3.115401044487953186e-02 7.766569405794143677e-02
-2.146120816469192505e-01 -1.924282461404800415e-01 1.203424483537673950e-01
-1.730521321296691895e-01 -1.485842615365982056e-01 1.959782280027866364e-02
-9.592212736606597900e-02 -4.485385119915008545e-02 2.630532719194889069e-02
2.720291540026664734e-02 7.185941189527511597e-02 8.648709952831268311e-02
5.015415698289871216e-02 1.088969931006431580e-01 1.214069426059722900e-01
-1.823381930589675903e-01 -1.044821515679359436e-01 5.540882796049118042e-02
-4.442200530320405960e-03 7.721737772226333618e-02 4.683747142553329468e-02
6.184839457273483276e-02 9.952215105295181274e-02 5.687768384814262390e-02
6.630712151527404785e-01 2.742075026035308838e-01 -6.450864076614379883e-01
-2.091644108295440674e-01 -1.868060082197189331e-01 -1.296474188566207886e-01
-3.005670011043548584e-01 -2.490510493516921997e-01 1.302933990955352783e-01
-3.786546736955642700e-02 -1.644199341535568237e-02 4.496669024229049683e-02
-7.223913818597793579e-02 -1.847314834594726562e-02 7.867304235696792603e-02
1.582991927862167358e-01 2.506535649299621582e-01 -1.659780740737915039e-01
-7.576216012239456177e-02 -1.562910079956054688e-01 -3.603619635105133057e-01
-2.568319253623485565e-02 -4.488601814955472946e-03 5.386302247643470764e-02
-9.877163171768188477e-02 5.896416679024696350e-02 1.034198403358459473e-01
-8.995646983385086060e-02 -3.881207108497619629e-02 3.297849372029304504e-02
2.439840883016586304e-01 6.774120032787322998e-02 1.430113315582275391e-01
1.343018114566802979e-01 4.029424488544464111e-02 2.075981795787811279e-01
-1.738556027412414551e-01 -1.506970226764678955e-01 -1.219511032104492188e-04
-2.448767572641372681e-01 -1.059306412935256958e-01 -2.343666367232799530e-02
-6.774862110614776611e-02 -1.967120356857776642e-02 9.121279418468475342e-02
1.694644838571548462e-01 -6.299836188554763794e-02 4.561263322830200195e-01
3.498145639896392822e-01 1.522417962551116943e-01 1.710435897111892700e-01
4.778989031910896301e-02 6.129188463091850281e-02 2.290087342262268066e-01
-1.580282673239707947e-02 7.095081806182861328e-01 -3.032198250293731689e-01
5.172753706574440002e-02 -3.098412752151489258e-01 -7.069709300994873047e-01
-1.094015538692474365e-01 -6.237012147903442383e-02 8.042718470096588135e-02
1.971918791532516479e-01 3.060991466045379639e-01 -1.250449270009994507e-01
-4.710525870323181152e-01 -6.280608475208282471e-02 1.652769744396209717e-02
-1.002667248249053955e-01 -5.491260066628456116e-02 5.008475854992866516e-02
3.637776896357536316e-02 1.429789066314697266e-01 1.526381671428680420e-01
-1.322371363639831543e-01 -7.055114954710006714e-02 4.072391614317893982e-02
-7.348451763391494751e-02 4.817155003547668457e-02 9.472471475601196289e-02
-2.624591290950775146e-01 -5.858666822314262390e-02 -1.091061439365148544e-02
-1.217603236436843872e-01 -8.558138459920883179e-02 9.529199451208114624e-02
-5.281233042478561401e-02 -4.079810809344053268e-03 8.672790229320526123e-02
2.694343924522399902e-01 2.820757627487182617e-01 -1.251447051763534546e-01
-1.045139059424400330e-01 -1.120714694261550903e-01 9.650176763534545898e-02
-1.368379294872283936e-01 -7.036930322647094727e-02 6.769373267889022827e-02
5.528763309121131897e-02 9.284757077693939209e-02 1.078261435031890869e-01
3.224091976881027222e-02 8.441154658794403076e-02 9.406103193759918213e-02
-1.659953892230987549e-01 -2.405962944030761719e-01 -1.031496450304985046e-01
2.509180903434753418e-01 2.298934012651443481e-01 6.655890494585037231e-02
2.336273044347763062e-01 1.367522329092025757e-01 1.190190315246582031e-01
-3.730656206607818604e-01 -2.002308331429958344e-02 -1.075710058212280273e-01
-1.559387445449829102e-01 -3.699963986873626709e-01 -2.834835834801197052e-02
5.676648020744323730e-02 1.612912565469741821e-01 9.485862404108047485e-02
2.620241045951843262e-01 1.432567983865737915e-01 1.108706593513488770e-01
-1.354397982358932495e-01 -3.934415057301521301e-02 1.802660338580608368e-02
4.999049380421638489e-02 2.213434725999832153e-01 1.639225631952285767e-01
-2.755279652774333954e-02 1.244000252336263657e-02 8.601194620132446289e-02
-1.091254651546478271e-01 -6.424807757139205933e-02 1.899472810328006744e-02
4.037069901823997498e-02 2.198056131601333618e-01 1.951429545879364014e-01
-3.351179510354995728e-02 -2.037648484110832214e-02 1.019110754132270813e-01
3.379164636135101318e-02 1.331558674573898315e-01 2.619969248771667480e-01
-3.291296362876892090e-01 -2.244477719068527222e-01 -1.299738185480237007e-03
1.449282281100749969e-02 -2.081110142171382904e-02 1.023891866207122803e-01
1.509842276573181152e-02 -7.902972400188446045e-02 1.366294026374816895e-01
-3.061444684863090515e-02 -3.037983179092407227e-02 1.165198758244514465e-01
-1.803303062915802002e-01 -2.192989587783813477e-01 -2.524733245372772217e-01
1.179675832390785217e-01 9.200152009725570679e-02 9.300350397825241089e-02
6.971661746501922607e-02 1.974981464445590973e-02 9.483212977647781372e-02
-4.388353601098060608e-02 -2.060619369149208069e-02 -6.752392649650573730e-02
-2.696434780955314636e-02 5.706526339054107666e-02 9.142842143774032593e-02
3.783518448472023010e-02 8.600383996963500977e-02 1.246205568313598633e-01
-5.197165012359619141e-01 -4.775223731994628906e-01 -2.132761627435684204e-01
-1.148781552910804749e-01 -8.063812553882598877e-02 1.142309159040451050e-01
-3.660947829484939575e-02 -1.044015511870384216e-01 9.738589823246002197e-02
-2.289700359106063843e-01 -7.998117245733737946e-03 2.249820716679096222e-02
8.994889259338378906e-02 1.162693127989768982e-01 7.566948980093002319e-02
1.098396815359592438e-02 1.386509686708450317e-01 1.508711725473403931e-01
-5.709047988057136536e-02 3.093955218791961670e-01 3.981716036796569824e-01
-2.102986872196197510e-01 -1.001510992646217346e-01 2.548552751541137695e-01
-1.883287131786346436e-01 -9.084041416645050049e-02 6.540104746818542480e-02
-9.316105395555496216e-02 -5.044575035572052002e-02 2.754420600831508636e-02
8.799588680267333984e-01 -9.086580872535705566e-01 4.936892092227935791e-01
-3.037930428981781006e-01 -2.222262024879455566e-01 -3.467170894145965576e-02
3.990144431591033936e-01 -1.769061684608459473e-01 3.150820732116699219e-01
-1.411698311567306519e-01 -2.200150191783905029e-01 4.423489421606063843e-02
1.227497979998588562e-01 3.012505359947681427e-02 1.311907619237899780e-01
-4.329212009906768799e-02 1.548468973487615585e-02 1.106907501816749573e-01
3.926777467131614685e-02 1.440717428922653198e-01 7.240761816501617432e-02
1.405373662710189819e-01 8.283340185880661011e-02 3.537767827510833740e-01
-2.302075326442718506e-01 -5.593803897500038147e-02 -1.342570334672927856e-01
-9.981360286474227905e-02 -1.921630501747131348e-01 9.282687306404113770e-02
-4.039728045463562012e-01 -6.042976304888725281e-02 7.413831353187561035e-02
-5.335541069507598877e-02 1.002926975488662720e-01 1.008439511060714722e-01
1.484384387731552124e-01 1.856353282928466797e-01 8.736755698919296265e-02
-1.346347481012344360e-01 -1.003232449293136597e-01 4.660321772098541260e-02
-2.704433500766754150e-01 -2.600260078907012939e-01 -1.016979292035102844e-01
1.069221296347677708e-03 1.679711639881134033e-01 1.108716130256652832e-01
2.407992258667945862e-02 3.710809350013732910e-02 1.188910007476806641e-01
-3.355459272861480713e-01 -1.416752189397811890e-01 -2.117571681737899780e-01
-7.804875075817108154e-02 5.249132215976715088e-02 1.004861593246459961e-01
1.651088446378707886e-01 1.532158702611923218e-01 1.219263672828674316e-01
-1.062980219721794128e-01 -1.084529981017112732e-01 9.486979246139526367e-02
-8.364119380712509155e-02 -4.851074144244194031e-02 8.574540913105010986e-02
1.775108128786087036e-01 2.186732888221740723e-01 5.731041729450225830e-02
-4.767940938472747803e-02 -6.843466311693191528e-02 1.560915112495422363e-01
-5.711950361728668213e-02 -2.542196027934551239e-02 9.067461639642715454e-02
-1.299774795770645142e-01 -5.301692709326744080e-02 4.156621918082237244e-02
6.682945042848587036e-02 -3.022346086800098419e-02 2.495338022708892822e-01
-2.378979697823524475e-02 4.270731657743453979e-02 4.475915059447288513e-02
-2.012234181165695190e-01 -6.733722239732742310e-02 1.394746601581573486e-01
1.310541480779647827e-01 3.220344483852386475e-01 -1.297463662922382355e-02
-5.824315920472145081e-02 -4.194550216197967529e-02 9.231494367122650146e-02
1.290995031595230103e-01 1.025226861238479614e-01 2.003553807735443115e-01
-1.557527482509613037e-01 -1.050368025898933411e-01 6.140323728322982788e-02
-2.136532664299011230e-01 -5.320345610380172729e-02 7.807467877864837646e-02
1.044626459479331970e-01 1.085264533758163452e-01 6.917164474725723267e-02
-1.079855933785438538e-01 -5.887572839856147766e-02 6.385783106088638306e-02
8.535551279783248901e-02 1.813804358243942261e-02 1.905643641948699951e-01
8.471980094909667969e-01 -7.861478328704833984e-01 -4.276563972234725952e-02
-1.150778383016586304e-01 -8.961708843708038330e-02 9.915983676910400391e-02
-2.776513397693634033e-01 -1.884648576378822327e-02 1.186256408691406250e-01
-2.517651915550231934e-01 -2.378234267234802246e-01 -9.356339275836944580e-02
2.845904417335987091e-02 5.690134689211845398e-02 1.583843976259231567e-01
-1.449139416217803955e-01 -5.853793770074844360e-02 6.621733307838439941e-02
6.845813989639282227e-02 2.689749002456665039e-01 1.135127320885658264e-01
1.260830610990524292e-01 1.911631375551223755e-01 1.290570944547653198e-01
8.456122875213623047e-02 1.391911804676055908e-01 7.398520410060882568e-02
-1.592299789190292358e-01 -1.252671033143997192e-01 -4.797884821891784668e-02
7.938478142023086548e-02 2.298568487167358398e-01 6.154794245958328247e-02
-7.453797757625579834e-02 -1.480287220329046249e-02 5.650583282113075256e-02
-2.073195017874240875e-02 -2.784262597560882568e-02 1.239069849252700806e-01
-2.875591516494750977e-01 -1.758353263139724731e-01 1.280626505613327026e-01
-7.438565790653228760e-02 -1.299663633108139038e-02 1.343139261007308960e-01
-2.179808542132377625e-02 1.874294318258762360e-02 4.662861302495002747e-02
7.487013936042785645e-02 1.036211252212524414e-01 7.232052832841873169e-02
-1.360398530960083008e-01 -1.101623326539993286e-01 7.730538398027420044e-02
1.371955722570419312e-01 8.185292780399322510e-02 1.119416579604148865e-01
1.280086040496826172e-01 8.510155230760574341e-02 2.052321434020996094e-01
1.924846321344375610e-01 2.358303666114807129e-01 3.994936496019363403e-02
-1.587609946727752686e-02 3.806150704622268677e-02 1.134352684020996094e-01
2.864788472652435303e-01 3.453123867511749268e-01 -6.983143091201782227e-02
-3.534063100814819336e-01 -1.155220493674278259e-01 -1.133475676178932190e-01
6.951953750103712082e-03 4.497428983449935913e-02 1.050585135817527771e-01
-1.274716705083847046e-01 -3.266134560108184814e-01 -1.824475824832916260e-01
6.307818740606307983e-02 2.387168444693088531e-02 1.194169297814369202e-01
-7.406821846961975098e-02 -1.943995356559753418e-01 6.977324932813644409e-02
-3.600434660911560059e-01 -9.484917670488357544e-02 1.954991929233074188e-02
7.423046231269836426e-02 1.028752923011779785e-01 4.539225623011589050e-02
-1.677221506834030151e-01 -1.001496911048889160e-01 7.005670666694641113e-02
-6.771992892026901245e-02 -3.469307348132133484e-02 9.913640469312667847e-02
-4.554159045219421387e-01 -3.343650400638580322e-01 2.055760659277439117e-02
-4.375655949115753174e-01 5.320112407207489014e-02 1.651763767004013062e-01
-8.305419981479644775e-02 -1.706615835428237915e-01 1.051687523722648621e-01
-1.284045539796352386e-02 9.350092709064483643e-02 8.044664561748504639e-02
3.583300709724426270e-01 1.896951496601104736e-01 -3.814082825556397438e-03
5.220071077346801758e-01 -4.575309157371520996e-01 2.059291154146194458e-01
6.227251142263412476e-02 1.474290937185287476e-01 1.776265352964401245e-01
9.709097445011138916e-03 6.081912294030189514e-02 9.598815441131591797e-02
-3.201426565647125244e-01 -1.619684696197509766e-01 -1.196631342172622681e-01
3.252319619059562683e-02 2.155426293611526489e-01 2.733869552612304688e-01
3.175253793597221375e-02 6.691541522741317749e-02 1.172469183802604675e-01
-1.181654483079910278e-01 -2.693566381931304932e-01 1.341178119182586670e-01
6.741148978471755981e-02 1.642884463071823120e-01 1.104464456439018250e-01
-7.396596483886241913e-03 1.067085042595863342e-01 7.776474952697753906e-02
-2.031879499554634094e-02 -1.295286975800991058e-02 8.072626590728759766e-02
-1.104582622647285461e-01 -6.491451710462570190e-02 1.129411533474922180e-01
8.192129433155059814e-02 -5.555152310989797115e-04 1.557231545448303223e-01
-1.098149865865707397e-01 1.877637580037117004e-02 1.626789011061191559e-02
-1.255163177847862244e-02 -1.681344211101531982e-01 -3.623132780194282532e-02
4.397830069065093994e-01 -5.289800763130187988e-01 7.083178758621215820e-01
-6.782580912113189697e-02 -4.411480203270912170e-02 3.712181374430656433e-02
2.504939585924148560e-02 1.091224178671836853e-01 8.357753604650497437e-02
1.663779467344284058e-01 -2.479607705026865005e-03 2.220316380262374878e-01
-2.670502960681915283e-01 -2.225652635097503662e-01 -5.000143125653266907e-02
-4.894419759511947632e-02 4.796959925442934036e-03 9.737966954708099365e-02
1.118455678224563599e-01 1.401347965002059937e-01 1.054453998804092407e-01
-1.560551375150680542e-01 -3.850890696048736572e-02 3.709752857685089111e-02
1.437666565179824829e-01 2.433370985090732574e-02 1.121844202280044556e-01
1.833134293556213379e-01 3.526282012462615967e-01 -3.842142224311828613e-02
-1.178592145442962646e-01 -8.905311673879623413e-02 -2.677634917199611664e-02
7.620121538639068604e-02 8.022248744964599609e-02 1.773668527603149414e-01
1.226662397384643555e-01 7.858166098594665527e-02 1.134338974952697754e-01
-2.098175734281539917e-01 -2.649012506008148193e-01 6.617032457143068314e-03
2.961847186088562012e-02 3.957233577966690063e-02 -4.714692384004592896e-02
-6.548625975847244263e-02 8.997515775263309479e-03 4.730125516653060913e-02
9.333473630249500275e-03 5.393519997596740723e-02 1.222764626145362854e-01
-7.563287764787673950e-02 -2.352630048990249634e-01 -1.741781830787658691e-01
-2.319249212741851807e-01 -1.730074435472488403e-01 3.993156924843788147e-02
-2.323592826724052429e-02 7.252607494592666626e-02 7.849457673728466034e-03
-1.788545101881027222e-01 -1.905301511287689209e-01 7.729436457157135010e-02
-6.764996796846389771e-02 -2.748657390475273132e-02 8.239069581031799316e-02
8.747696876525878906e-02 2.329265475273132324e-01 4.955511912703514099e-02
-9.791143238544464111e-03 3.756085038185119629e-02 8.946966379880905151e-02
-8.723618090152740479e-02 -1.775450445711612701e-02 8.817701786756515503e-02
-5.545370653271675110e-02 -2.616171166300773621e-02 8.538220822811126709e-02
-1.657906025648117065e-01 -1.241650059819221497e-01 2.486628107726573944e-02
1.335473209619522095e-01 7.489278167486190796e-02 1.953309029340744019e-01
-7.533080130815505981e-02 -3.122123889625072479e-03 9.887320548295974731e-02
-1.229312866926193237e-01 -1.180718168616294861e-01 8.600807189941406250e-02
-8.296018093824386597e-02 -3.824197128415107727e-02 1.153521314263343811e-01
1.670724898576736450e-01 8.493301272392272949e-02 2.825902700424194336e-01
-8.276082575321197510e-02 -5.020361766219139099e-02 8.892247080802917480e-02
3.224348425865173340e-01 3.818036615848541260e-01 -4.534088075160980225e-01
-5.135779082775115967e-02 -2.262707799673080444e-01 1.793731153011322021e-01
9.363451600074768066e-02 5.217037349939346313e-02 1.585210114717483521e-01
-9.058391675353050232e-03 1.605850905179977417e-01 2.551420927047729492e-01
-1.940905749797821045e-01 -2.196815013885498047e-01 7.615099847316741943e-02
5.428117513656616211e-01 -1.225396990776062012e-01 7.062934339046478271e-02
-2.712779939174652100e-01 -2.550334669649600983e-02 4.644479602575302124e-03
-1.545232534408569336e-01 -1.939712762832641602e-01 1.148876696825027466e-01
7.535359263420104980e-02 3.405058085918426514e-01 -7.936576008796691895e-02
1.414908617734909058e-01 3.504603356122970581e-02 3.195327818393707275e-01
-2.601846158504486084e-01 -2.160082757472991943e-01 5.068196728825569153e-02
-4.662576913833618164e-01 -1.699075549840927124e-01 2.062704563140869141e-01
-2.123847156763076782e-01 -2.068158090114593506e-01 5.673294141888618469e-02
1.768217235803604126e-01 -5.703362450003623962e-02 3.312860429286956787e-01
-1.458993554115295410e-01 -5.171481370925903320e-01 5.609435215592384338e-02
-1.243887748569250107e-02 5.569586157798767090e-02 1.119368970394134521e-01
-4.805861115455627441e-01 -1.521398574113845825e-01 1.615714132785797119e-01
6.088079512119293213e-02 3.046794235706329346e-02 1.660570800304412842e-01
5.944443941116333008e-01 4.721757769584655762e-01 -5.387709140777587891e-01
1.602806448936462402e-01 2.615779936313629150e-01 9.468980878591537476e-02
-3.460044860839843750e-01 -1.443633437156677246e-01 1.330499816685914993e-02
-2.644703164696693420e-02 3.812118247151374817e-02 6.680779159069061279e-02
-2.763971090316772461e-01 -5.080303922295570374e-02 1.040966734290122986e-01
-4.277306795120239258e-02 2.215315029025077820e-02 8.658654987812042236e-02
5.447429791092872620e-02 3.093532286584377289e-02 1.318386346101760864e-01
-1.647692620754241943e-01 -1.424335539340972900e-01 3.991472721099853516e-02
-9.202276170253753662e-02 -1.002638787031173706e-01 8.376669883728027344e-02
-1.229469180107116699e-01 -4.040034115314483643e-02 5.589099228382110596e-02
-1.107590720057487488e-01 -2.769444584846496582e-01 -4.778052121400833130e-02
2.915345728397369385e-01 1.660138517618179321e-01 6.765226274728775024e-02
-2.730171382427215576e-01 -3.291609585285186768e-01 5.974212288856506348e-02
-8.507826924324035645e-02 -4.591807723045349121e-02 1.303572654724121094e-01
-1.602295190095901489e-01 -2.246023714542388916e-01 -2.257671207189559937e-03
2.972792088985443115e-01 1.846085339784622192e-01 -3.378777951002120972e-02
-6.139931827783584595e-02 -4.097139090299606323e-02 7.248283177614212036e-02
-2.424130216240882874e-02 -2.767509408295154572e-02 1.141642630100250244e-01
-1.063777599483728409e-02 2.172420360147953033e-02 1.205779612064361572e-01
-9.606316685676574707e-02 -1.342835128307342529e-01 -1.180388778448104858e-01
-6.093076616525650024e-02 2.625630497932434082e-01 4.176121056079864502e-01
3.123208694159984589e-02 5.766426399350166321e-02 5.137217789888381958e-02
-8.524207770824432373e-02 -1.063178926706314087e-01 8.457823842763900757e-02
5.631453990936279297e-01 3.322291187942028046e-03 -5.975130479782819748e-03
-3.021138906478881836e-01 -1.510978490114212036e-01 -1.798966154456138611e-02
-8.420729637145996094e-02 -6.656254082918167114e-02 8.190970122814178467e-02
-4.160705208778381348e-02 2.070141583681106567e-02 7.497131079435348511e-02
-2.100823521614074707e-01 -1.152904480695724487e-01 8.307044953107833862e-02
-8.311824873089790344e-03 3.035231120884418488e-02 7.689468562602996826e-02
-5.704488605260848999e-02 -1.063151955604553223e-01 1.086164563894271851e-01
1.373250633478164673e-01 5.177064239978790283e-02 2.227995991706848145e-01
-2.972017228603363037e-01 -2.235728204250335693e-01 1.590438783168792725e-01
-5.554245784878730774e-02 3.610577285289764404e-01 4.296574294567108154e-01
1.585810333490371704e-01 3.463215008378028870e-02 2.529537975788116455e-01
-9.192386642098426819e-03 -2.051219157874584198e-02 5.955907329916954041e-02
2.322356030344963074e-02 6.950117647647857666e-03 1.321716904640197754e-01
-2.413492351770401001e-01 -2.912023365497589111e-01 -7.693198509514331818e-03
-2.060444802045822144e-01 -2.424591183662414551e-01 1.117628440260887146e-01
5.246665794402360916e-03 5.464245006442070007e-02 7.418768107891082764e-02
2.221867293119430542e-01 7.301151752471923828e-02 1.801937520503997803e-01
5.078242719173431396e-02 9.467301517724990845e-02 9.070156514644622803e-02
1.627713069319725037e-02 2.129719965159893036e-02 1.257424205541610718e-01
1.360955089330673218e-01 1.477531194686889648e-01 9.670754522085189819e-02
-2.343781292438507080e-01 -1.504189074039459229e-01 -1.224433556199073792e-01
-1.092497035861015320e-01 -6.034863367676734924e-02 6.590016186237335205e-02
7.834351062774658203e-02 3.811518549919128418e-01 9.643586724996566772e-02
-6.369487196207046509e-02 1.223567291162908077e-03 6.607449054718017578e-02
-1.627831906080245972e-02 7.821579463779926300e-03 9.362393617630004883e-02
1.567229814827442169e-02 3.581091295927762985e-03 1.289968490600585938e-01
-2.335820943117141724e-01 -1.938917785882949829e-01 5.778626725077629089e-02
-1.860935389995574951e-01 -2.110646665096282959e-01 -9.269297122955322266e-02
1.078027766197919846e-03 1.873557865619659424e-01 4.663673043251037598e-02
3.092335350811481476e-02 2.027546167373657227e-01 1.441626250743865967e-02
-2.730843424797058105e-01 -2.999937534332275391e-01 -1.065625157207250595e-02
1.325001418590545654e-01 2.062884420156478882e-01 1.912244111299514771e-01
-1.217177044600248337e-02 -1.079679280519485474e-01 1.177977770566940308e-01
-3.584733605384826660e-02 8.903324604034423828e-02 1.323130875825881958e-01
-2.673525810241699219e-01 -1.336215287446975708e-01 6.557025760412216187e-02
3.048574738204479218e-02 1.264277249574661255e-01 1.012761518359184265e-02
6.801069527864456177e-02 7.155089825391769409e-02 1.111244112253189087e-01
-1.696898639202117920e-01 -2.835027277469635010e-01 6.647775322198867798e-02
-1.676589250564575195e-02 3.298284485936164856e-02 9.445316344499588013e-02
1.160651817917823792e-02 7.400156557559967041e-02 9.820716828107833862e-02
-1.822931575588881969e-03 6.555686704814434052e-03 1.094446778297424316e-01
-4.791582748293876648e-02 -1.219862513244152069e-02 5.537142232060432434e-02
8.132296800613403320e-02 8.987034857273101807e-02 1.315993368625640869e-01
-1.531562022864818573e-02 3.615351021289825439e-02 1.158169507980346680e-01
7.857216894626617432e-02 2.835244536399841309e-01 8.094941824674606323e-02
4.652579128742218018e-02 8.467603474855422974e-02 1.230654716491699219e-01
4.971596598625183105e-01 2.614742219448089600e-01 -3.611388057470321655e-02
2.033403962850570679e-01 2.193157672882080078e-01 -1.128013245761394501e-02
-1.159575507044792175e-01 3.177870437502861023e-02 4.362872615456581116e-02
-1.375104486942291260e-01 -1.320925801992416382e-01 -4.941721446812152863e-03
-3.854611143469810486e-02 3.749165683984756470e-02 9.041125327348709106e-02
-4.061519727110862732e-02 -9.370534867048263550e-02 7.693506777286529541e-02
-9.516563266515731812e-03 1.769285500049591064e-01 4.027993604540824890e-02
-5.162745341658592224e-02 1.730906814336776733e-01 5.388710647821426392e-02
4.691473767161369324e-02 9.726377576589584351e-02 2.047555446624755859e-01
-8.640507608652114868e-02 -3.264827281236648560e-02 7.870980352163314819e-02
-2.275941371917724609e-01 -1.089255884289741516e-01 1.042291522026062012e-01
-1.031165346503257751e-01 -4.882754758000373840e-02 3.794659301638603210e-02
-2.352377772331237793e-01 -1.873895972967147827e-01 -1.750034280121326447e-02
1.547537837177515030e-02 1.266319155693054199e-01 4.705637693405151367e-02
-2.108523100614547729e-01 -1.797950416803359985e-01 -8.413652889430522919e-03
-8.024208992719650269e-02 -1.239040046930313110e-01 3.582508489489555359e-02
-1.704852581024169922e-01 -2.645631134510040283e-01 1.967772692441940308e-01
-4.705930650234222412e-01 -3.196676373481750488e-01 1.607833802700042725e-02
-4.101105034351348877e-01 2.174940193071961403e-03 1.584334881044924259e-03
-5.555644631385803223e-02 -3.459198027849197388e-02 5.322595313191413879e-02
2.283646166324615479e-01 3.360037505626678467e-01 -1.091218814253807068e-01
-1.200366914272308350e-01 -4.300606623291969299e-02 9.709051251411437988e-02
3.520038723945617676e-02 4.612947255373001099e-02 8.997237682342529297e-02
4.643948972225189209e-01 -5.614568665623664856e-02 2.464213073253631592e-01
-1.677618622779846191e-01 -1.165560558438301086e-01 1.572020538151264191e-02
-1.287433803081512451e-01 4.455222934484481812e-02 1.050896123051643372e-01
1.776206940412521362e-01 -1.594126224517822266e-04 1.256101429462432861e-01
2.633593380451202393e-01 5.615136027336120605e-02 -1.344769541174173355e-02
1.367430090904235840e-01 3.609540760517120361e-01 -1.506570428609848022e-01
-5.972803011536598206e-02 3.095549531280994415e-02 8.569522760808467865e-03
9.610749036073684692e-02 4.849112592637538910e-03 3.155602142214775085e-02
-1.370474100112915039e-01 -9.412106126546859741e-02 -1.075896248221397400e-01
1.836797036230564117e-02 -4.185562580823898315e-02 1.608427464962005615e-01
-1.776687353849411011e-01 -3.106990754604339600e-01 6.510310620069503784e-02
2.947223782539367676e-01 2.587551018223166466e-03 2.186211347579956055e-01
-2.545531094074249268e-01 -1.866906881332397461e-01 3.271150868386030197e-03
-1.073976159095764160e-01 -3.452916443347930908e-02 7.900351285934448242e-02
9.712892025709152222e-02 1.002197414636611938e-01 -4.696223884820938110e-02
2.136069349944591522e-02 -1.336317360401153564e-01 1.955273002386093140e-01
-2.324798405170440674e-01 -2.429764866828918457e-01 -4.153483361005783081e-02
-6.601706892251968384e-02 1.118601337075233459e-01 1.450548022985458374e-01
8.937250077724456787e-02 4.029134660959243774e-02 2.368533164262771606e-01
2.621294260025024414e-01 -6.318610161542892456e-02 1.408384144306182861e-01
1.111556887626647949e-01 1.774698942899703979e-01 3.242789208889007568e-01
1.728398841805756092e-03 1.767519861459732056e-02 6.419856101274490356e-02
-1.580074578523635864e-01 -2.602227628231048584e-01 -8.876503258943557739e-02
9.638513624668121338e-02 2.665837109088897705e-02 2.185426354408264160e-01
-1.963904052972793579e-01 -7.456028461456298828e-02 -7.078708149492740631e-03
-2.022810429334640503e-01 -1.453561037778854370e-01 6.423450261354446411e-02
5.802844762802124023e-01 -5.452006459236145020e-01 5.923298001289367676e-01
1.478729993104934692e-01 2.645812630653381348e-01 5.249896273016929626e-02
-4.947834461927413940e-02 -2.268173545598983765e-02 1.519412398338317871e-01
1.141598522663116455e-01 -1.122184693813323975e-01 1.453384310007095337e-01
-4.088080301880836487e-02 -6.439567077904939651e-03 8.636710047721862793e-02
2.875012755393981934e-01 -6.547927111387252808e-02 3.828983604907989502e-01
8.448323607444763184e-02 -2.927747927606105804e-02 1.501577049493789673e-01
-1.483607739210128784e-01 -5.484012961387634277e-01 2.262068986892700195e-01
-1.138997673988342285e-01 -1.002536341547966003e-01 1.594305783510208130e-01
1.584037542343139648e-01 -4.931141622364521027e-03 3.951852619647979736e-01
-1.957149207592010498e-01 -9.887224435806274414e-02 6.423444300889968872e-02
-5.103750899434089661e-02 1.026873737573623657e-01 7.843290269374847412e-02
-8.816211670637130737e-02 -4.367927089333534241e-02 6.165809184312820435e-02
-2.085276246070861816e-01 -6.801156699657440186e-02 5.067206919193267822e-02
-2.297477722167968750e-01 -1.147402301430702209e-01 1.927774772047996521e-02
-1.395106688141822815e-02 3.156978264451026917e-02 8.943226933479309082e-02
3.236033394932746887e-02 4.639907926321029663e-02 1.049601659178733826e-01
-2.957917153835296631e-01 -2.886381447315216064e-01 3.244345635175704956e-02
-3.721424341201782227e-01 -2.131929546594619751e-01 2.128642946481704712e-01
-2.170482426881790161e-01 -1.680099964141845703e-01 1.694415695965290070e-02
-1.856737136840820312e-01 -3.076691329479217529e-01 -2.399115711450576782e-01
1.067937240004539490e-01 5.186969414353370667e-02 1.668432801961898804e-01
-6.548638921231031418e-03 8.730323985219001770e-03 9.364549070596694946e-02
2.392004057765007019e-02 1.754363775253295898e-01 3.737672418355941772e-02
6.540978699922561646e-02 7.763680815696716309e-02 1.167975813150405884e-01
-1.443528663367033005e-02 -4.154993221163749695e-02 1.241554394364356995e-01
-4.582441151142120361e-01 -1.340937912464141846e-01 1.230791434645652771e-01
6.416579335927963257e-02 1.059457138180732727e-01 -1.981600932776927948e-02
1.271216291934251785e-02 6.281330436468124390e-02 4.456092789769172668e-02
1.896495819091796875e-01 3.273240029811859131e-01 -4.926879890263080597e-03
2.000868171453475952e-01 9.383620321750640869e-02 2.067716419696807861e-01
-1.110139042139053345e-01 -4.857515543699264526e-02 -2.866201102733612061e-02
-2.027290910482406616e-01 -1.490598320960998535e-01 1.067958027124404907e-01
1.106106638908386230e-01 2.276185601949691772e-01 1.232051700353622437e-01
-5.356884375214576721e-02 -3.454691916704177856e-02 8.977023512125015259e-02
-4.468033090233802795e-02 -3.861487805843353271e-01 -4.009674489498138428e-01
