3.575746715068817139e-01 -5.902253463864326477e-02 1.920127719640731812e-01 -1.096823289990425110e-01
2.956899404525756836e-01 -7.843048870563507080e-02 3.009464144706726074e-01 -1.289119720458984375e-01
3.588889539241790771e-01 -7.496609538793563843e-02 2.815026640892028809e-01 -1.261721104383468628e-01
2.780597507953643799e-01 -8.931427448987960815e-02 2.805620431900024414e-01 -1.408116519451141357e-01
2.916721105575561523e-01 -8.044447749853134155e-02 2.783369719982147217e-01 -1.390020251274108887e-01
3.318226039409637451e-01 -7.692806422710418701e-02 2.716251611709594727e-01 -1.144975125789642334e-01
3.525966107845306396e-01 1.041771620512008667e-01 1.091825366020202637e-01 -8.370058983564376831e-02
3.806416690349578857e-01 -7.579267024993896484e-02 2.627979815006256104e-01 -8.632849901914596558e-02
3.362403512001037598e-01 -7.301539182662963867e-02 2.606608569622039795e-01 -1.229220852255821228e-01
2.390118092298507690e-01 -8.801312744617462158e-02 -6.501907855272293091e-02 -2.170553952455520630e-01
3.077700734138488770e-01 -7.857201993465423584e-02 2.919289767742156982e-01 -1.171700730919837952e-01
3.551747798919677734e-01 -5.560554936528205872e-02 2.693242430686950684e-01 -1.201636344194412231e-01
1.012609377503395081e-01 1.047436222434043884e-01 1.587934494018554688e-01 -1.671937257051467896e-01
3.386984765529632568e-01 -7.267031073570251465e-02 2.757919132709503174e-01 -1.350210607051849365e-01
3.529050946235656738e-01 -7.965363562107086182e-02 2.637807428836822510e-01 -1.259628087282180786e-01
2.357827425003051758e-01 -3.687535226345062256e-02 -4.672550410032272339e-02 -2.011867314577102661e-01
2.817256748676300049e-01 -8.641544729471206665e-02 2.815594077110290527e-01 -1.292611509561538696e-01
3.407595455646514893e-01 -7.306343317031860352e-02 2.696519792079925537e-01 -1.172452941536903381e-01
3.048128187656402588e-01 -7.849840074777603149e-02 2.800699174404144287e-01 -1.275646090507507324e-01
3.555032908916473389e-01 -4.242754355072975159e-02 2.470839172601699829e-01 -1.210285201668739319e-01
3.575315773487091064e-01 -6.366228312253952026e-02 2.364813089370727539e-01 -1.147502660751342773e-01
3.338946700096130371e-01 -8.097302913665771484e-02 2.923715710639953613e-01 -1.309853792190551758e-01
2.826551198959350586e-01 -8.805442601442337036e-02 3.249576687812805176e-01 -1.213362514972686768e-01
3.532806932926177979e-01 -5.456058308482170105e-02 1.428779363632202148e-01 -5.534625798463821411e-02
2.422029972076416016e-01 -1.022351235151290894e-01 2.954971194267272949e-01 -7.698015868663787842e-02
2.068959921598434448e-01 -1.996407657861709595e-02 2.369378805160522461e-01 -1.522423028945922852e-01
3.516016900539398193e-01 -7.649499922990798950e-02 2.272158116102218628e-01 -1.351316869258880615e-01
3.553301990032196045e-01 -8.146017789840698242e-02 2.677229642868041992e-01 -1.154521703720092773e-01
3.684583604335784912e-01 -8.421210944652557373e-02 2.740124166011810303e-01 -1.195425167679786682e-01
2.357707917690277100e-01 -9.753562510013580322e-02 2.657836973667144775e-01 -1.490534096956253052e-01
3.298927247524261475e-01 -7.127354294061660767e-02 2.710062563419342041e-01 -1.255268603563308716e-01
2.592362761497497559e-01 -8.349210768938064575e-02 2.775834500789642334e-01 -1.306365430355072021e-01
2.604409456253051758e-01 -5.069405958056449890e-02 2.919545769691467285e-01 -1.259554177522659302e-01
3.605598807334899902e-01 -8.070188760757446289e-02 2.006286978721618652e-01 -1.357955336570739746e-01
3.338761627674102783e-01 -6.647209823131561279e-02 2.777337431907653809e-01 -1.249445080757141113e-01
2.566034495830535889e-01 6.179713085293769836e-02 3.633124232292175293e-01 -1.113856285810470581e-01
3.252644836902618408e-01 -8.773261308670043945e-02 2.738151848316192627e-01 -1.146965399384498596e-01
2.980540096759796143e-01 -9.352689236402511597e-02 2.629181444644927979e-01 -1.296010911464691162e-01
2.753351926803588867e-01 -8.816319704055786133e-02 2.781446576118469238e-01 -1.378286331892013550e-01
3.257596194744110107e-01 -7.816211879253387451e-02 2.820913493633270264e-01 -1.249419599771499634e-01
3.707462251186370850e-01 -5.429807305335998535e-02 2.116567641496658325e-01 -1.117619872093200684e-01
2.987773418426513672e-01 -8.456990867853164673e-02 2.773197889328002930e-01 -1.319206506013870239e-01
3.133026063442230225e-01 -7.597991079092025757e-02 2.771962285041809082e-01 -1.393423825502395630e-01
2.691170871257781982e-01 -6.773241609334945679e-02 2.817125320434570312e-01 -1.436809748411178589e-01
4.147736430168151855e-01 -4.833931103348731995e-02 2.307653278112411499e-01 -4.947470128536224365e-02
2.528026401996612549e-01 6.294904742389917374e-03 3.840980529785156250e-01 1.342340856790542603e-01
3.071866631507873535e-01 -8.050317317247390747e-02 2.738283276557922363e-01 -1.435174643993377686e-01
3.178406953811645508e-01 -6.858865171670913696e-02 2.880129516124725342e-01 -1.313529908657073975e-01
2.555829882621765137e-01 -7.598152756690979004e-02 2.652658820152282715e-01 -1.409885585308074951e-01
2.668017446994781494e-01 -8.565650880336761475e-02 2.842780053615570068e-01 -1.136593446135520935e-01
3.384598791599273682e-01 -7.849498838186264038e-02 2.680166959762573242e-01 -1.220748052000999451e-01
3.929289579391479492e-01 -4.913813620805740356e-02 2.782995700836181641e-01 -8.402466028928756714e-02
2.938832938671112061e-01 -6.564256548881530762e-02 3.843390941619873047e-01 -1.267998814582824707e-01
2.590878903865814209e-01 -3.742541074752807617e-01 -1.126981750130653381e-01 1.273293942213058472e-01
3.111329078674316406e-01 -7.789231836795806885e-02 2.753854095935821533e-01 -1.277324408292770386e-01
1.583447754383087158e-01 -8.612966537475585938e-02 2.142373025417327881e-01 -2.158898413181304932e-01
3.372086882591247559e-01 -5.423697456717491150e-02 2.675253450870513916e-01 -1.353615671396255493e-01
3.688822388648986816e-01 -8.235309273004531860e-02 2.316521704196929932e-01 -1.134540662169456482e-01
4.262773990631103516e-01 -8.511395752429962158e-02 2.486154139041900635e-01 2.222696319222450256e-02
3.443974852561950684e-01 -7.385186851024627686e-02 2.738106846809387207e-01 -1.308479160070419312e-01
3.256243765354156494e-01 -1.516924500465393066e-01 4.957093000411987305e-01 3.273174166679382324e-01
3.134029209613800049e-01 -6.955878436565399170e-02 2.807903885841369629e-01 -1.331338882446289062e-01
3.261933922767639160e-01 -7.039112597703933716e-02 2.763670384883880615e-01 -1.225804984569549561e-01
2.195592522621154785e-01 -9.964472800493240356e-02 2.642891108989715576e-01 -1.139709800481796265e-01
3.539934456348419189e-01 6.283290684223175049e-02 1.178544834256172180e-01 -5.862747132778167725e-02
2.171835601329803467e-01 -1.051394417881965637e-01 2.738607525825500488e-01 -1.670226454734802246e-01
2.687429189682006836e-01 -7.006180286407470703e-02 2.845707535743713379e-01 -1.437312066555023193e-01
4.056260287761688232e-01 1.296998411417007446e-01 1.859240978956222534e-01 9.509784728288650513e-02
2.925028800964355469e-01 -7.389638572931289673e-02 3.017763495445251465e-01 -1.375026702880859375e-01
2.335775792598724365e-01 -1.077568009495735168e-01 2.578610777854919434e-01 -1.679517924785614014e-01
3.345985710620880127e-01 -7.413531094789505005e-02 2.609695792198181152e-01 -1.127162128686904907e-01
4.549219906330108643e-01 -6.022268906235694885e-03 7.550866901874542236e-02 -1.769811362028121948e-01
3.708657324314117432e-01 -8.512076735496520996e-02 1.668273508548736572e-01 -7.603508979082107544e-02
3.609066903591156006e-01 -6.088583543896675110e-02 2.718076109886169434e-01 -1.214429140090942383e-01
3.858506977558135986e-01 -1.368387341499328613e-01 1.889595687389373779e-01 1.604866236448287964e-02
2.742262780666351318e-01 -7.651447504758834839e-02 2.656402289867401123e-01 -1.328921169042587280e-01
-1.088032722473144531e-01 -4.683814197778701782e-02 -1.306497901678085327e-01 -3.544574081897735596e-01
3.535141646862030029e-01 -5.057378858327865601e-02 2.712483704090118408e-01 -1.327315866947174072e-01
3.459207415580749512e-01 -5.197949334979057312e-02 2.384149432182312012e-01 -1.122694537043571472e-01
3.214827179908752441e-01 -7.772277295589447021e-02 2.813413739204406738e-01 -1.374268531799316406e-01
3.581994771957397461e-01 -3.613540902733802795e-02 2.564834654331207275e-01 -1.270214915275573730e-01
3.578478097915649414e-01 -8.008674532175064087e-02 2.698538899421691895e-01 -1.177188977599143982e-01
3.465457856655120850e-01 -4.266356676816940308e-02 1.330201923847198486e-01 1.168019138276576996e-02
3.504757881164550781e-01 -6.913855671882629395e-02 2.567559778690338135e-01 -1.167535856366157532e-01
2.216835170984268188e-01 -6.119270995259284973e-02 3.554065227508544922e-01 -1.676795631647109985e-02
2.677211463451385498e-01 -1.015389561653137207e-01 2.844197750091552734e-01 -1.447740793228149414e-01
1.892693191766738892e-01 5.237549915909767151e-02 2.625842988491058350e-01 -1.577488034963607788e-01
2.714385986328125000e-01 -8.972653746604919434e-02 2.592938542366027832e-01 -1.202029213309288025e-01
2.892456948757171631e-01 -9.367737919092178345e-02 2.686963081359863281e-01 -1.313579976558685303e-01
3.769977092742919922e-01 -1.337015330791473389e-01 2.237326353788375854e-01 -1.085131522268056870e-02
1.999513953924179077e-01 -1.771020144224166870e-01 2.357794046401977539e-01 -1.411987245082855225e-01
3.598985075950622559e-01 -7.363439351320266724e-02 2.440917193889617920e-01 -1.053881645202636719e-01
3.573436141014099121e-01 -5.305447056889533997e-02 2.659534215927124023e-01 -1.233873739838600159e-01
2.998728454113006592e-01 -8.269682526588439941e-02 2.875524461269378662e-01 -1.318649202585220337e-01
3.543746173381805420e-01 -7.266729325056076050e-02 2.690780162811279297e-01 -1.130333915352821350e-01
3.353375792503356934e-01 -8.344186842441558838e-02 2.924121618270874023e-01 -1.245950907468795776e-01
3.808990716934204102e-01 -7.830370962619781494e-02 2.654628157615661621e-01 -6.910782307386398315e-02
3.245010673999786377e-01 -7.184568326920270920e-03 1.032915636897087097e-01 -1.863641887903213501e-01
2.390939891338348389e-01 4.565682634711265564e-02 3.923266232013702393e-01 1.854449883103370667e-02
2.865321636199951172e-01 -8.417179435491561890e-02 2.978124618530273438e-01 -1.250676661729812622e-01
4.248539209365844727e-01 3.078622277826070786e-03 2.613674104213714600e-01 -5.124195665121078491e-02
3.893919289112091064e-01 -6.021034717559814453e-02 2.552962899208068848e-01 -9.230974316596984863e-02
5.206348896026611328e-01 -2.568835020065307617e-01 3.225758969783782959e-01 1.778878718614578247e-01
3.719419538974761963e-01 -3.298955783247947693e-02 2.002542465925216675e-01 -1.091730669140815735e-01
3.068292438983917236e-01 -1.513308612629771233e-03 4.350118637084960938e-01 1.077860593795776367e-02
3.680240213871002197e-01 -7.817112654447555542e-02 2.883723080158233643e-01 -1.156229451298713684e-01
2.737892568111419678e-01 -9.372225403785705566e-02 3.133688569068908691e-01 -9.485167264938354492e-02
3.454647660255432129e-01 -6.054967269301414490e-02 2.502200007438659668e-01 -1.354503035545349121e-01
3.346288502216339111e-01 -7.955180108547210693e-02 2.758075296878814697e-01 -1.271795332431793213e-01
3.753550946712493896e-01 -2.972587384283542633e-02 2.270481437444686890e-01 -1.177088171243667603e-01
3.612872362136840820e-01 -7.216677814722061157e-02 2.787329852581024170e-01 -1.142374202609062195e-01
1.821182668209075928e-01 8.167038112878799438e-02 2.698848843574523926e-01 -8.954595774412155151e-02
1.939627826213836670e-01 -5.564903095364570618e-02 2.431918531656265259e-01 -7.112578302621841431e-02
4.030002951622009277e-01 -4.906862601637840271e-02 2.831846177577972412e-01 -1.037844195961952209e-01
3.158754408359527588e-01 -7.996769994497299194e-02 3.081377744674682617e-01 -1.367270052433013916e-01
1.828602552413940430e-01 -9.506161510944366455e-02 2.304407060146331787e-01 -1.246746480464935303e-01
3.615280091762542725e-01 -6.303593516349792480e-02 2.575230598449707031e-01 -9.971053898334503174e-02
2.927263081073760986e-01 -9.509990364313125610e-02 2.841114997863769531e-01 -1.305876076221466064e-01
1.697872877120971680e-01 -1.536273024976253510e-02 2.311285883188247681e-01 -2.045871019363403320e-01
1.016551852226257324e-01 -4.856890439987182617e-02 1.715883016586303711e-01 3.766957297921180725e-02
4.345455020666122437e-02 -2.342141866683959961e-01 4.191467911005020142e-02 -2.142006903886795044e-01
3.691598474979400635e-01 -6.758123636245727539e-02 2.086178660392761230e-01 -5.200622230768203735e-02
2.873797416687011719e-01 2.608227133750915527e-01 -3.805065900087356567e-02 5.867296829819679260e-02
3.788646161556243896e-01 -1.150872558355331421e-01 2.499396800994873047e-01 -9.617066383361816406e-02
3.249219357967376709e-01 -6.703563779592514038e-02 2.564051151275634766e-01 -1.213927268981933594e-01
3.017216324806213379e-01 -8.214265108108520508e-02 2.889755666255950928e-01 -1.228736266493797302e-01
1.915975362062454224e-01 -4.409836232662200928e-02 2.395717948675155640e-01 -1.477317810058593750e-01
3.216230571269989014e-01 -7.250472903251647949e-02 3.029119074344635010e-01 -1.364963799715042114e-01
3.058439493179321289e-01 -8.640891313552856445e-02 2.983103990554809570e-01 -1.260064840316772461e-01
3.593673408031463623e-01 -6.143844127655029297e-02 2.831490635871887207e-01 -1.318672001361846924e-01
2.488967925310134888e-01 -7.601118087768554688e-02 3.026092946529388428e-01 -1.101423203945159912e-01
2.170773297548294067e-01 -1.088393703103065491e-01 2.662560939788818359e-01 -9.399369359016418457e-02
2.346329092979431152e-01 1.369735151529312134e-01 3.338110744953155518e-01 -1.023421958088874817e-01
4.244928061962127686e-01 -5.654766783118247986e-02 2.881394624710083008e-01 -4.783874005079269409e-02
2.682875394821166992e-01 -1.097608581185340881e-01 2.809321284294128418e-01 -1.256350278854370117e-01
3.640833795070648193e-01 -7.759519666433334351e-02 2.877667844295501709e-01 -1.092742457985877991e-01
2.904299497604370117e-01 -4.065623506903648376e-02 6.953678280115127563e-02 -1.462683081626892090e-01
3.400167822837829590e-01 4.324387758970260620e-02 1.415042430162429810e-01 -1.192769184708595276e-01
3.555077314376831055e-01 -9.939560294151306152e-02 2.110332399606704712e-01 -8.046460896730422974e-02
3.426344096660614014e-01 1.839881530031561852e-03 1.537479460239410400e-01 -1.496393978595733643e-01
3.057299554347991943e-01 1.299051493406295776e-01 3.360228613018989563e-02 -1.890289038419723511e-01
2.911530435085296631e-01 -1.019497886300086975e-01 3.029827475547790527e-01 -1.023004278540611267e-01
2.432523369789123535e-01 -8.580447733402252197e-02 2.859347760677337646e-01 -9.302006661891937256e-02
3.460752069950103760e-01 -6.156853958964347839e-02 2.308971434831619263e-01 -1.233057826757431030e-01
3.162674605846405029e-01 -6.502805650234222412e-02 2.742542028427124023e-01 -1.353453844785690308e-01
2.877320349216461182e-01 -7.788956165313720703e-02 2.858371436595916748e-01 -1.592710018157958984e-01
3.238959014415740967e-01 -8.654259145259857178e-02 2.846064269542694092e-01 -1.117191091179847717e-01
2.309819161891937256e-01 -1.059150323271751404e-01 2.506321370601654053e-01 -1.432438939809799194e-01
3.740524649620056152e-01 1.951119280420243740e-03 2.206871658563613892e-01 -1.011987701058387756e-01
1.775809973478317261e-01 -5.268394947052001953e-02 2.807917892932891846e-01 -1.149667352437973022e-01
3.093118965625762939e-01 -7.516961544752120972e-02 2.802138924598693848e-01 -1.323099285364151001e-01
2.899192869663238525e-01 -1.013350263237953186e-01 3.269991278648376465e-01 -1.310219466686248779e-01
3.335247337818145752e-01 -6.694650650024414062e-02 2.719541788101196289e-01 -1.307909637689590454e-01
4.270455241203308105e-01 5.988071672618389130e-03 2.504637837409973145e-01 -6.784010678529739380e-02
4.635405838489532471e-01 -1.436687260866165161e-01 2.249181419610977173e-01 2.077350020408630371e-01
3.548420667648315430e-01 -4.791124165058135986e-02 2.612608969211578369e-01 -1.372620761394500732e-01
2.748388350009918213e-01 -7.830372452735900879e-02 2.875715494155883789e-01 -1.237860992550849915e-01
2.098755836486816406e-01 -2.407787442207336426e-01 -1.120135337114334106e-01 -3.444202989339828491e-02
2.208941280841827393e-01 -1.009255871176719666e-01 2.674596309661865234e-01 -1.492109149694442749e-01
2.822656631469726562e-01 -9.385329484939575195e-02 2.900069355964660645e-01 -1.223446875810623169e-01
1.819361448287963867e-01 -1.009339317679405212e-01 2.038409411907196045e-01 -1.381210386753082275e-01
3.249730467796325684e-01 -6.195177137851715088e-02 2.702462077140808105e-01 -1.355572044849395752e-01
3.474530279636383057e-01 -6.980798393487930298e-02 2.853175997734069824e-01 -1.374044716358184814e-01
1.949910074472427368e-01 -6.650935858488082886e-02 -1.317948102951049805e-01 -3.258638679981231689e-01
2.916829288005828857e-01 -8.184396475553512573e-02 2.900016605854034424e-01 -1.424709558486938477e-01
3.410251140594482422e-01 -7.186510413885116577e-02 2.783714234828948975e-01 -1.109298020601272583e-01
3.332651555538177490e-01 -6.181883439421653748e-02 2.640805840492248535e-01 -1.153773292899131775e-01
4.135781228542327881e-01 3.164445236325263977e-02 2.362683117389678955e-01 -3.251487761735916138e-02
2.735364735126495361e-01 -6.573572009801864624e-02 2.998229265213012695e-01 -1.294930577278137207e-01
3.708785474300384521e-01 -2.894977480173110962e-02 2.693562209606170654e-01 -1.402230560779571533e-01
4.027973711490631104e-01 -4.559489339590072632e-02 2.453500330448150635e-01 -6.802693754434585571e-02
3.381738662719726562e-01 -6.755557656288146973e-02 2.769845724105834961e-01 -1.195750981569290161e-01
2.522483468055725098e-01 -9.220000356435775757e-02 2.816731333732604980e-01 -1.426040977239608765e-01
2.533588409423828125e-01 -2.056971639394760132e-01 -6.782534718513488770e-02 -1.845870018005371094e-01
3.734643757343292236e-01 -7.247795164585113525e-02 2.776346504688262939e-01 -8.816507458686828613e-02
3.744727075099945068e-01 -9.528180956840515137e-02 2.406660467386245728e-01 -9.076538681983947754e-02
4.660124778747558594e-01 4.015656560659408569e-02 2.567256689071655273e-01 1.297276467084884644e-01
1.687026470899581909e-01 -1.567753106355667114e-01 2.191619873046875000e-01 -1.066876128315925598e-01
2.239998877048492432e-01 -1.169881075620651245e-01 2.740959227085113525e-01 -1.277292221784591675e-01
2.992956042289733887e-01 -5.287049710750579834e-02 4.702734202146530151e-02 -1.403740234673023224e-02
-3.592377007007598877e-01 -1.811709851026535034e-01 -4.439328610897064209e-01 -4.957304298877716064e-01
2.885787561535835266e-02 1.687175035476684570e-01 4.399762302637100220e-02 -3.432337045669555664e-01
2.775622904300689697e-01 -9.703452140092849731e-02 3.263542950153350830e-01 -1.769836694002151489e-01
1.758015900850296021e-01 -1.222864091396331787e-01 2.498016208410263062e-01 -9.608376771211624146e-02
3.281533122062683105e-01 -7.734528183937072754e-02 2.684069573879241943e-01 -1.248010173439979553e-01
3.078869581222534180e-01 -7.998521625995635986e-02 2.835613787174224854e-01 -1.253269165754318237e-01
2.648800313472747803e-01 -8.560211956501007080e-02 2.769961357116699219e-01 -1.346321403980255127e-01
4.109665155410766602e-01 -2.541270256042480469e-01 1.883453428745269775e-01 -7.833802700042724609e-02
2.958356738090515137e-01 -9.022519737482070923e-02 2.954857051372528076e-01 -1.346757858991622925e-01
2.837131619453430176e-01 -7.763514667749404907e-02 2.764331698417663574e-01 -1.287456154823303223e-01
2.554223239421844482e-01 -4.049754515290260315e-02 3.469069898128509521e-01 -1.414656788110733032e-01
3.616284430027008057e-01 1.648774594068527222e-01 1.046944409608840942e-01 -8.416096679866313934e-03
3.881208598613739014e-01 -4.058430716395378113e-02 2.771146595478057861e-01 -9.976465255022048950e-02
3.760082125663757324e-01 -7.709155976772308350e-02 2.962570190429687500e-01 -1.053490266203880310e-01
3.285279572010040283e-01 -8.394655585289001465e-02 2.966581583023071289e-01 -1.266597062349319458e-01
3.648585081100463867e-01 -7.187055051326751709e-02 2.638319134712219238e-01 -1.164719909429550171e-01
3.599217832088470459e-01 -6.893599778413772583e-02 2.742794454097747803e-01 -1.109929457306861877e-01
4.033682942390441895e-01 -6.485150754451751709e-02 2.042443603277206421e-01 2.986859716475009918e-02
2.242039442062377930e-01 -4.780963063240051270e-02 2.386849522590637207e-01 -1.341721862554550171e-01
2.638427317142486572e-01 -8.833667635917663574e-02 3.744474053382873535e-01 -3.968774981331080198e-04
3.755553364753723145e-01 -6.214337423443794250e-03 2.296315431594848633e-01 -1.008059754967689514e-01
1.720380932092666626e-01 -8.211194723844528198e-02 2.469235956668853760e-01 -1.155405770987272263e-03
2.750236988067626953e-01 -7.765608280897140503e-02 2.580644190311431885e-01 -1.357672512531280518e-01
3.724499940872192383e-01 -6.513249874114990234e-02 2.826872766017913818e-01 -8.976846188306808472e-02
3.286450505256652832e-01 -8.327115327119827271e-02 3.013489246368408203e-01 -1.206540912389755249e-01
1.495814472436904907e-01 -1.663787513971328735e-01 1.827938854694366455e-01 -1.522880196571350098e-01
2.955011129379272461e-01 -6.973008066415786743e-02 2.850370705127716064e-01 -1.294913738965988159e-01
3.681030571460723877e-01 -6.795462220907211304e-02 2.564961016178131104e-01 -1.090221181511878967e-01
3.670548796653747559e-01 -7.220509648323059082e-02 1.917161196470260620e-01 -1.525196582078933716e-01
2.537367343902587891e-01 -1.466763764619827271e-01 3.118499517440795898e-01 -1.178124472498893738e-01
1.229162886738777161e-01 -3.128857910633087158e-01 1.834057569503784180e-01 -7.088300585746765137e-02
2.564047276973724365e-01 -8.568956702947616577e-02 2.844594717025756836e-01 -1.327737569808959961e-01
1.352237015962600708e-01 6.841166317462921143e-02 2.187474220991134644e-01 -1.608974933624267578e-01
3.459001481533050537e-01 -6.611025333404541016e-02 2.665041089057922363e-01 -1.176510378718376160e-01
1.635555773973464966e-01 -3.250208497047424316e-02 2.228787690401077271e-01 -1.201354712247848511e-01
3.591067790985107422e-01 -6.921143084764480591e-02 2.713206708431243896e-01 -1.199349090456962585e-01
9.395147673785686493e-03 2.783833742141723633e-01 5.619161576032638550e-02 -3.296445906162261963e-01
2.972517907619476318e-01 -8.651108294725418091e-02 2.878719568252563477e-01 -1.363158226013183594e-01
-1.614283919334411621e-01 -3.367424607276916504e-01 -2.099912017583847046e-01 -3.779848515987396240e-01
2.928782701492309570e-01 -6.897256523370742798e-02 2.829631268978118896e-01 -1.371134966611862183e-01
3.264935314655303955e-01 2.456506714224815369e-02 1.158665940165519714e-01 -1.249359771609306335e-01
3.273774385452270508e-01 -5.941909924149513245e-02 2.651181221008300781e-01 -1.387488692998886108e-01
3.930855393409729004e-01 -6.328587234020233154e-02 2.511343359947204590e-01 -3.085611015558242798e-02
2.416101843118667603e-01 -9.584259986877441406e-02 2.687357366085052490e-01 -1.599882394075393677e-01
3.896277248859405518e-01 3.365721404552459717e-01 1.407540291547775269e-01 -3.049851953983306885e-02
3.973021805286407471e-01 -9.002306312322616577e-02 2.178710699081420898e-01 -6.191142275929450989e-02
3.838343620300292969e-01 -1.377383172512054443e-01 2.122795432806015015e-01 -5.511236935853958130e-02
2.922011911869049072e-01 -8.176756650209426880e-02 2.737610936164855957e-01 -1.392824500799179077e-01
3.565993905067443848e-01 -8.045309782028198242e-02 2.360072731971740723e-01 -1.022447496652603149e-01
2.623362243175506592e-01 -6.530669331550598145e-02 3.039452433586120605e-01 -1.380652785301208496e-01
8.503638207912445068e-02 -2.289480566978454590e-01 1.316466331481933594e-01 -2.189288437366485596e-01
2.627009749412536621e-01 -9.175483137369155884e-02 2.542383074760437012e-01 -1.455004066228866577e-01
3.492565751075744629e-01 -6.588061898946762085e-02 2.045871764421463013e-01 -1.320762187242507935e-01
3.570033013820648193e-01 -4.321895167231559753e-02 2.358286976814270020e-01 -1.282679885625839233e-01
2.916682660579681396e-01 -9.062450379133224487e-02 2.821474373340606689e-01 -1.140925213694572449e-01
3.697876632213592529e-01 -7.203081250190734863e-02 2.682199478149414062e-01 -8.104223012924194336e-02
3.271825313568115234e-01 -7.692398130893707275e-02 2.919824421405792236e-01 -1.142282411456108093e-01
2.416563481092453003e-01 -1.117256060242652893e-01 2.699796557426452637e-01 -7.861869782209396362e-02
3.410032093524932861e-01 -7.212710380554199219e-02 2.642828524112701416e-01 -1.280819922685623169e-01
3.790358603000640869e-01 -9.561444818973541260e-02 2.395281195640563965e-01 -9.650070220232009888e-02
1.681709140539169312e-01 -1.306959092617034912e-01 2.140347510576248169e-01 2.610239386558532715e-02
4.326525032520294189e-01 -5.721242725849151611e-02 2.869895398616790771e-01 -3.458606824278831482e-02
1.687967181205749512e-01 2.543808706104755402e-02 2.696859836578369141e-01 -2.120446879416704178e-03
2.858333289623260498e-01 -7.934292405843734741e-02 2.645121514797210693e-01 -1.336357891559600830e-01
2.746013104915618896e-01 2.948601171374320984e-02 3.075456060469150543e-02 -9.366989135742187500e-02
3.827462196350097656e-01 -7.274887710809707642e-02 2.034901827573776245e-01 -6.209516152739524841e-02
3.463411629199981689e-01 -7.593455165624618530e-02 2.736231982707977295e-01 -1.173220947384834290e-01
1.846585422754287720e-01 -5.967722833156585693e-02 2.614188492298126221e-01 -1.272226274013519287e-01
4.034087657928466797e-01 9.812628850340843201e-03 2.501061260700225830e-01 -1.162207722663879395e-01
3.215765953063964844e-01 -7.430451363325119019e-02 2.848306298255920410e-01 -1.243858933448791504e-01
3.898405730724334717e-01 -3.697171807289123535e-02 2.260531932115554810e-01 -1.162449121475219727e-01
2.819723188877105713e-01 -7.217098027467727661e-02 2.827769815921783447e-01 -1.427035629749298096e-01
3.572400212287902832e-01 -5.220675840973854065e-02 2.594485282897949219e-01 -1.243882104754447937e-01
3.231788277626037598e-01 -6.620935350656509399e-02 2.813554108142852783e-01 -1.232530102133750916e-01
2.920061051845550537e-01 -8.271563053131103516e-02 2.788764238357543945e-01 -1.416309475898742676e-01
-1.901198327541351318e-01 2.906119227409362793e-01 -2.308715730905532837e-01 -4.870189726352691650e-01
1.791287064552307129e-01 -4.383235424757003784e-02 2.358533889055252075e-01 -2.150994837284088135e-01
2.718371152877807617e-01 -7.318668067455291748e-02 2.987675368785858154e-01 -1.266676485538482666e-01
3.622287511825561523e-01 -5.082788318395614624e-02 2.433700561523437500e-01 -1.187531873583793640e-01
2.107680886983871460e-01 -3.339361399412155151e-02 -1.105783283710479736e-01 -1.896441578865051270e-01
1.597117781639099121e-01 -4.621378183364868164e-01 -2.098656892776489258e-01 -2.024397552013397217e-01
3.039615750312805176e-01 -9.977050870656967163e-02 3.001608550548553467e-01 -1.213578432798385620e-01
1.315563768148422241e-01 -4.192372411489486694e-02 2.045461386442184448e-01 -1.633580476045608521e-01
3.403144180774688721e-01 -6.534446775913238525e-02 2.713580727577209473e-01 -1.178247556090354919e-01
3.185787498950958252e-01 -7.176470756530761719e-02 2.696948945522308350e-01 -1.289286762475967407e-01
2.966278195381164551e-01 -8.092891424894332886e-02 2.967025339603424072e-01 -1.543372422456741333e-01
2.640846073627471924e-01 -8.006439357995986938e-02 2.826884388923645020e-01 -1.428590267896652222e-01
3.744201362133026123e-01 -1.316427886486053467e-01 1.989794671535491943e-01 -9.137812256813049316e-02
3.355556130409240723e-01 -5.278153344988822937e-02 2.752940654754638672e-01 -1.189809218049049377e-01
3.418872952461242676e-01 -6.623703986406326294e-02 2.549324035644531250e-01 -1.112160533666610718e-01
3.501237034797668457e-01 -7.479105144739151001e-02 2.507269084453582764e-01 -1.085667982697486877e-01
2.863972783088684082e-01 -9.962499141693115234e-02 3.115661144256591797e-01 -1.029199510812759399e-01
3.653187751770019531e-01 -3.672164678573608398e-02 2.376890927553176880e-01 -1.007360294461250305e-01
3.282728493213653564e-01 -4.728648066520690918e-02 2.411348968744277954e-01 -1.452203691005706787e-01
1.734854578971862793e-01 8.969133719801902771e-03 2.163777947425842285e-01 -1.585956364870071411e-01
2.611653506755828857e-01 -1.163353100419044495e-01 3.233219981193542480e-01 -1.232457906007766724e-01
2.683888077735900879e-01 -1.022573336958885193e-01 2.814607322216033936e-01 -1.143348366022109985e-01
3.302425146102905273e-01 -8.430448174476623535e-02 2.744298279285430908e-01 -1.205196976661682129e-01
3.566080629825592041e-01 -3.197895735502243042e-02 1.971597671508789062e-01 -9.153179824352264404e-02
3.454222381114959717e-01 -7.838761806488037109e-02 2.870814800262451172e-01 -1.322603225708007812e-01
3.757660388946533203e-01 -4.833501577377319336e-02 2.703211903572082520e-01 -1.248896792531013489e-01
2.819280326366424561e-01 -1.080646365880966187e-01 3.040834963321685791e-01 -1.326196938753128052e-01
2.949986755847930908e-01 -7.961495220661163330e-02 2.525900006294250488e-01 -1.208595782518386841e-01
1.430151313543319702e-01 -6.194002181291580200e-02 1.839770823717117310e-01 -2.502757012844085693e-01
2.944445013999938965e-01 -7.944989949464797974e-02 2.851516902446746826e-01 -1.406978815793991089e-01
3.571395277976989746e-01 -7.559052854776382446e-02 2.653272449970245361e-01 -1.265662461519241333e-01
4.567503631114959717e-01 2.849979400634765625e-01 2.682692110538482666e-01 -5.216065421700477600e-02
3.610595464706420898e-01 -9.465365856885910034e-02 2.638669013977050781e-01 -1.090938225388526917e-01
3.858821094036102295e-01 -8.147434890270233154e-02 2.664200663566589355e-01 -1.017813980579376221e-01
3.554061353206634521e-01 -5.002398788928985596e-02 2.779500484466552734e-01 -1.280474066734313965e-01
3.627348244190216064e-01 -7.779046893119812012e-02 2.696145176887512207e-01 -1.160502806305885315e-01
3.017656803131103516e-01 -8.154921978712081909e-02 3.066574037075042725e-01 -1.392737179994583130e-01
3.403665721416473389e-01 -6.281273812055587769e-02 2.422816008329391479e-01 -1.228268370032310486e-01
3.211067020893096924e-01 -7.298260182142257690e-02 2.815415859222412109e-01 -1.317899376153945923e-01
2.236834019422531128e-01 -5.839522182941436768e-02 3.033150732517242432e-01 -1.585519127547740936e-02
2.671173512935638428e-01 -1.113995760679244995e-01 2.956193685531616211e-01 -1.441079825162887573e-01
3.570504784584045410e-01 -1.737089306116104126e-01 1.386923938989639282e-01 -5.652434378862380981e-02
4.047988057136535645e-01 -7.589810341596603394e-02 2.886496484279632568e-01 -5.302927643060684204e-02
4.863109886646270752e-01 3.934035077691078186e-02 3.180051147937774658e-01 5.885900557041168213e-02
2.445191591978073120e-01 6.553235650062561035e-02 3.436656892299652100e-01 -6.654547899961471558e-02
1.189827248454093933e-01 -2.382481247186660767e-01 1.927770227193832397e-01 -2.180722355842590332e-02
2.394869029521942139e-01 -9.156548231840133667e-02 2.578425109386444092e-01 -1.621781289577484131e-01
3.147527277469635010e-01 -7.713544368743896484e-02 2.863193750381469727e-01 -1.356050521135330200e-01
-5.973668396472930908e-02 -1.688269972801208496e-01 -5.045420303940773010e-02 -4.122546911239624023e-01
2.661002278327941895e-01 -9.993862360715866089e-02 2.745657563209533691e-01 -1.310770511627197266e-01
2.559668421745300293e-01 -1.124975532293319702e-01 3.099258244037628174e-01 -1.151486635208129883e-01
1.681608855724334717e-01 -1.733483374118804932e-01 2.438463717699050903e-01 -1.152354031801223755e-01
3.509389162063598633e-01 -6.336499005556106567e-02 2.612422704696655273e-01 -1.273933351039886475e-01
3.206310868263244629e-01 -8.138874173164367676e-02 2.838076353073120117e-01 -1.255608648061752319e-01
3.456974029541015625e-01 -6.521855294704437256e-02 2.638606429100036621e-01 -1.237714663147926331e-01
2.153271436691284180e-01 -1.197942718863487244e-01 2.526085376739501953e-01 -7.838467508554458618e-02
3.727495968341827393e-01 -8.761684596538543701e-02 2.147769480943679810e-01 -7.975000888109207153e-02
4.165778160095214844e-01 3.876635432243347168e-02 2.408726066350936890e-01 -7.562887668609619141e-02
3.962899744510650635e-01 -2.088348194956779480e-02 2.017326503992080688e-01 -7.196484506130218506e-02
4.239883124828338623e-01 -5.538307875394821167e-02 2.896035313606262207e-01 -4.858905449509620667e-02
3.859684765338897705e-01 -1.301529854536056519e-01 2.222381681203842163e-01 -8.371917158365249634e-02
5.737723708152770996e-01 1.070115063339471817e-02 4.341984689235687256e-01 2.085486650466918945e-01
2.889996170997619629e-01 -9.157107025384902954e-02 2.955244481563568115e-01 -1.192273423075675964e-01
-2.380724251270294189e-02 -3.421630859375000000e-01 -2.037310041487216949e-03 -2.839368209242820740e-02
4.580743610858917236e-01 -1.180599406361579895e-01 3.061274886131286621e-01 -4.059232771396636963e-03
3.560813665390014648e-01 -8.860769122838973999e-02 2.663580775260925293e-01 -1.148487627506256104e-01
2.559212744235992432e-01 -8.633171021938323975e-02 2.856076061725616455e-01 -1.209224835038185120e-01
3.290735781192779541e-01 -7.084053754806518555e-02 2.772259414196014404e-01 -1.229964047670364380e-01
3.619581460952758789e-01 -6.416783481836318970e-02 2.729978263378143311e-01 -1.264626979827880859e-01
3.599354326725006104e-01 -6.803720444440841675e-02 2.137791514396667480e-01 -1.004075109958648682e-01
3.094579279422760010e-01 -8.295034617185592651e-02 2.757685780525207520e-01 -1.335956454277038574e-01
3.311426043510437012e-01 -7.827644050121307373e-02 2.744374871253967285e-01 -1.276380717754364014e-01
3.120692968368530273e-01 2.163500934839248657e-01 6.892670691013336182e-02 -2.926967144012451172e-01
3.179877996444702148e-01 -7.662501186132431030e-02 2.793251872062683105e-01 -1.309548914432525635e-01
3.729303479194641113e-01 -8.399321138858795166e-02 2.226846069097518921e-01 -9.105352312326431274e-02
3.119387626647949219e-01 -8.352114260196685791e-02 2.795704901218414307e-01 -1.290674507617950439e-01
3.078936040401458740e-01 -8.474967628717422485e-02 2.920186221599578857e-01 -1.277913302183151245e-01
4.724859297275543213e-01 -7.411579787731170654e-02 3.097474575042724609e-01 2.235796861350536346e-02
3.060715794563293457e-01 -7.569317519664764404e-02 2.925185561180114746e-01 -1.373159885406494141e-01
3.280706703662872314e-01 -7.643923908472061157e-02 2.564718127250671387e-01 -1.201295629143714905e-01
3.396461606025695801e-01 -7.509754598140716553e-02 2.663307785987854004e-01 -1.079874932765960693e-01
3.312005400657653809e-01 -7.148630917072296143e-02 2.747945189476013184e-01 -1.245553344488143921e-01
3.473668396472930908e-01 -7.720795273780822754e-02 2.922109067440032959e-01 -1.320719420909881592e-01
3.240069746971130371e-01 -6.072203814983367920e-02 1.170561313629150391e-01 -1.780311763286590576e-01
3.446850180625915527e-01 -7.872352004051208496e-02 2.606175541877746582e-01 -1.090567186474800110e-01
3.182874023914337158e-01 -8.137623965740203857e-02 2.751219570636749268e-01 -1.249901279807090759e-01
3.645996749401092529e-01 -7.763432711362838745e-02 2.836231589317321777e-01 -9.730575233697891235e-02
3.234950602054595947e-01 -7.574160397052764893e-02 2.880793511867523193e-01 -1.279227584600448608e-01
2.226083427667617798e-01 -8.392800390720367432e-02 2.456952929496765137e-01 -1.381807625293731689e-01
3.206491172313690186e-01 -6.929728388786315918e-02 2.642093598842620850e-01 -1.284404546022415161e-01
3.801684677600860596e-01 -4.198945686221122742e-02 2.367709279060363770e-01 -8.075652271509170532e-02
4.078450500965118408e-01 -2.643700242042541504e-01 2.213408052921295166e-01 3.429992124438285828e-02
4.112652242183685303e-01 -2.926451899111270905e-02 2.556913197040557861e-01 -8.790206164121627808e-02
2.447180151939392090e-01 -4.829936474561691284e-02 2.798488736152648926e-01 -1.544069945812225342e-01
1.239517703652381897e-01 -1.232574805617332458e-01 1.709966957569122314e-01 -2.042450457811355591e-01
3.600713610649108887e-01 -8.804523199796676636e-02 2.247898131608963013e-01 -1.483729183673858643e-01
3.604363203048706055e-01 -2.417893894016742706e-02 1.867271065711975098e-01 -1.375322192907333374e-01
2.626528441905975342e-01 -9.079531580209732056e-02 2.875750660896301270e-01 -1.436070203781127930e-01
2.877742648124694824e-01 -9.928367286920547485e-02 2.944071292877197266e-01 -1.315451115369796753e-01
4.161373674869537354e-01 -6.741615384817123413e-02 3.036549687385559082e-01 -6.296169012784957886e-02
3.109483718872070312e-01 -7.308695465326309204e-02 2.877202033996582031e-01 -1.261499226093292236e-01
3.336698114871978760e-01 -7.986101508140563965e-02 2.737007141113281250e-01 -1.176476031541824341e-01
4.002356529235839844e-01 1.278729364275932312e-02 2.320264428853988647e-01 -7.593061029911041260e-02
4.159974157810211182e-01 -9.351795166730880737e-02 2.879539132118225098e-01 -4.952851310372352600e-02
5.027703046798706055e-01 -3.876462287735193968e-04 3.506101965904235840e-01 -1.972937770187854767e-02
3.547317087650299072e-01 -4.937013611197471619e-02 2.525439560413360596e-01 -1.269222944974899292e-01
4.062966704368591309e-01 1.256555505096912384e-02 2.051027715206146240e-01 -1.274405270814895630e-01
2.838007211685180664e-01 -7.377765327692031860e-02 2.884122431278228760e-01 -1.307864189147949219e-01
3.468819856643676758e-01 -6.743875890970230103e-02 2.610921263694763184e-01 -1.142556518316268921e-01
4.034063518047332764e-01 1.238338649272918701e-02 2.390264719724655151e-01 5.186852067708969116e-02
1.981260925531387329e-01 -1.364257484674453735e-01 2.565706670284271240e-01 -1.515986919403076172e-01
1.839474588632583618e-01 -1.154796257615089417e-01 2.383707463741302490e-01 -1.838463246822357178e-01
3.501732647418975830e-01 -6.708621233701705933e-02 2.804583907127380371e-01 -1.191762387752532959e-01
3.426600396633148193e-01 -6.011024862527847290e-02 2.497656941413879395e-01 -1.202958971261978149e-01
4.487890303134918213e-01 -8.588776737451553345e-02 2.711569666862487793e-01 4.160813987255096436e-02
3.690379858016967773e-01 -7.672752439975738525e-02 2.700522840023040771e-01 -8.204545825719833374e-02
3.351544439792633057e-01 -7.382678985595703125e-02 2.864684164524078369e-01 -1.283241510391235352e-01
3.177516162395477295e-01 -7.825344055891036987e-02 2.825525403022766113e-01 -1.288105398416519165e-01
3.144327700138092041e-01 -8.042149990797042847e-02 2.911674976348876953e-01 -1.206172034144401550e-01
2.783705592155456543e-01 -3.191542252898216248e-02 3.398399353027343750e-01 -1.007337272167205811e-01
2.431525886058807373e-01 -6.105611473321914673e-02 3.123648464679718018e-01 -1.285374164581298828e-01
3.964799940586090088e-01 -1.284176111221313477e-01 1.775496006011962891e-01 -4.367289692163467407e-02
3.182292580604553223e-01 -7.680734992027282715e-02 2.860564589500427246e-01 -1.448619216680526733e-01
-6.872067600488662720e-02 4.234738051891326904e-01 -4.636711999773979187e-02 -4.529257118701934814e-01
2.445545196533203125e-01 -1.242070645093917847e-01 2.935298383235931396e-01 -1.713633388280868530e-01
3.570965230464935303e-01 -7.093360275030136108e-02 2.523789703845977783e-01 -1.107061505317687988e-01
3.346674740314483643e-01 -8.217459917068481445e-02 2.585192620754241943e-01 -1.174562349915504456e-01
3.301718235015869141e-01 -6.586226820945739746e-02 2.576602995395660400e-01 -1.263078302145004272e-01
4.551391899585723877e-01 -1.044942513108253479e-01 3.055836260318756104e-01 -3.067603101953864098e-03
3.095025420188903809e-01 -7.576233893632888794e-02 2.855172753334045410e-01 -1.359230279922485352e-01
3.122977018356323242e-01 2.111727371811866760e-04 5.370121598243713379e-01 2.861373126506805420e-01
4.093585312366485596e-01 -7.292729802429676056e-03 2.477927058935165405e-01 -9.891864657402038574e-02
3.405677378177642822e-01 -6.782510876655578613e-02 2.784471213817596436e-01 -1.222602874040603638e-01
2.312018871307373047e-01 -8.412219583988189697e-02 2.588983774185180664e-01 -1.520105600357055664e-01
3.125267922878265381e-01 -7.494408637285232544e-02 2.914839982986450195e-01 -1.327859610319137573e-01
2.725889384746551514e-01 -8.393974602222442627e-02 3.046309053897857666e-01 -1.398450583219528198e-01
-1.264546662569046021e-01 2.156183421611785889e-01 -1.411586701869964600e-01 -2.125781476497650146e-01
2.417989373207092285e-01 -1.081181243062019348e-01 2.707006633281707764e-01 -1.470642685890197754e-01
1.859408169984817505e-01 -1.306230425834655762e-01 2.682084739208221436e-01 -8.852553367614746094e-02
2.355820089578628540e-01 -1.074489429593086243e-01 2.586206495761871338e-01 -1.750830113887786865e-01
2.656804919242858887e-01 -6.344600021839141846e-02 2.680830657482147217e-01 -1.561870425939559937e-01
3.173195421695709229e-01 -8.269301801919937134e-02 2.990362346172332764e-01 -1.281585544347763062e-01
3.339626491069793701e-01 -6.847796589136123657e-02 2.802928686141967773e-01 -1.316631734371185303e-01
3.306584060192108154e-01 -7.721749693155288696e-02 2.846670150756835938e-01 -1.265055239200592041e-01
3.602391779422760010e-01 -5.098472908139228821e-02 2.528704404830932617e-01 -1.266551315784454346e-01
3.043721914291381836e-01 -8.320371806621551514e-02 2.914498448371887207e-01 -1.113098338246345520e-01
3.626654744148254395e-01 -6.411238014698028564e-02 1.417618095874786377e-01 -1.647472381591796875e-02
2.574935555458068848e-01 -8.987678587436676025e-02 2.719858288764953613e-01 -1.411690413951873779e-01
3.099477291107177734e-01 -7.737824320793151855e-02 2.803856134414672852e-01 -1.299899071455001831e-01
2.754038274288177490e-01 -8.957078307867050171e-02 2.935934960842132568e-01 -1.268189400434494019e-01
3.408194780349731445e-01 -7.866153120994567871e-02 2.657209336757659912e-01 -1.318657696247100830e-01
3.443275690078735352e-01 -6.666198372840881348e-02 2.756569087505340576e-01 -1.193018630146980286e-01
3.233968913555145264e-01 -1.082035303115844727e-01 1.206756234169006348e-01 -1.684952974319458008e-01
3.853164911270141602e-01 -4.329892247915267944e-02 1.934940367937088013e-01 -1.560025960206985474e-01
3.658437728881835938e-01 6.631115823984146118e-02 1.713351309299468994e-01 3.561541205272078514e-03
3.166600465774536133e-01 -9.373442083597183228e-02 3.007947802543640137e-01 -1.188184022903442383e-01
2.583208680152893066e-01 -1.033261343836784363e-01 2.856206893920898438e-01 -1.536204963922500610e-01
2.740049064159393311e-01 -9.083678573369979858e-02 3.012481927871704102e-01 -1.316119134426116943e-01
3.153684139251708984e-01 -7.661785930395126343e-02 2.822735309600830078e-01 -1.278459280729293823e-01
1.783670485019683838e-01 -5.008247867226600647e-02 -1.310812979936599731e-01 -3.094473183155059814e-01
2.737465202808380127e-01 -9.347490966320037842e-02 2.809577286243438721e-01 -1.427155137062072754e-01
3.266342878341674805e-01 3.039300628006458282e-02 7.276996225118637085e-02 -1.753804087638854980e-01
2.033938467502593994e-01 -5.089483782649040222e-02 2.724334895610809326e-01 -9.159771353006362915e-02
3.168357610702514648e-01 -7.384779304265975952e-02 2.815762460231781006e-01 -1.311213672161102295e-01
3.405634760856628418e-01 -6.467235833406448364e-02 5.176855921745300293e-01 2.350760400295257568e-01
2.299809604883193970e-01 -5.263532698154449463e-02 2.833565473556518555e-01 -1.834566444158554077e-01
5.104648470878601074e-01 -1.728336066007614136e-01 3.333888649940490723e-01 2.751653194427490234e-01
3.325366079807281494e-01 -7.035411894321441650e-02 2.762392461299896240e-01 -1.237339973449707031e-01
2.239234894514083862e-01 -8.046340197324752808e-02 2.455206513404846191e-01 -1.755356341600418091e-01
2.329871952533721924e-01 -9.727939218282699585e-02 2.678409218788146973e-01 -1.226791590452194214e-01
2.855952382087707520e-01 -8.474802225828170776e-02 2.837692201137542725e-01 -1.068242490291595459e-01
3.251835703849792480e-01 -8.013921976089477539e-02 2.522091269493103027e-01 -1.248129904270172119e-01
7.708292454481124878e-03 -6.481762975454330444e-02 1.830748841166496277e-02 -2.177012711763381958e-01
1.796919256448745728e-01 -1.199889779090881348e-01 2.505799531936645508e-01 -1.747280508279800415e-01
3.076074421405792236e-01 -7.500067353248596191e-02 3.250231444835662842e-01 -1.161231696605682373e-01
3.715230524539947510e-01 -7.747836410999298096e-02 2.718590199947357178e-01 -1.094405278563499451e-01
4.290869534015655518e-01 2.095957845449447632e-02 2.653583288192749023e-01 -8.326773345470428467e-02
2.855660915374755859e-01 -9.510309994220733643e-02 2.936355471611022949e-01 -1.257417351007461548e-01
3.544897735118865967e-01 -3.351573273539543152e-02 2.111504673957824707e-01 -1.274193674325942993e-01
3.567251861095428467e-01 -4.687963053584098816e-02 1.935904175043106079e-01 -1.682581007480621338e-01
3.193487524986267090e-01 -8.274085074663162231e-02 2.906189560890197754e-01 -1.129508018493652344e-01
3.604828417301177979e-01 -7.754018902778625488e-02 2.703129351139068604e-01 -1.203024461865425110e-01
4.151456654071807861e-01 -7.429278641939163208e-02 2.643333673477172852e-01 -6.304608285427093506e-02
1.082874760031700134e-01 -1.285879760980606079e-01 1.418516337871551514e-01 -1.853652894496917725e-01
4.156915843486785889e-01 -6.044476479291915894e-02 2.556822299957275391e-01 -5.400515347719192505e-02
3.997686207294464111e-01 -9.314748644828796387e-02 2.073608189821243286e-01 9.510800242424011230e-02
3.064652383327484131e-01 -7.158763706684112549e-02 2.864703834056854248e-01 -1.279554963111877441e-01
2.868701219558715820e-01 -1.637638360261917114e-01 4.111688435077667236e-01 5.036797001957893372e-02
1.919974088668823242e-01 -1.147187650203704834e-01 2.836999297142028809e-01 -1.786100268363952637e-01
3.233038485050201416e-01 2.071366757154464722e-01 8.838286995887756348e-02 -1.223629787564277649e-01
3.340846598148345947e-01 -7.706918567419052124e-02 2.825869321823120117e-01 -1.207801997661590576e-01
2.834646105766296387e-01 -7.740155607461929321e-02 2.738151252269744873e-01 -1.282570064067840576e-01
3.844667971134185791e-01 -5.088789761066436768e-02 2.598014175891876221e-01 -1.021432057023048401e-01
3.507337868213653564e-01 -6.872624903917312622e-02 2.546374499797821045e-01 -1.085322797298431396e-01
2.835668027400970459e-01 -8.321785926818847656e-02 2.702544927597045898e-01 -1.388879716396331787e-01
3.480670452117919922e-01 -7.240402698516845703e-02 2.758920490741729736e-01 -1.285855621099472046e-01
3.545204699039459229e-01 -7.003033161163330078e-02 2.627744376659393311e-01 -1.200888529419898987e-01
-1.149365529417991638e-01 1.932271569967269897e-01 -1.386249363422393799e-01 -2.742746472358703613e-01
3.471639156341552734e-01 -7.352440059185028076e-02 2.793263196945190430e-01 -1.170206665992736816e-01
3.648527860641479492e-01 -6.426247954368591309e-02 2.631643712520599365e-01 -9.795987606048583984e-02
2.192143499851226807e-01 -4.518411308526992798e-02 2.355669140815734863e-01 -1.859444081783294678e-01
4.465144574642181396e-01 -1.272539794445037842e-01 2.999905347824096680e-01 2.477830089628696442e-02
3.782146871089935303e-01 -6.023520231246948242e-02 2.414444983005523682e-01 -1.026138961315155029e-01
3.115663528442382812e-01 -7.881540805101394653e-02 2.823145985603332520e-01 -1.277695596218109131e-01
2.392088472843170166e-01 -1.006564199924468994e-01 2.981674969196319580e-01 -1.325061619281768799e-01
3.082866072654724121e-01 -6.835836917161941528e-02 2.804133892059326172e-01 -1.249240189790725708e-01
3.539566397666931152e-01 -6.344382464885711670e-02 2.672644257545471191e-01 -1.227513998746871948e-01
3.409378528594970703e-01 -6.416220963001251221e-02 2.734164297580718994e-01 -1.258323043584823608e-01
3.859751820564270020e-01 -1.560994535684585571e-01 2.259424626827239990e-01 -6.261574476957321167e-02
2.839568257331848145e-01 -6.700904667377471924e-02 2.951347529888153076e-01 -1.420697569847106934e-01
3.375826776027679443e-01 -8.902493119239807129e-02 2.619292438030242920e-01 -1.254202127456665039e-01
3.572537302970886230e-01 -8.941506594419479370e-02 3.004570305347442627e-01 -1.081501916050910950e-01
2.077710181474685669e-01 -5.246889591217041016e-02 2.991667687892913818e-01 -1.875170916318893433e-01
3.351387083530426025e-01 -3.678268566727638245e-02 1.243297457695007324e-01 -1.817131042480468750e-01
2.883919477462768555e-01 -8.558615297079086304e-02 2.766696214675903320e-01 -1.358790993690490723e-01
3.300983011722564697e-01 -3.363988175988197327e-02 1.956983506679534912e-01 -1.529350131750106812e-01
3.606266677379608154e-01 -6.435423344373703003e-02 2.673040926456451416e-01 -1.307724267244338989e-01
2.669933140277862549e-01 -7.932273298501968384e-02 2.836874127388000488e-01 -1.239532604813575745e-01
3.238819241523742676e-01 -7.156924903392791748e-02 2.719923257827758789e-01 -1.294222623109817505e-01
3.974480330944061279e-01 -1.612361073493957520e-01 2.072524130344390869e-01 -4.800438880920410156e-02
2.687400281429290771e-01 -9.938991814851760864e-02 3.306660950183868408e-01 -5.765664577484130859e-02
2.445160038769245148e-02 1.740556210279464722e-02 5.692356824874877930e-02 -3.372995853424072266e-01
3.394628763198852539e-01 -3.947529569268226624e-02 2.009435296058654785e-01 -1.147982627153396606e-01
2.926705479621887207e-01 -7.108423113822937012e-02 2.748057246208190918e-01 -1.404048651456832886e-01
4.013527333736419678e-01 -5.665079876780509949e-02 2.538005709648132324e-01 -4.001553729176521301e-02
2.241667211055755615e-01 -3.381386697292327881e-01 3.370232284069061279e-01 1.855182498693466187e-01
2.589500546455383301e-01 -8.556387573480606079e-02 2.828893363475799561e-01 -1.415409892797470093e-01
3.263106346130371094e-01 -6.403087824583053589e-02 1.921322345733642578e-01 -1.453047394752502441e-01
2.969252467155456543e-01 -7.785489410161972046e-02 3.944484889507293701e-01 -1.511521264910697937e-02
3.852151930332183838e-01 -1.171402931213378906e-01 2.517565190792083740e-01 -1.166605725884437561e-01
3.470235466957092285e-01 -6.784646213054656982e-02 2.588635683059692383e-01 -1.087821125984191895e-01
3.567337691783905029e-01 -2.399815991520881653e-02 1.762730628252029419e-01 -1.174023672938346863e-01
3.445563912391662598e-01 -6.912738084793090820e-02 2.825208902359008789e-01 -1.184593886137008667e-01
3.278541266918182373e-01 -7.548010349273681641e-02 2.933221757411956787e-01 -1.359774768352508545e-01
2.623396217823028564e-01 -9.442336857318878174e-02 2.723308205604553223e-01 -1.483368426561355591e-01
2.639870047569274902e-01 -7.640890032052993774e-02 2.813841402530670166e-01 -1.446082293987274170e-01
4.007707238197326660e-01 4.657088220119476318e-02 2.186094224452972412e-01 5.691521987318992615e-02
3.341141939163208008e-01 -6.457117944955825806e-02 2.682801187038421631e-01 -1.233727559447288513e-01
2.781430482864379883e-01 -9.158440679311752319e-02 3.053799271583557129e-01 -9.819225221872329712e-02
3.594497442245483398e-01 -6.039882823824882507e-02 2.722557187080383301e-01 -1.090812236070632935e-01
2.743275463581085205e-01 -6.997662782669067383e-02 3.049086034297943115e-01 -1.257953047752380371e-01
1.968073546886444092e-01 -3.151294542476534843e-03 2.801883220672607422e-01 2.685418166220188141e-02
3.293313682079315186e-01 -6.995777040719985962e-02 2.772880792617797852e-01 -1.244101002812385559e-01
4.043193459510803223e-01 -8.667697757482528687e-02 2.793886065483093262e-01 -7.707374542951583862e-02
2.075876444578170776e-01 -9.047971665859222412e-02 2.557171881198883057e-01 -1.764613837003707886e-01
2.630686163902282715e-01 -1.512876451015472412e-01 -3.376679122447967529e-02 -2.308389395475387573e-01
2.811895608901977539e-01 -9.053921699523925781e-02 2.691734433174133301e-01 -1.408224701881408691e-01
4.011777043342590332e-01 1.596073955297470093e-01 1.870815753936767578e-01 3.132033720612525940e-02
4.049474895000457764e-01 -7.274938747286796570e-03 1.701456308364868164e-01 1.781020611524581909e-01
3.194589018821716309e-01 -8.261993527412414551e-02 3.080341517925262451e-01 -1.391515731811523438e-01
2.862048447132110596e-01 -8.450865000486373901e-02 2.781445384025573730e-01 -1.182463169097900391e-01
2.962189912796020508e-01 -9.623373299837112427e-02 3.214087784290313721e-01 -1.202430874109268188e-01
3.483900427818298340e-01 -6.917622685432434082e-02 2.621138393878936768e-01 -1.235496401786804199e-01
2.912352979183197021e-01 -8.599554747343063354e-02 3.073421716690063477e-01 -1.558121144771575928e-01
2.913621962070465088e-01 -1.142845675349235535e-01 3.090161681175231934e-01 -1.109371036291122437e-01
2.286174744367599487e-01 -1.700869202613830566e-01 2.842809259891510010e-01 -1.006829291582107544e-01
4.455858469009399414e-01 -1.284706145524978638e-01 3.026496469974517822e-01 9.381376206874847412e-03
3.296809792518615723e-01 -9.609651565551757812e-02 2.634381353855133057e-01 -1.212957128882408142e-01
2.690469026565551758e-01 -6.936652213335037231e-02 2.838591039180755615e-01 -1.400617063045501709e-01
3.045006096363067627e-01 -8.014269918203353882e-02 2.970372140407562256e-01 -1.173518821597099304e-01
4.048288166522979736e-01 -7.544054090976715088e-02 2.360059618949890137e-01 -7.927097380161285400e-02
2.545607089996337891e-01 -6.454352289438247681e-02 2.806987762451171875e-01 -1.476801633834838867e-01
3.872939646244049072e-01 -8.278083056211471558e-02 2.170949727296829224e-01 -6.278964132070541382e-02
3.218195438385009766e-01 -5.636382475495338440e-02 2.652411758899688721e-01 -1.425695568323135376e-01
3.074249625205993652e-01 -8.045242726802825928e-02 2.800187170505523682e-01 -1.390436291694641113e-01
2.858263254165649414e-01 -8.255091309547424316e-02 2.976621091365814209e-01 -1.229321211576461792e-01
3.321847319602966309e-01 -8.831328153610229492e-02 3.016186654567718506e-01 -1.354109495878219604e-01
3.308041989803314209e-01 -7.785759866237640381e-02 2.665418982505798340e-01 -1.187109649181365967e-01
3.862018585205078125e-01 -6.102587655186653137e-02 2.236152589321136475e-01 -9.447313100099563599e-02
3.543761968612670898e-01 -3.350025415420532227e-02 2.016413509845733643e-01 -1.585637032985687256e-01
3.389173746109008789e-01 -6.559567898511886597e-02 2.338948696851730347e-01 -1.197266206145286560e-01
1.732103526592254639e-01 -6.033635511994361877e-02 2.478328794240951538e-01 -1.253426969051361084e-01
3.668323159217834473e-01 -6.271657347679138184e-02 2.385952323675155640e-01 -1.108042597770690918e-01
4.196227788925170898e-01 8.925115317106246948e-02 2.211798578500747681e-01 9.927332401275634766e-02
2.088878750801086426e-01 -2.997716702520847321e-02 3.036781847476959229e-01 -4.439732432365417480e-02
2.416989058256149292e-01 -8.863119781017303467e-02 2.776592969894409180e-01 -1.653512418270111084e-01
2.778713405132293701e-01 -9.690114110708236694e-02 2.804800868034362793e-01 -1.132058277726173401e-01
2.187893837690353394e-01 2.697950601577758789e-02 3.115351796150207520e-01 -2.231233566999435425e-02
3.921679258346557617e-01 9.731709212064743042e-02 2.129749357700347900e-01 -4.109974950551986694e-02
2.039867937564849854e-01 4.347435012459754944e-02 2.503224909305572510e-01 -1.645942777395248413e-01
2.523350119590759277e-01 -7.019907236099243164e-02 2.697027325630187988e-01 -1.754769682884216309e-01
3.858207762241363525e-01 -3.380201756954193115e-02 2.641025185585021973e-01 -1.215783879160881042e-01
3.388298451900482178e-01 -2.354991808533668518e-02 1.199259683489799500e-01 -1.190696209669113159e-01
3.732077777385711670e-01 -2.956283465027809143e-02 2.232037782669067383e-01 -1.122513860464096069e-01
5.774791538715362549e-02 4.100001230835914612e-02 1.481228917837142944e-01 2.220720052719116211e-02
3.728806078433990479e-01 -5.947884172201156616e-02 2.614435553550720215e-01 -7.941702753305435181e-02
2.650789916515350342e-01 -1.068784520030021667e-01 3.154804706573486328e-01 -1.189580634236335754e-01
2.984121739864349365e-01 -5.936799570918083191e-02 2.489695511758327484e-02 -1.174751669168472290e-01
2.810248434543609619e-01 -8.055178821086883545e-02 2.915221154689788818e-01 -1.530477404594421387e-01
3.954775929450988770e-01 -7.387600373476743698e-03 1.812649965286254883e-01 -9.720138274133205414e-03
3.574986457824707031e-01 -4.554381594061851501e-02 1.782478392124176025e-01 -1.319446563720703125e-01
2.621673941612243652e-01 -6.527709215879440308e-02 3.091675043106079102e-01 -1.352981179952621460e-01
3.636083900928497314e-01 -6.284628063440322876e-02 2.466789036989212036e-01 -1.160875335335731506e-01
1.981397271156311035e-01 -5.727058276534080505e-02 -1.087808609008789062e-01 -2.895742356777191162e-01
3.162748217582702637e-01 -7.979584485292434692e-02 2.943812310695648193e-01 -1.184559464454650879e-01
3.525768816471099854e-01 -6.390854716300964355e-02 2.484213113784790039e-01 -1.001710146665573120e-01
2.152180671691894531e-01 -7.925103604793548584e-02 2.797484099864959717e-01 -1.086257323622703552e-01
4.130348861217498779e-01 -1.173936426639556885e-01 1.969505846500396729e-01 -1.695398986339569092e-02
2.216586917638778687e-01 -9.214887022972106934e-02 2.547381818294525146e-01 -1.231333836913108826e-01
1.990493535995483398e-01 -9.438556432723999023e-02 2.065585255622863770e-01 -1.579966992139816284e-01
2.748921811580657959e-01 -6.879853457212448120e-02 2.934305369853973389e-01 -1.331987380981445312e-01
3.692414760589599609e-01 -1.135889440774917603e-01 2.289312481880187988e-01 -5.325956270098686218e-02
1.613020300865173340e-01 -1.652139723300933838e-01 1.967781782150268555e-01 -2.038826644420623779e-01
2.638374865055084229e-01 -7.749788463115692139e-02 2.859574854373931885e-01 -1.238767877221107483e-01
1.427699625492095947e-01 4.908833503723144531e-01 -2.039641886949539185e-01 -3.483527898788452148e-01
7.876178622245788574e-02 -1.656249314546585083e-01 7.671914994716644287e-02 -2.333362698554992676e-01
2.307039052248001099e-01 -4.347285330295562744e-01 -8.702820539474487305e-02 -1.011466532945632935e-01
3.239484429359436035e-01 -6.819518655538558960e-02 2.750608921051025391e-01 -1.371802389621734619e-01
3.281236588954925537e-01 -7.208695262670516968e-02 2.681536078453063965e-01 -1.402067542076110840e-01
3.329294323921203613e-01 -8.309484273195266724e-02 2.871426939964294434e-01 -1.304302215576171875e-01
3.214146494865417480e-01 -8.292410522699356079e-02 2.910011708736419678e-01 -1.373152136802673340e-01
4.264586269855499268e-01 -4.898656904697418213e-02 2.757086753845214844e-01 -5.010030791163444519e-02
2.072154730558395386e-01 -1.083952486515045166e-01 2.820912897586822510e-01 -1.009905338287353516e-01
3.302988708019256592e-01 -5.804967880249023438e-02 2.796510756015777588e-01 -1.155830472707748413e-01
3.079105019569396973e-01 -1.478378921747207642e-01 1.004329249262809753e-01 -1.499887704849243164e-01
2.987658381462097168e-01 -7.961706072092056274e-02 2.768945991992950439e-01 -1.146088168025016785e-01
4.276437163352966309e-01 -1.681646853685379028e-01 2.699861228466033936e-01 -2.670672163367271423e-02
4.352581799030303955e-01 -9.017506241798400879e-02 3.065017461776733398e-01 -1.390754245221614838e-03
3.381861150264739990e-01 -2.401547878980636597e-02 2.043903768062591553e-01 -1.326251327991485596e-01
2.427512109279632568e-01 -1.125785484910011292e-01 2.978551089763641357e-01 -8.728334307670593262e-02
3.044138848781585693e-01 -1.256339438259601593e-02 7.653820514678955078e-02 -1.746441572904586792e-01
4.239850640296936035e-01 -5.182221904397010803e-02 2.369465380907058716e-01 5.530507862567901611e-02
3.317250609397888184e-01 -8.493001013994216919e-02 3.003615736961364746e-01 -1.249021738767623901e-01
2.834374606609344482e-01 -7.015790045261383057e-02 2.631960809230804443e-01 -1.284695863723754883e-01
3.479316830635070801e-01 -5.853624641895294189e-02 2.705485224723815918e-01 -1.135299950838088989e-01
1.366296559572219849e-01 -9.816362708806991577e-02 1.683651059865951538e-01 -1.195500865578651428e-01
2.888128459453582764e-01 -8.869959414005279541e-02 2.741217613220214844e-01 -1.314760148525238037e-01
2.774688303470611572e-01 -4.376322776079177856e-02 3.522429764270782471e-01 -7.645723223686218262e-02
8.306644111871719360e-02 7.732289377599954605e-03 1.363469213247299194e-01 -7.170012593269348145e-02
3.687549829483032227e-01 -4.905801266431808472e-02 2.490314841270446777e-01 -8.941984921693801880e-02
3.798925578594207764e-01 -6.115606054663658142e-03 2.481013238430023193e-01 -1.513698548078536987e-01
3.304536342620849609e-01 -7.156392186880111694e-02 2.764190435409545898e-01 -1.280221641063690186e-01
3.274554610252380371e-01 -7.625021040439605713e-02 2.721364796161651611e-01 -1.200548708438873291e-01
1.795733273029327393e-01 -8.951178938150405884e-02 1.953202933073043823e-01 -2.010102272033691406e-01
2.670330405235290527e-01 -9.152605384588241577e-02 2.838371694087982178e-01 -1.619574427604675293e-01
3.145485818386077881e-01 -8.644733577966690063e-02 3.228096663951873779e-01 -1.105626821517944336e-01
3.231063485145568848e-01 -8.476228266954421997e-02 2.685267031192779541e-01 -1.268656402826309204e-01
3.035897314548492432e-01 -7.931681722402572632e-02 2.743630409240722656e-01 -1.291143149137496948e-01
2.477205842733383179e-01 -8.585523068904876709e-02 2.962509095668792725e-01 -7.385791838169097900e-02
3.596954047679901123e-01 -6.152322143316268921e-02 2.402248531579971313e-01 -1.286801993846893311e-01
3.665470778942108154e-01 1.266731172800064087e-01 7.208745181560516357e-02 7.332753390073776245e-02
4.048537313938140869e-01 -8.588253706693649292e-02 2.804992794990539551e-01 -2.880527265369892120e-02
3.453927636146545410e-01 6.833367794752120972e-02 6.689236313104629517e-02 5.381690338253974915e-02
4.055678844451904297e-01 8.058570325374603271e-02 2.015291154384613037e-01 9.644117951393127441e-02
-9.780680388212203979e-02 -1.325342804193496704e-01 -1.448262631893157959e-01 -1.923759430646896362e-01
2.359883338212966919e-01 -2.602511784061789513e-03 -8.015949279069900513e-02 -1.965678930282592773e-01
3.716101348400115967e-01 -5.406346172094345093e-02 2.620163261890411377e-01 -1.031908914446830750e-01
3.488792181015014648e-01 -6.274090707302093506e-02 2.820444703102111816e-01 -1.328817456960678101e-01
2.894635200500488281e-01 -7.654238492250442505e-02 2.873635590076446533e-01 -1.615598350763320923e-01
1.478389799594879150e-01 -1.006926000118255615e-01 1.971636414527893066e-01 -2.207790911197662354e-01
3.236213922500610352e-01 -6.720912456512451172e-02 2.615385949611663818e-01 -1.447615176439285278e-01
2.821677625179290771e-01 -8.654341846704483032e-02 2.727923989295959473e-01 -1.346484571695327759e-01
3.537069857120513916e-01 -7.755551487207412720e-02 2.726052999496459961e-01 -1.229146569967269897e-01
3.906450867652893066e-01 -8.405251055955886841e-02 2.760289907455444336e-01 -8.053004741668701172e-02
2.670269608497619629e-01 -1.379090249538421631e-01 3.530533313751220703e-01 -9.334271401166915894e-02
2.507171928882598877e-01 -5.900286138057708740e-02 2.799037992954254150e-01 -1.521444469690322876e-01
2.921196222305297852e-01 -6.884495168924331665e-02 2.835867404937744141e-01 -1.263265907764434814e-01
3.303909301757812500e-01 -7.759728282690048218e-02 2.777261137962341309e-01 -1.255280673503875732e-01
3.945637047290802002e-01 -4.017046093940734863e-02 2.623133063316345215e-01 -1.056569069623947144e-01
3.410058915615081787e-01 -6.784484535455703735e-02 2.042271047830581665e-01 -1.271865665912628174e-01
3.824917078018188477e-01 -8.635753393173217773e-02 2.414052933454513550e-01 -1.055124774575233459e-01
2.493967413902282715e-01 4.663789570331573486e-01 4.576675593852996826e-01 1.379202604293823242e-01
3.154280781745910645e-01 -7.285143435001373291e-02 2.863331139087677002e-01 -1.319037973880767822e-01
3.383728563785552979e-01 -7.441423088312149048e-02 2.768396437168121338e-01 -1.384095996618270874e-01
4.193094074726104736e-01 -1.415404081344604492e-01 2.186920195817947388e-01 1.076226755976676941e-01
3.305206596851348877e-01 -8.353369683027267456e-02 2.900382280349731445e-01 -1.135518848896026611e-01
3.166046142578125000e-01 -7.168206572532653809e-02 2.900675237178802490e-01 -1.330247372388839722e-01
3.432574272155761719e-01 -7.096394896507263184e-02 2.445849180221557617e-01 -1.344885081052780151e-01
2.688138782978057861e-01 -8.342373371124267578e-02 2.899648845195770264e-01 -1.466640233993530273e-01
3.821577727794647217e-01 -1.340513862669467926e-02 1.792242974042892456e-01 -1.306463778018951416e-01
6.336107850074768066e-02 -7.156620919704437256e-02 8.677339553833007812e-02 -2.788242399692535400e-01
3.932565748691558838e-01 -7.324808835983276367e-02 2.083651125431060791e-01 5.935211479663848877e-02
2.958772480487823486e-01 -7.449556142091751099e-02 3.733269572257995605e-01 -2.816182561218738556e-02
4.205083549022674561e-01 1.205556560307741165e-02 2.444873005151748657e-01 -1.505672186613082886e-01
1.984208375215530396e-01 -5.619171261787414551e-02 2.543846070766448975e-01 -7.228019833564758301e-02
5.174491405487060547e-01 6.291967630386352539e-02 3.220994174480438232e-01 2.950478494167327881e-01
3.727466762065887451e-01 -6.543499231338500977e-02 2.801865637302398682e-01 -1.093080490827560425e-01
4.253998398780822754e-01 -6.556444615125656128e-02 2.229578346014022827e-01 9.441009908914566040e-02
2.438281476497650146e-01 -7.170778512954711914e-02 2.746142745018005371e-01 -1.693888008594512939e-01
3.712174892425537109e-01 -1.314237117767333984e-01 1.838926076889038086e-01 3.491268260404467583e-03
3.239974677562713623e-01 -8.031408488750457764e-02 2.653025388717651367e-01 -1.296878606081008911e-01
3.085853457450866699e-01 -8.104848116636276245e-02 2.767814099788665771e-01 -1.228752061724662781e-01
3.162659704685211182e-01 -8.832523226737976074e-02 2.901812195777893066e-01 -1.260908842086791992e-01
-4.048058390617370605e-02 -6.051071286201477051e-01 -1.448041666299104691e-02 -1.638251692056655884e-01
2.641886174678802490e-01 -1.002211943268775940e-01 3.146350979804992676e-01 -1.562042981386184692e-01
3.596889972686767578e-01 -4.403959959745407104e-02 2.140655815601348877e-01 -9.358953684568405151e-02
3.253235518932342529e-01 -7.677769288420677185e-03 1.093996018171310425e-01 -1.225375533103942871e-01
3.269979059696197510e-01 -6.033547595143318176e-02 2.836506664752960205e-01 -1.365922838449478149e-01
3.631572425365447998e-01 -8.754697442054748535e-02 2.126960605382919312e-01 -6.648185104131698608e-02
3.752322494983673096e-01 -6.711390614509582520e-02 2.918568551540374756e-01 -9.682897478342056274e-02
3.826282918453216553e-01 -1.200434193015098572e-02 2.674980163574218750e-01 -7.498402893543243408e-02
4.045676887035369873e-01 -4.112842306494712830e-02 2.799045443534851074e-01 -1.111873313784599304e-01
4.940455853939056396e-01 1.582610607147216797e-01 3.036735951900482178e-01 9.146872907876968384e-02
3.300339579582214355e-01 -7.134155929088592529e-02 2.790423631668090820e-01 -1.305683106184005737e-01
3.306809067726135254e-01 -8.953282982110977173e-02 2.843416631221771240e-01 -1.221870705485343933e-01
3.730892539024353027e-01 -1.303647607564926147e-01 1.759258657693862915e-01 -8.313958346843719482e-02
3.185386955738067627e-01 -8.169806748628616333e-02 3.009374141693115234e-01 -1.224607303738594055e-01
3.238117694854736328e-01 -7.235856354236602783e-02 9.305490553379058838e-02 -2.821567356586456299e-01
1.640722602605819702e-01 -7.448530942201614380e-02 2.123046666383743286e-01 -1.997725963592529297e-01
2.292904406785964966e-01 8.601457625627517700e-02 3.144634366035461426e-01 -1.713065207004547119e-01
3.871681392192840576e-01 -8.670819550752639771e-02 2.661144137382507324e-01 -7.980683445930480957e-02
3.326252996921539307e-01 -6.378779560327529907e-02 2.596569955348968506e-01 -1.342006027698516846e-01
2.013291269540786743e-01 -1.571543067693710327e-01 2.223795950412750244e-01 -1.333979368209838867e-01
2.837135195732116699e-01 -8.728257566690444946e-02 3.002342283725738525e-01 -1.167761906981468201e-01
4.203893542289733887e-01 -3.088676333427429199e-01 2.160001993179321289e-01 1.392329484224319458e-01
1.027245670557022095e-01 -1.649045646190643311e-01 1.038151830434799194e-01 -1.893947869539260864e-01
3.758484125137329102e-01 -8.456386625766754150e-02 2.862892150878906250e-01 -1.148892864584922791e-01
4.097651243209838867e-01 -8.158434182405471802e-02 3.026402890682220459e-01 -7.366627454757690430e-02
2.671020030975341797e-01 -5.109986662864685059e-02 2.882450819015502930e-01 -1.449989378452301025e-01
3.477616012096405029e-01 -9.076382033526897430e-03 1.970078647136688232e-01 -1.346521526575088501e-01
-2.352887392044067383e-01 -4.817122817039489746e-01 -2.326371222734451294e-01 -5.177383422851562500e-01
3.512951135635375977e-01 -9.698624908924102783e-02 2.263982146978378296e-01 -8.157713711261749268e-02
3.652904331684112549e-01 -5.191614106297492981e-02 2.277421802282333374e-01 -1.047666370868682861e-01
2.881510257720947266e-01 -9.314026683568954468e-02 2.824384570121765137e-01 -1.294993609189987183e-01
2.517693042755126953e-01 -6.264463067054748535e-02 3.022636771202087402e-01 -1.659864634275436401e-01
3.218445479869842529e-01 -7.831678539514541626e-02 3.067586123943328857e-01 -1.264137923717498779e-01
3.535965085029602051e-01 -6.510839611291885376e-02 2.657783031463623047e-01 -1.373640447854995728e-01
2.908624708652496338e-01 -9.536910802125930786e-02 2.924793660640716553e-01 -1.335876435041427612e-01
3.717425763607025146e-01 -5.570302903652191162e-02 2.094126939773559570e-01 -8.144634962081909180e-02
2.692683339118957520e-01 -9.535130113363265991e-02 2.891463935375213623e-01 -1.223297715187072754e-01
2.942137122154235840e-01 -8.126038312911987305e-02 2.825334668159484863e-01 -1.385164260864257812e-01
2.504741549491882324e-01 -2.259898036718368530e-01 3.644718229770660400e-01 4.492548480629920959e-02
4.147332608699798584e-01 -9.207442402839660645e-02 2.584554851055145264e-01 -4.821386188268661499e-02
2.871169149875640869e-01 -9.094575047492980957e-02 2.805586159229278564e-01 -1.334951072931289673e-01
3.009648919105529785e-01 -7.912503927946090698e-02 2.725099325180053711e-01 -1.319385319948196411e-01
-2.483013719320297241e-01 5.242465138435363770e-01 -2.446420490741729736e-01 -6.433202028274536133e-01
2.887193858623504639e-01 -1.110555902123451233e-01 2.982971668243408203e-01 -1.140903159976005554e-01
2.634388506412506104e-01 7.434612512588500977e-02 -4.134769737720489502e-02 -3.264923095703125000e-01
3.909402489662170410e-01 -2.597701847553253174e-01 1.864045262336730957e-01 -1.153734177350997925e-01
3.208221197128295898e-01 -8.136987686157226562e-02 2.820299565792083740e-01 -1.134070605039596558e-01
1.245918348431587219e-01 1.484256051480770111e-02 1.717457622289657593e-01 -2.206554263830184937e-01
2.931765317916870117e-01 -8.510341495275497437e-02 3.532744348049163818e-01 -1.404005140066146851e-01
1.479416489601135254e-01 -1.359605938196182251e-01 1.977895349264144897e-01 -1.423009634017944336e-01
3.517267405986785889e-01 -7.827923446893692017e-02 2.703580558300018311e-01 -1.004722043871879578e-01
2.223409116268157959e-01 1.786372959613800049e-01 3.606182932853698730e-01 1.680595800280570984e-02
4.688832461833953857e-01 -2.263183593750000000e-01 2.862140238285064697e-01 6.854534149169921875e-05
2.722520530223846436e-01 -8.799482136964797974e-02 2.830507755279541016e-01 -1.306643933057785034e-01
3.001755336299538612e-03 -3.908723592758178711e-01 3.271763771772384644e-02 -2.724186331033706665e-02
3.848664462566375732e-01 -6.326048821210861206e-02 2.818978428840637207e-01 -8.089929074048995972e-02
2.810853421688079834e-01 -8.679945021867752075e-02 2.910366356372833252e-01 -1.222139298915863037e-01
3.521001935005187988e-01 -3.780402243137359619e-02 2.293137013912200928e-01 -1.223064363002777100e-01
6.693471223115921021e-02 -1.211484745144844055e-01 7.902722060680389404e-02 -1.721877902746200562e-01
2.537442445755004883e-01 -6.902580708265304565e-02 2.616688609123229980e-01 -1.302752047777175903e-01
3.398467004299163818e-01 2.099022567272186279e-01 6.427071243524551392e-02 -1.078154444694519043e-01
3.447225987911224365e-01 -6.721346080303192139e-02 2.808390259742736816e-01 -1.141078770160675049e-01
3.153418302536010742e-01 -7.308664172887802124e-02 2.754550874233245850e-01 -1.248927041888237000e-01
3.677583634853363037e-01 -8.089310675859451294e-02 2.626676261425018311e-01 -9.407980740070343018e-02
2.918255627155303955e-01 -7.713378965854644775e-02 2.900883853435516357e-01 -1.298287957906723022e-01
3.283982872962951660e-01 -7.915126532316207886e-02 2.771890461444854736e-01 -1.218286305665969849e-01
2.803414165973663330e-01 -2.695435881614685059e-01 3.765632510185241699e-01 -4.525884054601192474e-03
3.531252741813659668e-01 -6.231602281332015991e-02 2.657772302627563477e-01 -1.349938511848449707e-01
2.701955437660217285e-01 -7.872375845909118652e-02 3.049460649490356445e-01 -1.280988752841949463e-01
3.412368297576904297e-01 -6.767520308494567871e-02 1.114993393421173096e-01 -1.591330170631408691e-01
-1.166956778615713120e-02 -1.404981464147567749e-01 -2.185158664360642433e-03 -5.061860755085945129e-02
3.341980874538421631e-01 -7.299487292766571045e-02 2.621957063674926758e-01 -1.397341489791870117e-01
2.557171285152435303e-01 -5.924065411090850830e-02 2.875893414020538330e-01 -1.439792960882186890e-01
2.528927028179168701e-01 -9.525858610868453979e-02 2.986935079097747803e-01 -1.383241266012191772e-01
1.574144959449768066e-01 4.578009992837905884e-02 2.303242236375808716e-01 -5.193335935473442078e-02
3.001402318477630615e-01 -8.021434396505355835e-02 2.784807085990905762e-01 -1.445073038339614868e-01
2.381127029657363892e-01 -9.707432985305786133e-02 2.602269351482391357e-01 -1.672048717737197876e-01
3.771771192550659180e-01 -5.595661327242851257e-02 2.416675090789794922e-01 -9.842538088560104370e-02
3.954158723354339600e-01 -8.681464940309524536e-02 2.125846296548843384e-01 4.247580189257860184e-03
3.501606881618499756e-01 -9.302217513322830200e-02 2.410219609737396240e-01 -1.125605329871177673e-01
3.538503646850585938e-01 -5.171351134777069092e-02 2.375831454992294312e-01 -1.283248215913772583e-01
4.547988623380661011e-02 -6.187987327575683594e-02 3.077135980129241943e-01 -2.785384654998779297e-01
1.879406124353408813e-01 -1.545297950506210327e-01 2.680972218513488770e-01 -1.464600861072540283e-01
3.876286745071411133e-01 -6.383048743009567261e-02 2.340382486581802368e-01 -2.787815220654010773e-02
3.277530372142791748e-01 -7.856783270835876465e-02 2.824723422527313232e-01 -1.259747594594955444e-01
3.334931731224060059e-01 -7.941570878028869629e-02 2.875110805034637451e-01 -1.247211322188377380e-01
3.744672536849975586e-01 -4.572215303778648376e-02 2.107301056385040283e-01 -9.837928414344787598e-02
3.248982727527618408e-01 -3.870349377393722534e-02 1.750419437885284424e-01 -9.698916226625442505e-02
5.260036140680313110e-02 -1.050985828042030334e-01 7.326402515172958374e-02 -3.045775890350341797e-01
2.828200161457061768e-01 -6.902452558279037476e-02 2.820958197116851807e-01 -1.414416581392288208e-01
4.146631658077239990e-01 5.567538365721702576e-02 2.597160637378692627e-01 -5.105219408869743347e-02
3.476846814155578613e-01 -6.927626579999923706e-02 2.723655998706817627e-01 -1.188678666949272156e-01
2.820906043052673340e-01 -8.016847819089889526e-02 2.745904624462127686e-01 -1.384057849645614624e-01
2.749843299388885498e-01 -8.753750473260879517e-02 2.710632383823394775e-01 -1.370572447776794434e-01
2.807264626026153564e-01 -7.979141920804977417e-02 2.794382274150848389e-01 -1.555612832307815552e-01
3.514029383659362793e-01 -7.844827324151992798e-02 2.735678553581237793e-01 -1.087717711925506592e-01
2.690808475017547607e-01 -5.219044908881187439e-02 2.919452786445617676e-01 -1.728856861591339111e-01
3.237909972667694092e-01 -7.649314403533935547e-02 2.735019624233245850e-01 -1.149047240614891052e-01
3.566327691078186035e-01 -7.811380177736282349e-02 2.820258736610412598e-01 -1.188066601753234863e-01
3.455014228820800781e-01 -7.889714092016220093e-02 2.799561321735382080e-01 -1.176808401942253113e-01
3.736333549022674561e-01 -7.082132250070571899e-02 2.748953700065612793e-01 -6.692571192979812622e-02
2.568387687206268311e-01 -1.163218989968299866e-01 3.169781267642974854e-01 -1.748854964971542358e-01
3.139521181583404541e-01 -7.953135669231414795e-02 2.864402234554290771e-01 -1.296227723360061646e-01
3.942148089408874512e-01 8.961104601621627808e-02 1.761335581541061401e-01 6.368921697139739990e-02
3.503196537494659424e-01 -4.989314079284667969e-02 2.236411869525909424e-01 -1.149748936295509338e-01
4.566721990704536438e-02 2.540686726570129395e-02 1.248921751976013184e-01 -2.566775083541870117e-01
3.880204260349273682e-01 -7.507154345512390137e-02 2.953450083732604980e-01 -9.898292273283004761e-02
3.403991758823394775e-01 -7.194760441780090332e-02 2.760721743106842041e-01 -1.237272173166275024e-01
2.903431653976440430e-01 -2.384635852649807930e-03 -4.397613462060689926e-03 1.841533556580543518e-02
3.868387639522552490e-01 -1.326217222958803177e-02 2.471946179866790771e-01 -7.177316397428512573e-02
3.715510070323944092e-01 -3.164623677730560303e-02 2.388475984334945679e-01 -8.354326337575912476e-02
2.684499323368072510e-01 -1.071745157241821289e-01 -8.843511343002319336e-03 -1.063377559185028076e-01
4.366263151168823242e-01 -5.465857684612274170e-02 2.983989715576171875e-01 -4.071766883134841919e-02
2.021144777536392212e-01 -1.871430575847625732e-01 3.431437313556671143e-01 1.263465285301208496e-01
3.482748270034790039e-01 -7.257783412933349609e-02 2.805415093898773193e-01 -1.013452857732772827e-01
2.974743247032165527e-01 -7.080142945051193237e-02 2.831768095493316650e-01 -1.486147046089172363e-01
4.089070856571197510e-01 -6.158607080578804016e-02 2.814757227897644043e-01 -5.284026637673377991e-02
-1.241790037602186203e-02 -9.303455054759979248e-02 2.327745705842971802e-01 -3.573166131973266602e-01
3.299885988235473633e-01 -7.643441855907440186e-02 2.697670161724090576e-01 -1.264193356037139893e-01
3.158382475376129150e-01 -7.997256517410278320e-02 2.675817608833312988e-01 -1.286928653717041016e-01
2.063638120889663696e-01 -1.118725016713142395e-01 2.436731010675430298e-01 -1.654862165451049805e-01
3.383568823337554932e-01 -7.630189508199691772e-02 2.775611877441406250e-01 -1.130148842930793762e-01
3.253134191036224365e-01 -6.966679543256759644e-02 2.489902228116989136e-01 -1.247257366776466370e-01
3.316582441329956055e-01 -6.826510280370712280e-02 2.709472179412841797e-01 -1.277592629194259644e-01
3.924258053302764893e-01 -7.549011707305908203e-02 3.009499907493591309e-01 -8.492649346590042114e-02
3.664420247077941895e-01 -7.042828947305679321e-02 2.324843555688858032e-01 -1.190389767289161682e-01
3.506266772747039795e-01 -5.439167469739913940e-02 2.510443329811096191e-01 -1.273604035377502441e-01
-1.724905334413051605e-02 -4.635025188326835632e-02 -2.047484554350376129e-02 -3.183066844940185547e-01
3.510561883449554443e-01 -7.362892478704452515e-02 2.621689438819885254e-01 -1.168433576822280884e-01
2.191714644432067871e-01 -2.632630467414855957e-01 3.031515777111053467e-01 -3.845702623948454857e-03
2.532441020011901855e-01 -1.005300059914588928e-01 2.863706350326538086e-01 -1.114116534590721130e-01
5.062290430068969727e-01 1.113693341612815857e-01 3.019828796386718750e-01 2.562244832515716553e-01
4.536117017269134521e-01 -2.949476614594459534e-02 2.503688037395477295e-01 1.209320798516273499e-01
4.911024868488311768e-01 -1.303035914897918701e-01 3.383657932281494141e-01 1.215787976980209351e-01
3.490532040596008301e-01 -6.909590959548950195e-02 2.910424768924713135e-01 -1.180905699729919434e-01
4.126625657081604004e-01 -7.085109502077102661e-02 2.635400593280792236e-01 -3.321036696434020996e-02
3.325692117214202881e-01 -7.043961435556411743e-02 2.787900865077972412e-01 -1.310047358274459839e-01
3.528703153133392334e-01 -7.249320298433303833e-02 2.715876400470733643e-01 -1.135364994406700134e-01
1.439226418733596802e-01 -1.599197089672088623e-02 2.034124881029129028e-01 -2.655187845230102539e-01
4.983478188514709473e-01 -6.851573474705219269e-03 3.087151944637298584e-01 1.226802468299865723e-01
2.989486157894134521e-01 -7.651218026876449585e-02 2.892661094665527344e-01 -1.242701709270477295e-01
2.136366963386535645e-01 -3.137680888175964355e-02 2.535001933574676514e-01 -1.994848549365997314e-01
2.756792902946472168e-01 -6.325933337211608887e-02 3.067375421524047852e-01 -1.516769379377365112e-01
3.640247583389282227e-01 -5.538610741496086121e-02 2.608467638492584229e-01 -1.243747174739837646e-01
3.009912073612213135e-01 -7.390447705984115601e-02 2.704908549785614014e-01 -1.254239678382873535e-01
2.573792040348052979e-01 -1.111031398177146912e-01 3.151110410690307617e-01 -9.685463458299636841e-02
3.157901167869567871e-01 -8.484181761741638184e-02 2.696140408515930176e-01 -1.223818808794021606e-01
3.075307011604309082e-01 -6.051895022392272949e-02 2.733741104602813721e-01 -1.349625140428543091e-01
2.775688767433166504e-01 -8.467926084995269775e-02 3.117785751819610596e-01 -1.171833351254463196e-01
2.183427810668945312e-01 -1.203298419713973999e-01 2.689021825790405273e-01 -1.622860133647918701e-01
3.711124658584594727e-01 -8.341352641582489014e-02 2.153435945510864258e-01 -1.257095187902450562e-01
4.590998291969299316e-01 -3.495749235153198242e-01 2.476014196872711182e-01 1.633142232894897461e-01
3.308259546756744385e-01 -8.211912959814071655e-02 3.053831160068511963e-01 -1.338964104652404785e-01
4.214693009853363037e-01 -2.615206837654113770e-01 2.317538410425186157e-01 1.292777955532073975e-01
3.062527775764465332e-01 -7.343920320272445679e-02 2.593645453453063965e-01 -1.334311366081237793e-01
3.183875083923339844e-01 -7.985343039035797119e-02 2.989943027496337891e-01 -1.271238178014755249e-01
3.039375245571136475e-01 -8.142841607332229614e-02 2.851094603538513184e-01 -1.231375783681869507e-01
3.660521507263183594e-01 -7.380311936140060425e-02 2.700202167034149170e-01 -9.714046120643615723e-02
4.159567356109619141e-01 -5.831978097558021545e-02 2.872481048107147217e-01 -5.050135403871536255e-02
3.010209500789642334e-01 -7.638188451528549194e-02 3.061005175113677979e-01 -1.295061260461807251e-01
3.378471136093139648e-01 -7.721561193466186523e-02 2.679015696048736572e-01 -1.329035013914108276e-01
2.469728738069534302e-01 -6.956639140844345093e-02 3.095370829105377197e-01 -1.076259016990661621e-01
2.228806316852569580e-01 -1.010726317763328552e-01 2.855687439441680908e-01 -8.780004084110260010e-02
3.554309606552124023e-01 -1.549642160534858704e-02 1.116198599338531494e-01 -1.543508172035217285e-01
2.684260904788970947e-01 -6.814481317996978760e-02 3.448486030101776123e-01 -3.291819244623184204e-02
3.735712468624114990e-01 -4.560213536024093628e-02 2.677158713340759277e-01 -1.237100809812545776e-01
2.986927628517150879e-01 -9.081909060478210449e-02 2.900424003601074219e-01 -1.219837367534637451e-01
3.793492913246154785e-01 -7.095240056514739990e-02 2.770181298255920410e-01 -1.099153384566307068e-01
3.421831727027893066e-01 -7.513906061649322510e-02 2.906085848808288574e-01 -1.213409006595611572e-01
3.918677270412445068e-01 -1.132081747055053711e-01 2.331942021846771240e-01 6.311153993010520935e-03
3.836874663829803467e-01 -4.623612016439437866e-02 2.083898484706878662e-01 -9.888604283332824707e-02
4.332791566848754883e-01 1.631674543023109436e-02 2.689125537872314453e-01 -4.612547159194946289e-02
2.523188292980194092e-01 -5.497669801115989685e-02 2.873392701148986816e-01 -1.291178613901138306e-01
3.222025334835052490e-01 -7.458510994911193848e-02 2.841191887855529785e-01 -1.324359625577926636e-01
3.262973427772521973e-01 -6.098455563187599182e-02 2.783183157444000244e-01 -1.253073662519454956e-01
3.037509620189666748e-01 -7.923360913991928101e-02 2.934052944183349609e-01 -1.290699392557144165e-01
3.999851942062377930e-01 -6.812953203916549683e-02 2.850967049598693848e-01 -1.227282360196113586e-01
1.566128432750701904e-01 -1.791517734527587891e-01 -2.110998928546905518e-01 -3.992936611175537109e-01
3.884887993335723877e-01 4.590204451233148575e-03 1.975211352109909058e-01 -9.958136081695556641e-02
3.556055426597595215e-01 -8.294034004211425781e-02 2.837502658367156982e-01 -1.084991768002510071e-01
2.389705926179885864e-01 -1.374411135911941528e-01 3.002040088176727295e-01 -1.009734719991683960e-01
3.268016278743743896e-01 -7.018007338047027588e-02 2.724653780460357666e-01 -1.400942355394363403e-01
2.477411478757858276e-01 -8.790923655033111572e-02 2.453177720308303833e-01 -1.397381722927093506e-01
8.060006797313690186e-02 2.163157612085342407e-01 1.459442377090454102e-01 -2.345456779003143311e-01
1.805383861064910889e-01 -1.870720237493515015e-01 2.307000160217285156e-01 -7.088345289230346680e-02
2.230169773101806641e-01 -4.077508300542831421e-02 2.743104696273803711e-01 -1.422094553709030151e-01
3.479578793048858643e-01 -3.669542446732521057e-02 1.743409037590026855e-01 -1.484093815088272095e-01
3.223434686660766602e-01 -8.311720937490463257e-02 3.381968140602111816e-01 -1.076348572969436646e-01
2.436729967594146729e-01 8.260322734713554382e-03 3.284453749656677246e-01 -6.256512552499771118e-02
3.187614679336547852e-01 -7.787176221609115601e-02 2.842146754264831543e-01 -1.381675153970718384e-01
3.911666572093963623e-01 -9.465482831001281738e-02 2.672494947910308838e-01 -7.005338370800018311e-02
2.246916890144348145e-01 -1.695098578929901123e-01 2.975551486015319824e-01 -3.529585525393486023e-02
2.732484340667724609e-01 -8.775664120912551880e-02 2.773258686065673828e-01 -1.136344298720359802e-01
3.721221685409545898e-01 -8.129458874464035034e-02 2.864022254943847656e-01 -9.339205175638198853e-02
3.540803492069244385e-01 -7.228902727365493774e-02 2.628914713859558105e-01 -1.013768464326858521e-01
4.087529182434082031e-01 -4.367128387093544006e-02 2.567870318889617920e-01 -1.085662096738815308e-01
2.786116302013397217e-01 -9.974189847707748413e-02 2.790954113006591797e-01 -1.166458725929260254e-01
3.394447863101959229e-01 -6.593138724565505981e-02 2.765672504901885986e-01 -1.239870637655258179e-01
1.956390887498855591e-01 -3.341916203498840332e-02 2.301853299140930176e-01 -1.947598755359649658e-01
3.201910257339477539e-01 -3.712286427617073059e-02 7.596383243799209595e-02 -1.432609856128692627e-01
-2.823317609727382660e-02 -5.097613856196403503e-02 -6.958761718124151230e-03 -3.098443746566772461e-01
2.461027204990386963e-01 -4.260297119617462158e-02 3.034573495388031006e-01 -9.668726474046707153e-02
3.287158012390136719e-01 -7.859525084495544434e-02 2.754047513008117676e-01 -1.232044696807861328e-01
2.807088494300842285e-01 -8.430719375610351562e-02 2.698879241943359375e-01 -1.394856125116348267e-01
2.617989182472229004e-01 -1.031970381736755371e-01 2.810537517070770264e-01 -1.463792026042938232e-01
3.749265670776367188e-01 -7.151191122829914093e-03 1.575344651937484741e-01 -1.053098589181900024e-01
3.015853166580200195e-01 -7.633015513420104980e-02 2.883822917938232422e-01 -1.463519930839538574e-01
1.236171945929527283e-01 1.108580604195594788e-01 1.586418896913528442e-01 -2.195352762937545776e-01
4.030198454856872559e-01 -4.058438166975975037e-02 2.383561134338378906e-01 -3.551172465085983276e-02
4.388772249221801758e-01 -2.506151199340820312e-01 2.426614910364151001e-01 1.204730384051799774e-02
3.479130566120147705e-01 2.964384853839874268e-01 1.053959205746650696e-01 -9.007879346609115601e-02
2.403556555509567261e-01 -7.079198211431503296e-02 2.687889337539672852e-01 -9.550197422504425049e-02
1.397436410188674927e-01 -4.487745836377143860e-02 1.755156517028808594e-01 -2.150312960147857666e-01
2.885744273662567139e-01 -7.470595091581344604e-02 2.793744206428527832e-01 -1.335416436195373535e-01
1.959707885980606079e-01 -4.695050790905952454e-02 2.362823486328125000e-01 -1.546310335397720337e-01
1.586564928293228149e-01 -1.035301908850669861e-01 2.233528792858123779e-01 -2.455585151910781860e-01
2.825889289379119873e-01 -9.390162676572799683e-02 2.761207520961761475e-01 -1.270048171281814575e-01
1.773018985986709595e-01 -1.271146237850189209e-01 2.302942872047424316e-01 -1.293687075376510620e-01
3.553066551685333252e-01 -7.192372530698776245e-02 2.429360449314117432e-01 -1.139852181077003479e-01
5.507453083992004395e-01 -9.465973824262619019e-02 3.549318015575408936e-01 3.005777597427368164e-01
1.275022178888320923e-01 -1.319523341953754425e-02 1.938674151897430420e-01 -2.142057716846466064e-01
2.432757467031478882e-01 -1.213314235210418701e-01 2.851442694664001465e-01 -1.108060553669929504e-01
3.630318343639373779e-01 -5.561312660574913025e-02 2.268503457307815552e-01 -1.250202357769012451e-01
2.042612433433532715e-01 1.727208197116851807e-01 -1.284796446561813354e-01 -3.895462751388549805e-01
3.256922960281372070e-01 -7.661665976047515869e-02 2.703761160373687744e-01 -1.253445297479629517e-01
3.976452052593231201e-01 7.510260213166475296e-03 2.489559948444366455e-01 -1.249927729368209839e-01
3.649770617485046387e-01 -4.299117624759674072e-02 2.161511182785034180e-01 -9.022618085145950317e-02
1.029719263315200806e-01 3.632649183273315430e-01 1.784437596797943115e-01 -1.529322415590286255e-01
1.720207035541534424e-01 -1.945177316665649414e-01 2.775061428546905518e-01 3.542396426200866699e-02
3.787766695022583008e-01 -1.279556192457675934e-02 2.419009059667587280e-01 -1.244946569204330444e-01
3.703009784221649170e-01 -1.111326739192008972e-01 2.398717105388641357e-01 -1.194244250655174255e-01
3.845455646514892578e-01 3.822429478168487549e-02 2.129070013761520386e-01 -1.198932901024818420e-01
3.463769853115081787e-01 -5.767659842967987061e-02 2.814533710479736328e-01 -1.436741501092910767e-01
3.556158840656280518e-01 -5.420999974012374878e-02 2.338810116052627563e-01 -1.008369773626327515e-01
1.929919719696044922e-01 -1.195668354630470276e-01 2.531579732894897461e-01 -1.721242517232894897e-01
2.265754789113998413e-01 -1.189401447772979736e-01 2.640692889690399170e-01 -1.746027618646621704e-01
3.483704030513763428e-01 -3.152765333652496338e-02 1.750589907169342041e-01 -1.567557752132415771e-01
1.940006762742996216e-01 -1.633920818567276001e-01 2.661630213260650635e-01 -1.378593146800994873e-01
3.520729243755340576e-01 -5.227277055382728577e-02 2.265570163726806641e-01 -1.408774703741073608e-01
-3.324357271194458008e-01 1.040985956788063049e-01 -3.735069632530212402e-01 -6.955357789993286133e-01
2.351371347904205322e-01 -1.270960569381713867e-01 2.784734368324279785e-01 -1.688150614500045776e-01
3.593942523002624512e-01 -6.879089027643203735e-02 2.721025943756103516e-01 -1.251342594623565674e-01
3.651441037654876709e-01 -5.919536575675010681e-02 2.616464793682098389e-01 -1.055463999509811401e-01
2.582124173641204834e-01 -1.936447769403457642e-01 3.477601110935211182e-01 -3.077110461890697479e-02
3.277021646499633789e-01 -7.564811408519744873e-02 2.540701627731323242e-01 -1.181137859821319580e-01
3.302889466285705566e-01 -8.094789832830429077e-02 2.812382876873016357e-01 -1.308763623237609863e-01
2.061854004859924316e-01 -1.353111863136291504e-01 2.896982431411743164e-01 -8.077435940504074097e-02
1.728644073009490967e-01 -7.527606189250946045e-02 2.385775446891784668e-01 -2.056963890790939331e-01
3.341552019119262695e-01 -9.299026429653167725e-02 2.901431024074554443e-01 -1.028904616832733154e-01
3.407379984855651855e-01 -7.520086318254470825e-02 2.837875187397003174e-01 -1.253825128078460693e-01
2.964635789394378662e-01 -8.911578357219696045e-02 2.863691449165344238e-01 -1.397687643766403198e-01
2.900571823120117188e-01 -8.252523839473724365e-02 2.886198759078979492e-01 -1.419560313224792480e-01
3.142218887805938721e-01 -7.308211177587509155e-02 2.806816101074218750e-01 -1.297133713960647583e-01
3.288264572620391846e-01 -8.637340366840362549e-02 2.741144597530364990e-01 -1.095599010586738586e-01
1.197088509798049927e-01 1.119595691561698914e-01 1.794835776090621948e-01 -6.952968239784240723e-02
3.784646391868591309e-01 -9.784001111984252930e-02 2.569366395473480225e-01 -9.152162820100784302e-02
3.125554323196411133e-01 -7.146642357110977173e-02 2.892786562442779541e-01 -1.391154378652572632e-01
2.990106940269470215e-01 -7.874607294797897339e-02 2.894344329833984375e-01 -1.319948136806488037e-01
2.484413832426071167e-01 -1.320223957300186157e-01 2.831546962261199951e-01 -1.486251056194305420e-01
2.967361509799957275e-01 -1.113799586892127991e-01 3.473255336284637451e-01 -1.252802610397338867e-01
3.567614853382110596e-01 -6.546130031347274780e-02 2.885330617427825928e-01 -1.100001931190490723e-01
3.692593574523925781e-01 2.484623789787292480e-01 1.353849768638610840e-01 -4.003624618053436279e-02
3.272131383419036865e-01 -1.899230629205703735e-01 1.021406278014183044e-01 -5.823099613189697266e-02
3.071838617324829102e-01 -7.280425727367401123e-02 2.811373770236968994e-01 -1.377008706331253052e-01
2.017570286989212036e-01 -6.249013543128967285e-02 2.495943307876586914e-01 -1.871533691883087158e-01
2.615157663822174072e-01 -1.902160942554473877e-01 3.316528797149658203e-01 2.262730523943901062e-02
3.404330313205718994e-01 -6.974282115697860718e-02 2.763234376907348633e-01 -1.157565265893936157e-01
3.372347056865692139e-01 -5.019713565707206726e-02 2.172375470399856567e-01 -1.213808655738830566e-01
1.886138617992401123e-01 -2.421537041664123535e-01 -1.388882845640182495e-01 -1.911676824092864990e-01
2.883906960487365723e-01 -8.153674006462097168e-02 2.738053798675537109e-01 -1.439746469259262085e-01
2.732828855514526367e-01 -8.821095526218414307e-02 2.882717847824096680e-01 -1.530379354953765869e-01
2.567063868045806885e-01 -1.424333304166793823e-01 3.166442513465881348e-01 -6.750725209712982178e-02
3.555094599723815918e-01 -5.150723084807395935e-02 2.609581649303436279e-01 -1.160735413432121277e-01
3.635680675506591797e-01 -6.295522302389144897e-02 2.853736281394958496e-01 -1.209103539586067200e-01
3.041515648365020752e-01 -7.788912951946258545e-02 2.920905947685241699e-01 -1.427504569292068481e-01
2.901459336280822754e-01 7.781628519296646118e-02 4.707442522048950195e-01 2.248983681201934814e-01
3.571928441524505615e-01 -6.907952576875686646e-02 2.467081546783447266e-01 -6.625976413488388062e-02
3.629835844039916992e-01 -3.918470814824104309e-02 2.176068425178527832e-01 -1.373538374900817871e-01
3.322938382625579834e-01 -7.864569872617721558e-02 2.659740149974822998e-01 -1.262062191963195801e-01
3.360802531242370605e-01 -7.896798104047775269e-02 2.972079515457153320e-01 -1.277921050786972046e-01
2.870132029056549072e-01 -8.103521913290023804e-02 2.619049251079559326e-01 -1.265198290348052979e-01
3.560291826725006104e-01 -8.176865428686141968e-02 2.577997744083404541e-01 -1.077606827020645142e-01
2.986388206481933594e-01 -8.472081273794174194e-02 2.767226397991180420e-01 -1.290902942419052124e-01
1.037276014685630798e-01 -1.823580414056777954e-01 1.640709638595581055e-01 -1.096641868352890015e-01
4.554611444473266602e-01 -7.195613533258438110e-02 2.965240478515625000e-01 1.277559548616409302e-01
