3.955259323120117188e-01
3.261437714099884033e-01
3.653215765953063965e-01
3.241433203220367432e-01
3.319990038871765137e-01
3.547121584415435791e-01
4.219960868358612061e-01
3.824366927146911621e-01
3.609812855720520020e-01
4.237980842590332031e-01
3.353516459465026855e-01
3.675292730331420898e-01
2.772684395313262939e-01
3.570007085800170898e-01
3.684199452400207520e-01
4.165427088737487793e-01
3.255611062049865723e-01
3.600566685199737549e-01
3.379486203193664551e-01
3.757671117782592773e-01
3.802362680435180664e-01
3.487561643123626709e-01
3.116154074668884277e-01
4.095556735992431641e-01
2.999220192432403564e-01
3.030225932598114014e-01
3.806126117706298828e-01
3.681879341602325439e-01
3.726639449596405029e-01
3.079974055290222168e-01
3.541626930236816406e-01
3.154363930225372314e-01
3.113400042057037354e-01
3.942554295063018799e-01
3.537811636924743652e-01
2.849245071411132812e-01
3.506096899509429932e-01
3.403742909431457520e-01
3.236133456230163574e-01
3.480586111545562744e-01
3.955591917037963867e-01
3.358646929264068604e-01
3.435470461845397949e-01
3.195853233337402344e-01
4.106132090091705322e-01
2.740937471389770508e-01
3.414285778999328613e-01
3.420532345771789551e-01
3.180417418479919434e-01
3.167985081672668457e-01
3.593946695327758789e-01
3.837570250034332275e-01
2.967130243778228760e-01
4.435894787311553955e-01
3.428503870964050293e-01
2.859572470188140869e-01
3.592666685581207275e-01
3.875373303890228271e-01
4.089185297489166260e-01
3.605310916900634766e-01
2.672221064567565918e-01
3.422375619411468506e-01
3.502635657787322998e-01
2.993420660495758057e-01
4.191395342350006104e-01
2.955059409141540527e-01
3.181813955307006836e-01
4.196093678474426270e-01
3.244337737560272217e-01
3.093549013137817383e-01
3.597765266895294189e-01
4.824645519256591797e-01
4.102168977260589600e-01
3.698013126850128174e-01
4.087660610675811768e-01
3.272567391395568848e-01
2.715923488140106201e-01
3.663559854030609131e-01
3.735261559486389160e-01
3.462845087051391602e-01
3.739151954650878906e-01
3.686188757419586182e-01
4.083842039108276367e-01
3.695782423019409180e-01
2.691175341606140137e-01
3.175988793373107910e-01
2.856321930885314941e-01
3.279228508472442627e-01
3.339043855667114258e-01
3.929456174373626709e-01
2.991002500057220459e-01
3.786755502223968506e-01
3.701268136501312256e-01
3.329637050628662109e-01
3.671913743019104004e-01
3.493061065673828125e-01
3.814758062362670898e-01
4.099063873291015625e-01
2.650344967842102051e-01
3.224090635776519775e-01
4.055838286876678467e-01
3.895811140537261963e-01
4.284207820892333984e-01
3.998917937278747559e-01
2.848622798919677734e-01
3.674137592315673828e-01
3.103339374065399170e-01
3.695397973060607910e-01
3.547952175140380859e-01
3.927583098411560059e-01
3.674920797348022461e-01
2.791765034198760986e-01
2.933420240879058838e-01
3.872464895248413086e-01
3.342920541763305664e-01
2.922247946262359619e-01
3.747789263725280762e-01
3.302849233150482178e-01
2.868422567844390869e-01
2.696536183357238770e-01
2.855851352214813232e-01
3.952504992485046387e-01
4.369576573371887207e-01
3.859958648681640625e-01
3.565902411937713623e-01
3.332796394824981689e-01
2.942979633808135986e-01
3.389452397823333740e-01
3.321679234504699707e-01
3.651829063892364502e-01
3.014832139015197754e-01
2.972955107688903809e-01
2.850961089134216309e-01
3.957394957542419434e-01
3.188179731369018555e-01
3.656478822231292725e-01
4.040236175060272217e-01
4.044917523860931396e-01
3.875494599342346191e-01
4.017380177974700928e-01
4.246742427349090576e-01
3.228408396244049072e-01
3.041700422763824463e-01
3.764210641384124756e-01
3.460614681243896484e-01
3.276631832122802734e-01
3.460420072078704834e-01
3.102576732635498047e-01
3.942402601242065430e-01
2.725328803062438965e-01
3.402564227581024170e-01
3.142895102500915527e-01
3.557187616825103760e-01
4.105907082557678223e-01
4.337534308433532715e-01
3.706369102001190186e-01
3.200184702873229980e-01
4.217096269130706787e-01
2.993994951248168945e-01
3.229227960109710693e-01
3.009140789508819580e-01
3.519393801689147949e-01
3.583881855010986328e-01
4.258006513118743896e-01
3.280705213546752930e-01
3.571035265922546387e-01
3.581741154193878174e-01
4.081891775131225586e-01
3.153749406337738037e-01
3.760897815227508545e-01
3.996996283531188965e-01
3.562023341655731201e-01
3.106527328491210938e-01
4.303354918956756592e-01
3.738224208354949951e-01
3.869119286537170410e-01
4.261358678340911865e-01
2.882780432701110840e-01
2.983915507793426514e-01
4.147165417671203613e-01
2.621495425701141357e-01
2.812384068965911865e-01
3.088762462139129639e-01
2.817209362983703613e-01
3.538881242275238037e-01
3.383205831050872803e-01
3.185718953609466553e-01
4.219674766063690186e-01
3.281064331531524658e-01
3.283186554908752441e-01
2.900870442390441895e-01
4.267312884330749512e-01
3.816634714603424072e-01
3.687592148780822754e-01
3.444778025150299072e-01
3.744234144687652588e-01
3.682302534580230713e-01
4.132915735244750977e-01
3.111017644405364990e-01
2.829962074756622314e-01
3.918543756008148193e-01
2.800964713096618652e-01
3.303943574428558350e-01
3.716899454593658447e-01
3.429148495197296143e-01
2.913835048675537109e-01
3.317718803882598877e-01
3.785916268825531006e-01
4.009250700473785400e-01
3.007526397705078125e-01
2.756377458572387695e-01
3.118463456630706787e-01
2.735258042812347412e-01
3.638672530651092529e-01
2.854993343353271484e-01
3.689422309398651123e-01
2.684387564659118652e-01
3.315869271755218506e-01
2.717717289924621582e-01
3.310302197933197021e-01
4.068852663040161133e-01
3.549669086933135986e-01
3.921723365783691406e-01
3.097932934761047363e-01
4.289399683475494385e-01
4.061036705970764160e-01
4.008859097957611084e-01
3.338647484779357910e-01
3.798080682754516602e-01
3.084257841110229492e-01
2.765994369983673096e-01
3.253901898860931396e-01
3.872654438018798828e-01
3.803801536560058594e-01
3.304735124111175537e-01
3.750099241733551025e-01
3.453687131404876709e-01
3.084747195243835449e-01
3.621267974376678467e-01
3.897410929203033447e-01
2.887567579746246338e-01
4.001543521881103516e-01
2.717431485652923584e-01
3.336138129234313965e-01
4.091099500656127930e-01
4.035569429397583008e-01
3.616219460964202881e-01
2.830962836742401123e-01
3.994413316249847412e-01
3.450397253036499023e-01
4.003780186176300049e-01
3.254729211330413818e-01
3.722319006919860840e-01
3.471863269805908203e-01
3.319071829319000244e-01
2.697230279445648193e-01
2.892967462539672852e-01
3.146435618400573730e-01
3.803017735481262207e-01
4.260064959526062012e-01
4.283504784107208252e-01
3.306255340576171875e-01
2.761259078979492188e-01
3.592741787433624268e-01
3.487665951251983643e-01
3.284651339054107666e-01
3.165663480758666992e-01
4.008812308311462402e-01
3.555516004562377930e-01
3.657650351524353027e-01
3.713569939136505127e-01
3.173921406269073486e-01
3.836340308189392090e-01
3.640362918376922607e-01
2.931608855724334717e-01
3.006080985069274902e-01
3.186987340450286865e-01
3.529504239559173584e-01
3.932724297046661377e-01
3.565454483032226562e-01
3.779833018779754639e-01
3.180240094661712646e-01
3.424175083637237549e-01
2.894766926765441895e-01
3.311063051223754883e-01
3.700669705867767334e-01
4.202004075050354004e-01
3.722406625747680664e-01
3.841668367385864258e-01
3.649664819240570068e-01
3.713269829750061035e-01
3.274065256118774414e-01
3.694566488265991211e-01
3.460095822811126709e-01
2.870914638042449951e-01
3.132432997226715088e-01
4.119699299335479736e-01
3.855429291725158691e-01
4.159709513187408447e-01
2.855398952960968018e-01
2.707869112491607666e-01
3.121663928031921387e-01
3.409944176673889160e-01
2.686434388160705566e-01
3.199958503246307373e-01
3.023906052112579346e-01
2.793370187282562256e-01
3.683590590953826904e-01
3.448913991451263428e-01
3.647094666957855225e-01
3.007408082485198975e-01
3.950315415859222412e-01
4.089950323104858398e-01
4.116424024105072021e-01
3.949651420116424561e-01
3.991513550281524658e-01
4.176787436008453369e-01
3.243998587131500244e-01
2.646452188491821289e-01
4.061730802059173584e-01
3.689579367637634277e-01
3.109269738197326660e-01
3.514791727066040039e-01
3.699218928813934326e-01
3.891641199588775635e-01
3.418655097484588623e-01
3.535468280315399170e-01
4.171382784843444824e-01
3.450590372085571289e-01
3.924060463905334473e-01
3.418395817279815674e-01
3.354793787002563477e-01
4.123062193393707275e-01
3.345013558864593506e-01
3.580200672149658203e-01
3.605749905109405518e-01
3.535806238651275635e-01
3.558125495910644531e-01
4.047451317310333252e-01
3.650829792022705078e-01
3.467237353324890137e-01
3.672732114791870117e-01
3.449261486530303955e-01
3.075451850891113281e-01
3.517366647720336914e-01
3.915565907955169678e-01
4.077486097812652588e-01
4.008939564228057861e-01
3.078639507293701172e-01
2.830844521522521973e-01
3.858748078346252441e-01
3.993494212627410889e-01
3.138977289199829102e-01
3.241974115371704102e-01
3.862936496734619141e-01
3.385768830776214600e-01
3.549505770206451416e-01
4.034228026866912842e-01
3.913756906986236572e-01
4.146675169467926025e-01
3.733834028244018555e-01
4.162846505641937256e-01
3.242000639438629150e-01
3.661772906780242920e-01
4.011122286319732666e-01
2.910313904285430908e-01
2.908607125282287598e-01
3.612496256828308105e-01
3.679954111576080322e-01
4.126507639884948730e-01
3.740438520908355713e-01
3.514593839645385742e-01
3.437743484973907471e-01
3.391031324863433838e-01
3.038683831691741943e-01
2.950881123542785645e-01
4.191845655441284180e-01
3.431240022182464600e-01
2.657442390918731689e-01
3.030305206775665283e-01
3.743394613265991211e-01
3.606679737567901611e-01
3.590544462203979492e-01
4.044420719146728516e-01
3.385958671569824219e-01
2.502691149711608887e-01
4.029053151607513428e-01
3.570990264415740967e-01
3.075417280197143555e-01
3.381929397583007812e-01
3.131982386112213135e-01
2.649940252304077148e-01
3.090341389179229736e-01
2.799442112445831299e-01
3.103344142436981201e-01
3.223745822906494141e-01
3.379383385181427002e-01
3.530218899250030518e-01
3.496769964694976807e-01
3.760514259338378906e-01
3.336187303066253662e-01
4.145999252796173096e-01
3.165855109691619873e-01
3.405565023422241211e-01
3.181972801685333252e-01
3.616154193878173828e-01
3.598965108394622803e-01
4.027417302131652832e-01
4.099057614803314209e-01
4.057561755180358887e-01
3.367317616939544678e-01
3.124337494373321533e-01
3.149419128894805908e-01
3.426721692085266113e-01
4.181349277496337891e-01
3.217932879924774170e-01
4.210635721683502197e-01
2.883548140525817871e-01
3.438281118869781494e-01
2.693752050399780273e-01
2.994717955589294434e-01
4.176245629787445068e-01
3.536873161792755127e-01
3.087033629417419434e-01
3.050251603126525879e-01
3.265537321567535400e-01
3.581745326519012451e-01
2.765418291091918945e-01
2.843694090843200684e-01
3.239610791206359863e-01
3.749391436576843262e-01
4.070612192153930664e-01
3.233689665794372559e-01
3.877309560775756836e-01
3.951083719730377197e-01
3.416587412357330322e-01
3.699525296688079834e-01
3.993576169013977051e-01
2.848466634750366211e-01
4.024705290794372559e-01
4.092865884304046631e-01
3.366898894309997559e-01
2.808056771755218506e-01
2.793461680412292480e-01
4.150203168392181396e-01
3.521513044834136963e-01
3.291788101196289062e-01
3.856804966926574707e-01
3.702974319458007812e-01
3.305398523807525635e-01
3.618209362030029297e-01
3.695295453071594238e-01
2.711822986602783203e-01
3.599451482295989990e-01
3.746432960033416748e-01
3.100530505180358887e-01
4.016287028789520264e-01
3.889110982418060303e-01
3.407728374004364014e-01
2.984022200107574463e-01
3.396494686603546143e-01
3.678300678730010986e-01
3.590145409107208252e-01
3.972998857498168945e-01
3.223935663700103760e-01
3.610221445560455322e-01
3.577262759208679199e-01
2.827855348587036133e-01
4.080247282981872559e-01
3.308690190315246582e-01
3.806526362895965576e-01
3.712537288665771484e-01
3.171851933002471924e-01
3.507371842861175537e-01
4.092528820037841797e-01
3.011896312236785889e-01
2.743750214576721191e-01
3.833651542663574219e-01
3.337366580963134766e-01
3.958112597465515137e-01
2.720671892166137695e-01
3.137918114662170410e-01
3.797880411148071289e-01
2.931781411170959473e-01
3.888040184974670410e-01
3.669932782649993896e-01
4.008726775646209717e-01
3.576453030109405518e-01
3.454466760158538818e-01
3.190114796161651611e-01
3.167299926280975342e-01
4.065867662429809570e-01
3.573090732097625732e-01
3.152584135532379150e-01
3.687460124492645264e-01
3.140864968299865723e-01
2.818875908851623535e-01
3.516139686107635498e-01
3.886446058750152588e-01
2.970114350318908691e-01
4.244174659252166748e-01
3.295874595642089844e-01
4.183577299118041992e-01
4.233986139297485352e-01
3.360492885112762451e-01
3.289129137992858887e-01
3.192750215530395508e-01
3.666473031044006348e-01
3.220707476139068604e-01
3.209248185157775879e-01
2.967399060726165771e-01
4.000210165977478027e-01
3.563591241836547852e-01
3.185393214225769043e-01
3.318891525268554688e-01
4.038317501544952393e-01
3.121956884860992432e-01
4.013403654098510742e-01
3.522441387176513672e-01
3.394526243209838867e-01
3.220551311969757080e-01
3.447280526161193848e-01
3.560427129268646240e-01
3.990007936954498291e-01
3.911246359348297119e-01
3.715615868568420410e-01
2.817380130290985107e-01
3.842445611953735352e-01
4.149500429630279541e-01
2.799337506294250488e-01
3.068581521511077881e-01
3.237763047218322754e-01
2.828686833381652832e-01
4.057537317276000977e-01
2.976833879947662354e-01
3.153073489665985107e-01
3.853773772716522217e-01
4.108412563800811768e-01
3.929944932460784912e-01
2.575570940971374512e-01
3.791988790035247803e-01
3.051646351814270020e-01
4.228860139846801758e-01
3.223326504230499268e-01
4.173270761966705322e-01
4.002700746059417725e-01
3.063603937625885010e-01
3.797876536846160889e-01
4.187789857387542725e-01
3.389443159103393555e-01
3.734957575798034668e-01
2.921219170093536377e-01
4.204376041889190674e-01
3.041016459465026855e-01
3.091356158256530762e-01
3.182501792907714844e-01
3.875359594821929932e-01
2.933107912540435791e-01
3.148938119411468506e-01
4.268306791782379150e-01
2.924422323703765869e-01
4.222921133041381836e-01
3.497702181339263916e-01
3.542985916137695312e-01
3.500920236110687256e-01
3.428103625774383545e-01
4.009514153003692627e-01
2.868073582649230957e-01
3.512316048145294189e-01
4.014068841934204102e-01
3.357546925544738770e-01
4.024417996406555176e-01
3.940260708332061768e-01
3.818733096122741699e-01
2.992676496505737305e-01
4.089013338088989258e-01
4.115134477615356445e-01
3.448670804500579834e-01
3.328528106212615967e-01
3.635214269161224365e-01
2.893598675727844238e-01
3.319482207298278809e-01
2.988599538803100586e-01
2.736353576183319092e-01
3.814169168472290039e-01
3.884001374244689941e-01
3.524669706821441650e-01
3.524208068847656250e-01
3.034309744834899902e-01
3.176342844963073730e-01
3.281263113021850586e-01
3.514812290668487549e-01
3.393333852291107178e-01
3.025328218936920166e-01
3.801081478595733643e-01
4.390732944011688232e-01
3.878595829010009766e-01
4.303419589996337891e-01
4.148584306240081787e-01
2.797120511531829834e-01
4.277607798576354980e-01
3.785198628902435303e-01
3.602221310138702393e-01
3.279632925987243652e-01
2.864232361316680908e-01
3.543454110622406006e-01
3.288533091545104980e-01
3.657497763633728027e-01
3.828508257865905762e-01
2.928584814071655273e-01
3.106106817722320557e-01
3.303562104701995850e-01
3.519455492496490479e-01
3.902216553688049316e-01
3.830325901508331299e-01
3.910319209098815918e-01
2.522846460342407227e-01
3.414536714553833008e-01
3.565079569816589355e-01
4.142171740531921387e-01
3.476979434490203857e-01
3.407515287399291992e-01
3.702663183212280273e-01
3.164564669132232666e-01
4.125608205795288086e-01
2.820360958576202393e-01
4.057423472404479980e-01
2.999520599842071533e-01
4.104875922203063965e-01
2.918024063110351562e-01
4.258916676044464111e-01
3.726918995380401611e-01
4.160991013050079346e-01
3.091706931591033936e-01
4.032278060913085938e-01
3.530015945434570312e-01
3.410487771034240723e-01
3.403044641017913818e-01
2.614869773387908936e-01
3.061072528362274170e-01
3.888089358806610107e-01
4.078757166862487793e-01
3.483669757843017578e-01
3.904323279857635498e-01
3.699477314949035645e-01
3.821501731872558594e-01
3.891805410385131836e-01
4.246830046176910400e-01
3.514997065067291260e-01
3.498300611972808838e-01
4.082980155944824219e-01
3.378405570983886719e-01
4.139503538608551025e-01
2.895559370517730713e-01
2.888905107975006104e-01
3.845929205417633057e-01
3.596542775630950928e-01
3.043020665645599365e-01
3.199190497398376465e-01
4.142612218856811523e-01
2.946662902832031250e-01
3.722292780876159668e-01
3.833890855312347412e-01
3.163486421108245850e-01
3.892697095870971680e-01
2.463449686765670776e-01
3.799597322940826416e-01
3.871227502822875977e-01
3.286368250846862793e-01
3.037444651126861572e-01
3.375602960586547852e-01
3.682109117507934570e-01
3.265672326087951660e-01
3.962767124176025391e-01
3.164239525794982910e-01
3.317616283893585205e-01
2.784284651279449463e-01
4.007629752159118652e-01
3.287231326103210449e-01
3.386346995830535889e-01
2.504705488681793213e-01
3.231989443302154541e-01
4.303832054138183594e-01
4.128803014755249023e-01
3.454610705375671387e-01
2.841618061065673828e-01
3.072569966316223145e-01
2.854188978672027588e-01
3.652406632900238037e-01
2.686388492584228516e-01
4.179023504257202148e-01
3.202564716339111328e-01
2.661091685295104980e-01
3.781399726867675781e-01
3.220147490501403809e-01
3.801514208316802979e-01
2.848470211029052734e-01
3.182403445243835449e-01
4.314824640750885010e-01
3.581825494766235352e-01
3.450632393360137939e-01
3.759756684303283691e-01
3.280090391635894775e-01
3.511158823966979980e-01
2.892914712429046631e-01
3.680687546730041504e-01
3.115867078304290771e-01
4.151618778705596924e-01
2.714649140834808350e-01
3.596040606498718262e-01
3.105654418468475342e-01
3.051400184631347656e-01
2.791945040225982666e-01
3.363478481769561768e-01
3.110479414463043213e-01
3.883387446403503418e-01
4.062916338443756104e-01
3.746163249015808105e-01
3.781130313873291016e-01
2.028419375419616699e-01
2.825186848640441895e-01
3.952638208866119385e-01
3.489637374877929688e-01
3.501191735267639160e-01
3.976442515850067139e-01
3.851101696491241455e-01
2.811139822006225586e-01
3.263535797595977783e-01
4.014121890068054199e-01
3.627498447895050049e-01
3.281834125518798828e-01
3.259517848491668701e-01
3.261560201644897461e-01
3.641097843647003174e-01
3.163682520389556885e-01
3.499175906181335449e-01
3.638942837715148926e-01
3.589780330657958984e-01
3.745366930961608887e-01
3.015980720520019531e-01
3.405936360359191895e-01
4.173616170883178711e-01
3.811962008476257324e-01
2.615836560726165771e-01
3.751708567142486572e-01
3.576560914516448975e-01
4.268754124641418457e-01
3.910262882709503174e-01
3.863965868949890137e-01
4.179685115814208984e-01
3.984879851341247559e-01
2.617905139923095703e-01
3.600758314132690430e-01
3.333210647106170654e-01
3.902366757392883301e-01
2.020493596792221069e-01
3.544884622097015381e-01
3.479757905006408691e-01
3.002062439918518066e-01
3.559754192829132080e-01
3.593485951423645020e-01
3.550812304019927979e-01
3.753306865692138672e-01
3.862533867359161377e-01
3.718203902244567871e-01
2.786951661109924316e-01
3.679960072040557861e-01
2.829748392105102539e-01
3.092277348041534424e-01
4.278788864612579346e-01
4.208896458148956299e-01
4.104435145854949951e-01
3.569467365741729736e-01
3.978579938411712646e-01
3.528598248958587646e-01
3.655254542827606201e-01
2.847688496112823486e-01
4.239967167377471924e-01
3.318395018577575684e-01
3.012834489345550537e-01
3.144448399543762207e-01
3.751837313175201416e-01
3.393745720386505127e-01
3.012120127677917480e-01
3.472026884555816650e-01
3.419339358806610107e-01
3.130653500556945801e-01
2.977820336818695068e-01
3.945419490337371826e-01
4.223714470863342285e-01
3.426618576049804688e-01
4.096947312355041504e-01
3.460346758365631104e-01
3.385168612003326416e-01
3.357527554035186768e-01
3.725903928279876709e-01
3.915714025497436523e-01
3.272057771682739258e-01
3.593019843101501465e-01
2.981443405151367188e-01
2.936395108699798584e-01
4.232660233974456787e-01
2.960177063941955566e-01
3.778070211410522461e-01
3.314217329025268555e-01
3.771460354328155518e-01
3.535197079181671143e-01
3.968777358531951904e-01
4.031000435352325439e-01
4.075147211551666260e-01
3.089444041252136230e-01
3.456412851810455322e-01
3.498052656650543213e-01
3.329001665115356445e-01
3.851512968540191650e-01
4.327624738216400146e-01
4.097419083118438721e-01
3.626241087913513184e-01
2.968531548976898193e-01
3.521071076393127441e-01
3.205821216106414795e-01
2.720622122287750244e-01
2.901399731636047363e-01
2.983346581459045410e-01
3.972100019454956055e-01
3.268297910690307617e-01
2.894766926765441895e-01
3.438735008239746094e-01
3.860534429550170898e-01
2.891786992549896240e-01
3.224844336509704590e-01
3.700789511203765869e-01
3.690680265426635742e-01
3.993100225925445557e-01
3.246357142925262451e-01
3.571003675460815430e-01
3.000870645046234131e-01
4.160225987434387207e-01
2.686605751514434814e-01
2.998850345611572266e-01
3.519519269466400146e-01
3.290689289569854736e-01
3.157902061939239502e-01
4.161339104175567627e-01
3.337146341800689697e-01
2.889360785484313965e-01
4.017955064773559570e-01
4.162531197071075439e-01
4.209989607334136963e-01
3.085817992687225342e-01
2.903251647949218750e-01
3.300671279430389404e-01
2.975018620491027832e-01
2.841374278068542480e-01
3.278301954269409180e-01
2.895205914974212646e-01
3.766557276248931885e-01
4.315896928310394287e-01
2.786650657653808594e-01
3.041822314262390137e-01
3.864862918853759766e-01
4.312889277935028076e-01
3.521058261394500732e-01
3.970426619052886963e-01
3.908250033855438232e-01
2.733882069587707520e-01
2.698318660259246826e-01
3.895250260829925537e-01
3.852722942829132080e-01
4.026995599269866943e-01
3.592565357685089111e-01
3.800720274448394775e-01
2.910391986370086670e-01
3.039316534996032715e-01
3.972983360290527344e-01
2.858177125453948975e-01
3.812202513217926025e-01
2.568060457706451416e-01
3.031189143657684326e-01
3.689372241497039795e-01
3.753580451011657715e-01
2.885028719902038574e-01
3.587217628955841064e-01
3.507681190967559814e-01
2.835279107093811035e-01
2.846977412700653076e-01
3.494446575641632080e-01
3.551611900329589844e-01
3.317126333713531494e-01
3.276917636394500732e-01
3.427305817604064941e-01
3.522344231605529785e-01
2.787118554115295410e-01
3.834551870822906494e-01
3.390659689903259277e-01
3.318636715412139893e-01
3.077851235866546631e-01
3.106736540794372559e-01
3.616714179515838623e-01
4.215694367885589600e-01
4.097247719764709473e-01
3.390766382217407227e-01
2.963058352470397949e-01
2.956738471984863281e-01
3.575093150138854980e-01
3.766806721687316895e-01
4.214177131652832031e-01
3.319905996322631836e-01
3.192914426326751709e-01
2.998209595680236816e-01
3.707613050937652588e-01
3.663846254348754883e-01
3.337060213088989258e-01
2.627360224723815918e-01
3.760329484939575195e-01
3.899262249469757080e-01
3.570560812950134277e-01
3.481013476848602295e-01
3.350766599178314209e-01
3.718256652355194092e-01
3.360323011875152588e-01
2.734152972698211670e-01
4.057771563529968262e-01
