-1.765533387660980225e-01 3.902070522308349609e-01
-2.673309743404388428e-01 3.054116666316986084e-01
-2.138291597366333008e-01 3.526459932327270508e-01
-2.599317431449890137e-01 2.957684695720672607e-01
-2.620396614074707031e-01 3.139832615852355957e-01
-2.387382835149765015e-01 3.475297987461090088e-01
-1.968114078044891357e-01 4.596241712570190430e-01
-1.992031484842300415e-01 3.790845572948455811e-01
-2.286401689052581787e-01 3.535086512565612793e-01
-5.091421306133270264e-02 3.646296858787536621e-01
-2.512182891368865967e-01 3.137471079826354980e-01
-2.265849411487579346e-01 3.664214909076690674e-01
-4.095679819583892822e-01 3.005145192146301270e-01
-2.292374819517135620e-01 3.454312682151794434e-01
-2.139320671558380127e-01 3.591214418411254883e-01
-7.880457490682601929e-02 3.694979250431060791e-01
-2.579943537712097168e-01 2.977730035781860352e-01
-2.308426797389984131e-01 3.534194529056549072e-01
-2.528751790523529053e-01 3.199023008346557617e-01
-2.145303040742874146e-01 3.753985762596130371e-01
-1.984565258026123047e-01 3.734823465347290039e-01
-2.405029088258743286e-01 3.350901007652282715e-01
-2.744019925594329834e-01 2.799652516841888428e-01
-1.684785187244415283e-01 4.149990379810333252e-01
-2.861393690109252930e-01 2.633589804172515869e-01
-3.252233266830444336e-01 2.974306941032409668e-01
-1.910365074872970581e-01 3.689375221729278564e-01
-2.125560194253921509e-01 3.578887879848480225e-01
-2.010487765073776245e-01 3.591348826885223389e-01
-2.706895172595977783e-01 2.698101997375488281e-01
-2.410673499107360840e-01 3.474812507629394531e-01
-2.747785449028015137e-01 2.882775664329528809e-01
-2.975761890411376953e-01 2.953915596008300781e-01
-1.640120744705200195e-01 3.790026605129241943e-01
-2.360676825046539307e-01 3.429227769374847412e-01
-3.722640275955200195e-01 2.897062301635742188e-01
-2.375409156084060669e-01 3.371455669403076172e-01
-2.480517178773880005e-01 3.216257989406585693e-01
-2.577756941318511963e-01 2.934638857841491699e-01
-2.409525662660598755e-01 3.341192603111267090e-01
-1.776981204748153687e-01 3.906326293945312500e-01
-2.580055594444274902e-01 3.189909160137176514e-01
-2.485257834196090698e-01 3.287410736083984375e-01
-2.757824063301086426e-01 2.973311543464660645e-01
-1.880019009113311768e-01 4.289680123329162598e-01
-3.633055984973907471e-01 2.615634202957153320e-01
-2.525448501110076904e-01 3.276400566101074219e-01
-2.606020867824554443e-01 3.348266184329986572e-01
-2.728492319583892822e-01 2.920612394809722900e-01
-2.747647762298583984e-01 2.909821569919586182e-01
-2.259598225355148315e-01 3.486964702606201172e-01
-2.105245441198348999e-01 3.887161314487457275e-01
-3.051318228244781494e-01 2.697666883468627930e-01
9.943544864654541016e-03 3.661012351512908936e-01
-2.511543035507202148e-01 3.298754990100860596e-01
-2.675916552543640137e-01 2.210403829813003540e-01
-2.349449992179870605e-01 3.541306853294372559e-01
-1.850758790969848633e-01 3.792952597141265869e-01
-1.753623634576797485e-01 4.188848137855529785e-01
-2.284768074750900269e-01 3.528157472610473633e-01
-3.361490368843078613e-01 2.268578261137008667e-01
-2.544676363468170166e-01 3.311119079589843750e-01
-2.429930269718170166e-01 3.405316472053527832e-01
-2.733429074287414551e-01 2.533544600009918213e-01
-1.984307318925857544e-01 4.568026363849639893e-01
-2.718085944652557373e-01 2.444053739309310913e-01
-2.762749195098876953e-01 2.953929305076599121e-01
-2.457434535026550293e-01 4.908356666564941406e-01
-2.691065967082977295e-01 3.034132719039916992e-01
-2.522363364696502686e-01 2.601214051246643066e-01
-2.282830327749252319e-01 3.510247468948364258e-01
-2.154877968132495880e-02 4.881121218204498291e-01
-1.452018320560455322e-01 4.000437259674072266e-01
-2.194694131612777710e-01 3.659541010856628418e-01
-1.596930176019668579e-01 4.067880809307098389e-01
-2.646510303020477295e-01 3.055574595928192139e-01
-1.932071745395660400e-01 1.387392282485961914e-01
-2.278738617897033691e-01 3.648708164691925049e-01
-2.147760093212127686e-01 3.709408640861511230e-01
-2.490791976451873779e-01 3.357056677341461182e-01
-2.230200618505477905e-01 3.771761357784271240e-01
-2.088294774293899536e-01 3.561273813247680664e-01
-1.889786422252655029e-01 4.262708127498626709e-01
-2.201851904392242432e-01 3.657410144805908203e-01
-3.503109514713287354e-01 2.404790967702865601e-01
-2.655481994152069092e-01 2.864359915256500244e-01
-3.539988100528717041e-01 2.799541354179382324e-01
-2.583067119121551514e-01 3.025472462177276611e-01
-2.591078281402587891e-01 3.156648278236389160e-01
-1.682893633842468262e-01 3.795994818210601807e-01
-2.327277213335037231e-01 2.253768742084503174e-01
-2.041036784648895264e-01 3.739384412765502930e-01
-2.200196087360382080e-01 3.668913841247558594e-01
-2.577825784683227539e-01 3.131105005741119385e-01
-2.177025526762008667e-01 3.595789372920989990e-01
-2.326503992080688477e-01 3.308320343494415283e-01
-1.974920332431793213e-01 3.759647607803344727e-01
-1.525758355855941772e-01 4.042494595050811768e-01
-3.824199140071868896e-01 2.546826004981994629e-01
-2.698839604854583740e-01 2.992211580276489258e-01
-1.997735500335693359e-01 4.273619949817657471e-01
-1.934381574392318726e-01 3.892271816730499268e-01
-1.376665979623794556e-01 4.358219206333160400e-01
-1.828734129667282104e-01 4.038420319557189941e-01
-3.305193781852722168e-01 2.619777619838714600e-01
-2.135678678750991821e-01 3.573858737945556641e-01
-2.750631868839263916e-01 2.773578166961669922e-01
-2.158468216657638550e-01 3.630093038082122803e-01
-2.344256639480590820e-01 3.443969786167144775e-01
-1.903519332408905029e-01 3.934359550476074219e-01
-2.235300689935684204e-01 3.637830018997192383e-01
-3.926347196102142334e-01 2.918891906738281250e-01
-3.047582805156707764e-01 2.620459496974945068e-01
-1.976916491985321045e-01 3.878384530544281006e-01
-2.587556838989257812e-01 3.165811896324157715e-01
-2.859218418598175049e-01 2.466474771499633789e-01
-2.137523591518402100e-01 3.730393648147583008e-01
-2.597180306911468506e-01 3.089398443698883057e-01
-3.143500685691833496e-01 2.555780708789825439e-01
-3.319556713104248047e-01 2.306291460990905762e-01
-1.649518460035324097e-01 1.506787389516830444e-01
-1.956621855497360229e-01 4.025092720985412598e-01
-2.574698626995086670e-01 5.349950790405273438e-01
-1.738942861557006836e-01 3.683912456035614014e-01
-2.409756630659103394e-01 3.527103364467620850e-01
-2.550103068351745605e-01 3.118823170661926270e-01
-3.118780851364135742e-01 2.691036164760589600e-01
-2.567577362060546875e-01 3.247562050819396973e-01
-2.621873915195465088e-01 3.148282170295715332e-01
-2.260874360799789429e-01 3.607321679592132568e-01
-2.925521731376647949e-01 2.714825868606567383e-01
-2.798602581024169922e-01 2.535153329372406006e-01
-4.211414456367492676e-01 3.268275558948516846e-01
-1.951991915702819824e-01 4.039732217788696289e-01
-2.511470913887023926e-01 2.791735231876373291e-01
-2.186684310436248779e-01 3.571778237819671631e-01
-1.501200050115585327e-01 3.901124000549316406e-01
-2.149439305067062378e-01 4.348606765270233154e-01
-1.857181042432785034e-01 3.795688748359680176e-01
-1.771269440650939941e-01 4.033173024654388428e-01
-1.550543308258056641e-01 4.405186176300048828e-01
-2.618072628974914551e-01 2.947731316089630127e-01
-2.851600944995880127e-01 2.718497514724731445e-01
-2.050914466381072998e-01 3.699145317077636719e-01
-2.529975473880767822e-01 3.380994200706481934e-01
-2.655518651008605957e-01 3.069185018539428711e-01
-2.427766472101211548e-01 3.309489786624908447e-01
-2.734129428863525391e-01 2.762907147407531738e-01
-2.135514467954635620e-01 4.131346940994262695e-01
-3.120573461055755615e-01 2.225425541400909424e-01
-2.559933662414550781e-01 3.276585340499877930e-01
-2.690964341163635254e-01 2.822316288948059082e-01
-2.388069182634353638e-01 3.488808274269104004e-01
-2.084326744079589844e-01 4.430000782012939453e-01
-1.487729847431182861e-01 4.533321857452392578e-01
-2.161978781223297119e-01 3.653403818607330322e-01
-2.702826559543609619e-01 2.942965626716613770e-01
-5.208272486925125122e-02 3.638134300708770752e-01
-2.588803470134735107e-01 2.431301623582839966e-01
-2.649400830268859863e-01 2.969569861888885498e-01
-2.783393859863281250e-01 2.601906061172485352e-01
-2.520194649696350098e-01 3.504748642444610596e-01
-2.298326045274734497e-01 3.480732440948486328e-01
-1.663847267627716064e-02 3.463879823684692383e-01
-2.651079893112182617e-01 3.077748715877532959e-01
-2.375520318746566772e-01 3.517577648162841797e-01
-2.374249845743179321e-01 3.540455698966979980e-01
-2.022059559822082520e-01 4.348223805427551270e-01
-2.824192047119140625e-01 2.931987941265106201e-01
-2.184318751096725464e-01 3.792761266231536865e-01
-1.860333681106567383e-01 4.061207473278045654e-01
-2.349748164415359497e-01 3.476280272006988525e-01
-2.657907009124755859e-01 2.721057534217834473e-01
2.676391275599598885e-03 3.455418348312377930e-01
-2.153341621160507202e-01 3.719217181205749512e-01
-1.793112605810165405e-01 3.744844794273376465e-01
-2.168095260858535767e-01 4.832078516483306885e-01
-2.490109354257583618e-01 2.143255174160003662e-01
-2.673158347606658936e-01 2.469095736742019653e-01
-1.520542651414871216e-01 4.146922528743743896e-01
-1.245245262980461121e-01 7.135178148746490479e-02
-4.457942247390747070e-01 3.373249769210815430e-01
-2.664465904235839844e-01 2.687094807624816895e-01
-2.922283113002777100e-01 2.282029688358306885e-01
-2.362148910760879517e-01 3.437294960021972656e-01
-2.521276175975799561e-01 3.205359280109405518e-01
-2.732913196086883545e-01 2.944325506687164307e-01
-3.397104889154434204e-02 3.517822325229644775e-01
-2.604933679103851318e-01 3.048297166824340820e-01
-2.685173749923706055e-01 3.107624650001525879e-01
-3.167909681797027588e-01 2.628477215766906738e-01
-2.294921725988388062e-01 4.924502968788146973e-01
-2.171118706464767456e-01 3.896563649177551270e-01
-2.199999243021011353e-01 3.645300269126892090e-01
-2.431946843862533569e-01 3.278041481971740723e-01
-2.068314999341964722e-01 3.672097921371459961e-01
-2.246354818344116211e-01 3.663265109062194824e-01
-1.803242564201354980e-01 4.308355152606964111e-01
-3.078300654888153076e-01 3.023714125156402588e-01
-3.111796975135803223e-01 2.433016002178192139e-01
-2.071820944547653198e-01 4.039888679981231689e-01
-3.173039555549621582e-01 2.421449422836303711e-01
-2.707217633724212646e-01 3.166247904300689697e-01
-2.159047871828079224e-01 3.678802251815795898e-01
-2.462988644838333130e-01 3.265072703361511230e-01
-2.295477390289306641e-01 2.071975618600845337e-01
-2.669647336006164551e-01 3.168872892856597900e-01
-2.015468925237655640e-01 3.721274733543395996e-01
-1.533612459897994995e-01 3.853310644626617432e-01
-2.614267468452453613e-01 2.475291341543197632e-01
-2.179283201694488525e-01 1.657615900039672852e-01
-2.727822661399841309e-01 2.796012759208679199e-01
-3.704785406589508057e-01 2.643381059169769287e-01
-2.322820276021957397e-01 3.620202243328094482e-01
-2.999494969844818115e-01 2.421764284372329712e-01
-2.148240804672241211e-01 3.610843718051910400e-01
-4.806028306484222412e-01 3.325199782848358154e-01
-2.598436176776885986e-01 3.114212155342102051e-01
-1.061917245388031006e-01 8.155484497547149658e-02
-2.717953324317932129e-01 3.187515139579772949e-01
-1.816294938325881958e-01 4.172767996788024902e-01
-2.425624728202819824e-01 3.501315116882324219e-01
-1.975074559450149536e-01 3.984463512897491455e-01
-2.568147480487823486e-01 2.643671929836273193e-01
-2.838208675384521484e-01 5.346415042877197266e-01
-1.523123681545257568e-01 3.964435756206512451e-01
-1.423223018646240234e-01 3.786682784557342529e-01
-2.579893171787261963e-01 3.147919178009033203e-01
-1.883999854326248169e-01 3.654699623584747314e-01
-2.961770892143249512e-01 2.883458435535430908e-01
-1.801137924194335938e-01 1.409948915243148804e-01
-2.631539702415466309e-01 3.003010749816894531e-01
-1.845670491456985474e-01 3.782263398170471191e-01
-2.075027227401733398e-01 3.802116215229034424e-01
-2.590120434761047363e-01 3.086348474025726318e-01
-2.126571834087371826e-01 3.727357089519500732e-01
-2.493750900030136108e-01 3.337676227092742920e-01
-2.636553943157196045e-01 2.663264274597167969e-01
-2.300677299499511719e-01 3.573309481143951416e-01
-1.740895509719848633e-01 3.767334818840026855e-01
-2.960921525955200195e-01 2.470648288726806641e-01
-1.940853446722030640e-01 4.125075042247772217e-01
-3.847503960132598877e-01 2.710321545600891113e-01
-2.587589323520660400e-01 3.151967525482177734e-01
-1.624544113874435425e-01 4.096134006977081299e-01
-1.688609570264816284e-01 4.020389020442962646e-01
-2.218717634677886963e-01 3.500174283981323242e-01
-2.952389419078826904e-01 2.336618304252624512e-01
-1.977240890264511108e-01 4.126847982406616211e-01
-2.470909953117370605e-01 3.315763473510742188e-01
-1.770947724580764771e-01 4.008616805076599121e-01
-2.757098674774169922e-01 3.096074759960174561e-01
-2.178948521614074707e-01 3.699189126491546631e-01
-2.515712976455688477e-01 3.392175137996673584e-01
-2.596112489700317383e-01 3.118715286254882812e-01
-5.039129257202148438e-01 3.554995357990264893e-01
-2.849952280521392822e-01 2.410409301519393921e-01
-2.821550071239471436e-01 2.914463579654693604e-01
-2.043474614620208740e-01 3.774334490299224854e-01
-8.067273348569869995e-02 3.901158869266510010e-01
5.841312184929847717e-02 2.997368574142456055e-01
-2.544684410095214844e-01 3.055306673049926758e-01
-2.855301797389984131e-01 2.105023711919784546e-01
-2.278807014226913452e-01 3.495483398437500000e-01
-2.413258850574493408e-01 3.353534340858459473e-01
-2.698930501937866211e-01 3.120660781860351562e-01
-2.702374756336212158e-01 2.871410846710205078e-01
-1.362620592117309570e-01 3.745984733104705811e-01
-2.452286183834075928e-01 3.535192906856536865e-01
-2.272298634052276611e-01 3.629347980022430420e-01
-2.130085378885269165e-01 3.648865818977355957e-01
-2.634736895561218262e-01 2.845205068588256836e-01
-2.118638008832931519e-01 3.900112509727478027e-01
-2.307269871234893799e-01 3.610287606716156006e-01
-3.358812928199768066e-01 2.833915650844573975e-01
-2.703493535518646240e-01 2.537766098976135254e-01
-2.597486972808837891e-01 2.842424511909484863e-01
-2.346772700548171997e-01 3.400433063507080078e-01
-2.000358700752258301e-01 4.015550017356872559e-01
-2.311639189720153809e-01 3.456400632858276367e-01
-2.129996418952941895e-01 3.790186643600463867e-01
-2.505271732807159424e-01 2.766725122928619385e-01
-2.506429851055145264e-01 3.283398449420928955e-01
-2.721325159072875977e-01 2.319681197404861450e-01
-2.605306208133697510e-01 3.108614981174468994e-01
-2.104022949934005737e-01 3.599790632724761963e-01
-2.747389078140258789e-01 5.121021270751953125e-01
-1.970325708389282227e-01 3.557591438293457031e-01
-1.926023215055465698e-01 3.773950636386871338e-01
-2.310305088758468628e-01 3.633784651756286621e-01
-2.102190852165222168e-01 3.623301386833190918e-01
-2.631974518299102783e-01 3.049575984477996826e-01
-2.195519506931304932e-01 3.653341233730316162e-01
-2.427111119031906128e-01 3.301273286342620850e-01
-3.354682624340057373e-01 2.701046466827392578e-01
-2.536445260047912598e-01 2.687695622444152832e-01
-1.096627488732337952e-01 3.801943361759185791e-01
-2.027371823787689209e-01 3.876534402370452881e-01
-2.304396927356719971e-01 4.711960256099700928e-01
-3.796532452106475830e-01 2.968569993972778320e-01
-2.611803114414215088e-01 1.840186864137649536e-01
-2.733319401741027832e-01 2.804466485977172852e-01
-2.547963559627532959e-01 3.280797600746154785e-01
-1.753664314746856689e-01 1.186652779579162598e-01
-2.589241564273834229e-01 2.866742908954620361e-01
-2.625904083251953125e-01 2.529328465461730957e-01
-2.521968185901641846e-01 1.958381831645965576e-01
-2.188617140054702759e-01 3.627834022045135498e-01
-2.515885829925537109e-01 3.340995907783508301e-01
-2.227454483509063721e-01 3.575295805931091309e-01
-2.741563320159912109e-01 2.571801543235778809e-01
-1.814592033624649048e-01 3.926368653774261475e-01
-2.100240290164947510e-01 4.413961768150329590e-01
-1.796892732381820679e-01 4.254800081253051758e-01
-1.970192193984985352e-01 4.032862484455108643e-01
-1.594865322113037109e-01 3.856121599674224854e-01
-2.343136519193649292e-01 4.790388047695159912e-01
-2.592372298240661621e-01 2.959801554679870605e-01
-2.278589904308319092e-01 1.475615948438644409e-01
-1.534006297588348389e-01 3.969848155975341797e-01
-2.108960151672363281e-01 3.583561778068542480e-01
-2.769601047039031982e-01 2.801702618598937988e-01
-2.417847812175750732e-01 3.420226275920867920e-01
-2.134014219045639038e-01 3.622016012668609619e-01
-1.872514933347702026e-01 3.846396505832672119e-01
-2.512230873107910156e-01 3.275664448738098145e-01
-2.342414855957031250e-01 3.413910865783691406e-01
-1.934664398431777954e-01 4.480636417865753174e-01
-2.517597079277038574e-01 3.349347114562988281e-01
-1.765737831592559814e-01 3.840708136558532715e-01
-2.611037194728851318e-01 3.343499302864074707e-01
-2.556584477424621582e-01 3.168171644210815430e-01
-1.784174740314483643e-01 4.260900318622589111e-01
-2.636411786079406738e-01 3.204984366893768311e-01
-2.309819310903549194e-01 3.486700654029846191e-01
-2.292347252368927002e-01 3.532027602195739746e-01
-2.395703494548797607e-01 3.445428609848022461e-01
-2.370988577604293823e-01 3.481129109859466553e-01
-1.396097689867019653e-01 3.840354681015014648e-01
-2.186179161071777344e-01 3.554962575435638428e-01
-2.445178627967834473e-01 3.327248096466064453e-01
-2.226852774620056152e-01 3.626014590263366699e-01
-2.506583929061889648e-01 3.338841497898101807e-01
-2.820346355438232422e-01 2.767697274684906006e-01
-2.438363134860992432e-01 3.438829779624938965e-01
-1.969824433326721191e-01 3.959506750106811523e-01
-9.282455593347549438e-02 3.592375516891479492e-01
-1.841476410627365112e-01 4.071463644504547119e-01
-3.002783358097076416e-01 2.903000116348266602e-01
-2.488342225551605225e-01 2.014686912298202515e-01
-1.766718178987503052e-01 3.696133196353912354e-01
-1.751987934112548828e-01 3.969907164573669434e-01
-2.714255452156066895e-01 2.826825082302093506e-01
-2.579535841941833496e-01 2.946566641330718994e-01
-2.070732265710830688e-01 3.923084735870361328e-01
-2.571750879287719727e-01 3.247049152851104736e-01
-2.353527545928955078e-01 3.450640439987182617e-01
-2.062345892190933228e-01 4.277117550373077393e-01
-1.799518913030624390e-01 3.842164874076843262e-01
-2.124025076627731323e-01 4.556116759777069092e-01
-2.167290002107620239e-01 3.719418346881866455e-01
-1.638500541448593140e-01 4.264325201511383057e-01
-2.738584280014038086e-01 3.058917820453643799e-01
-2.201999574899673462e-01 3.588710129261016846e-01
-2.317248731851577759e-01 4.406731724739074707e-01
-2.777753472328186035e-01 2.386940270662307739e-01
-2.462614327669143677e-01 2.170898318290710449e-01
-2.273708879947662354e-01 3.537159264087677002e-01
-2.197007387876510620e-01 3.625414371490478516e-01
-1.751245558261871338e-01 4.265531897544860840e-01
-2.143921107053756714e-01 3.720599412918090820e-01
-2.403711676597595215e-01 3.408511579036712646e-01
-2.464963048696517944e-01 3.284622132778167725e-01
-2.496405243873596191e-01 3.204958140850067139e-01
-3.147257268428802490e-01 2.915051877498626709e-01
-3.027420341968536377e-01 2.646955251693725586e-01
-1.321392357349395752e-01 4.103403091430664062e-01
-2.524311840534210205e-01 3.308460414409637451e-01
-5.090523958206176758e-01 3.471417427062988281e-01
-2.440190315246582031e-01 2.408744692802429199e-01
-2.045429199934005737e-01 3.654110431671142578e-01
-2.264485955238342285e-01 3.513616025447845459e-01
-2.335893511772155762e-01 3.523896932601928711e-01
-1.763545721769332886e-01 4.089365601539611816e-01
-2.590767145156860352e-01 3.260878920555114746e-01
-3.730231225490570068e-01 2.147514075040817261e-01
-1.798181533813476562e-01 4.075698852539062500e-01
-2.367004454135894775e-01 3.503197431564331055e-01
-2.619930207729339600e-01 2.630100250244140625e-01
-2.625201046466827393e-01 3.274582028388977051e-01
-2.681117951869964600e-01 2.791180610656738281e-01
-4.672773480415344238e-01 3.179448544979095459e-01
-2.638762593269348145e-01 2.676168680191040039e-01
-2.957566678524017334e-01 2.273811399936676025e-01
-2.481639236211776733e-01 2.589516341686248779e-01
-2.812542021274566650e-01 3.071764111518859863e-01
-2.527935802936553955e-01 3.201013207435607910e-01
-2.436764538288116455e-01 3.471353948116302490e-01
-2.415720522403717041e-01 3.381600379943847656e-01
-2.040904313325881958e-01 3.688194155693054199e-01
-2.570120990276336670e-01 3.136593401432037354e-01
-1.656837910413742065e-01 4.234947264194488525e-01
-2.708480954170227051e-01 2.880472838878631592e-01
-2.499624192714691162e-01 3.235991597175598145e-01
-2.641377747058868408e-01 2.863067984580993652e-01
-2.251227200031280518e-01 3.519788682460784912e-01
-2.319723069667816162e-01 3.533504605293273926e-01
-1.104901507496833801e-01 3.600020706653594971e-01
-1.354398131370544434e-01 3.924754559993743896e-01
-2.336277365684509277e-01 4.513453245162963867e-01
-2.467536926269531250e-01 3.135336339473724365e-01
-2.642861306667327881e-01 2.745539247989654541e-01
-2.702796459197998047e-01 2.843748927116394043e-01
-2.522399127483367920e-01 3.304537236690521240e-01
-4.931987076997756958e-02 3.529208600521087646e-01
-2.597536146640777588e-01 2.907631397247314453e-01
-1.351395696401596069e-01 4.173276424407958984e-01
-3.174484670162200928e-01 2.601789236068725586e-01
-2.503714561462402344e-01 3.309482932090759277e-01
-3.505587875843048096e-01 2.414734661579132080e-01
-2.754907310009002686e-01 2.555285096168518066e-01
-1.752625256776809692e-01 4.382253885269165039e-01
-2.377395033836364746e-01 3.437790572643280029e-01
-2.653294503688812256e-01 2.676683068275451660e-01
-2.759080231189727783e-01 2.669349014759063721e-01
-2.638345062732696533e-01 3.037050366401672363e-01
-2.364743947982788086e-01 3.524501025676727295e-01
-2.465303391218185425e-01 1.858360320329666138e-01
-2.546840906143188477e-01 2.091379463672637939e-01
-2.805321514606475830e-01 3.099992573261260986e-01
-2.122937738895416260e-01 3.722862303256988525e-01
-2.175769805908203125e-01 4.422013759613037109e-01
-2.587895989418029785e-01 2.935272753238677979e-01
-1.936333328485488892e-01 3.857975006103515625e-01
-1.658925414085388184e-01 3.821846842765808105e-01
-2.481779605150222778e-01 3.252896368503570557e-01
-2.132895439863204956e-01 3.617595732212066650e-01
-1.758706718683242798e-01 3.978271484375000000e-01
-2.315268814563751221e-01 1.934905946254730225e-01
-1.855325251817703247e-01 4.110224545001983643e-01
-1.957368701696395874e-01 4.325249791145324707e-01
-2.574363648891448975e-01 3.207180202007293701e-01
-3.069561421871185303e-01 2.382069379091262817e-01
-2.862292528152465820e-01 2.185159027576446533e-01
-2.373975515365600586e-01 4.732162356376647949e-01
-2.395171523094177246e-01 3.419898152351379395e-01
-2.647076547145843506e-01 3.099277317523956299e-01
-2.020868510007858276e-01 3.873592615127563477e-01
-2.170739322900772095e-01 3.652343451976776123e-01
-2.627288699150085449e-01 3.112592101097106934e-01
-2.241823971271514893e-01 3.522608876228332520e-01
-2.140132933855056763e-01 3.614996969699859619e-01
-4.541889429092407227e-01 3.224393725395202637e-01
-2.285392284393310547e-01 3.514200747013092041e-01
-2.100723832845687866e-01 3.697073161602020264e-01
-2.970478236675262451e-01 2.926724553108215332e-01
-1.729499548673629761e-01 4.007978439331054688e-01
-1.904004067182540894e-01 3.860139548778533936e-01
-2.532839477062225342e-01 3.265704214572906494e-01
-2.783957719802856445e-01 2.545512914657592773e-01
-2.651446461677551270e-01 3.323962390422821045e-01
-2.243084311485290527e-01 3.651239275932312012e-01
-2.331399917602539062e-01 3.524277806282043457e-01
-1.475971043109893799e-01 3.737531900405883789e-01
-2.759739458560943604e-01 3.032967150211334229e-01
-2.199897468090057373e-01 3.476080894470214844e-01
-2.266164571046829224e-01 3.453528583049774170e-01
-3.029496669769287109e-01 2.384264171123504639e-01
-1.423287242650985718e-01 3.928355574607849121e-01
-2.646981775760650635e-01 3.131771683692932129e-01
-2.079994380474090576e-01 3.805695772171020508e-01
-2.154675573110580444e-01 3.661787807941436768e-01
-2.742270529270172119e-01 2.916687428951263428e-01
-2.468850612640380859e-01 3.441288471221923828e-01
-1.265089064836502075e-01 3.853193521499633789e-01
-2.866446971893310547e-01 2.668289840221405029e-01
-2.706325948238372803e-01 1.970391273498535156e-01
-2.036913633346557617e-01 3.837814629077911377e-01
-2.711293697357177734e-01 3.237732946872711182e-01
-2.011787295341491699e-01 4.075044691562652588e-01
-2.762872874736785889e-01 1.981126517057418823e-01
-2.730834186077117920e-01 2.834318578243255615e-01
-1.996287852525711060e-01 3.730041682720184326e-01
-3.086693882942199707e-01 2.650685608386993408e-01
-1.667455434799194336e-01 3.689644932746887207e-01
-2.195065915584564209e-01 3.603135645389556885e-01
-1.754928678274154663e-01 4.000948965549468994e-01
-2.345858663320541382e-01 3.501982092857360840e-01
-2.470583468675613403e-01 3.323587477207183838e-01
-2.666781842708587646e-01 2.901650667190551758e-01
-2.764025032520294189e-01 2.927371561527252197e-01
-2.458553612232208252e-01 4.613832235336303711e-01
-2.349481135606765747e-01 3.495491445064544678e-01
-2.741945385932922363e-01 2.874801754951477051e-01
-2.195424437522888184e-01 3.643680810928344727e-01
-2.843735218048095703e-01 2.921331822872161865e-01
-3.421358764171600342e-01 2.632768750190734863e-01
-2.462489455938339233e-01 3.455899059772491455e-01
-1.800190508365631104e-01 3.786374330520629883e-01
-2.824679911136627197e-01 2.545988857746124268e-01
-3.404442593455314636e-02 3.550494611263275146e-01
-2.586716115474700928e-01 3.062656521797180176e-01
-2.421195507049560547e-01 4.842078387737274170e-01
-2.192627787590026855e-01 4.779596030712127686e-01
-2.501147985458374023e-01 3.144356608390808105e-01
-2.648235559463500977e-01 3.095379471778869629e-01
-2.651924192905426025e-01 2.895462512969970703e-01
-2.174794822931289673e-01 3.577797710895538330e-01
-2.598617970943450928e-01 2.917531728744506836e-01
-2.555404603481292725e-01 2.859423160552978516e-01
-2.572838664054870605e-01 2.373477369546890259e-01
-1.835556477308273315e-01 4.047141075134277344e-01
-2.218501865863800049e-01 3.385029435157775879e-01
-2.823674082756042480e-01 2.998428642749786377e-01
-2.565407752990722656e-01 3.100743293762207031e-01
-1.729515641927719116e-01 4.052277207374572754e-01
-2.795196771621704102e-01 2.846395075321197510e-01
-1.771246641874313354e-01 4.026471674442291260e-01
-2.536638081073760986e-01 3.516140580177307129e-01
-2.520016431808471680e-01 3.226411938667297363e-01
-2.680541872978210449e-01 2.974789738655090332e-01
-2.422095984220504761e-01 3.273622691631317139e-01
-2.329858243465423584e-01 3.454057574272155762e-01
-1.868001371622085571e-01 4.041512906551361084e-01
-1.752031296491622925e-01 3.798291981220245361e-01
-2.193175703287124634e-01 3.691827058792114258e-01
-2.935397028923034668e-01 2.285290807485580444e-01
-1.963350623846054077e-01 3.801085948944091797e-01
-2.475134581327438354e-01 4.815248250961303711e-01
-3.440532982349395752e-01 2.602591216564178467e-01
-2.702217400074005127e-01 2.672094404697418213e-01
-2.598371505737304688e-01 2.953719794750213623e-01
-3.529957234859466553e-01 2.728108465671539307e-01
-2.404711991548538208e-01 4.560027420520782471e-01
-3.610205650329589844e-01 3.112599253654479980e-01
-2.733272612094879150e-01 2.874786853790283203e-01
-2.062421143054962158e-01 3.896875977516174316e-01
-1.627874970436096191e-01 4.132282137870788574e-01
-2.024113982915878296e-01 4.026874601840972900e-01
-3.903224468231201172e-01 2.462915331125259399e-01
-2.143298387527465820e-01 3.825272023677825928e-01
-2.789835929870605469e-01 2.695921063423156738e-01
-1.016346737742424011e-01 3.980976045131683350e-01
-2.698667049407958984e-01 2.989622950553894043e-01
-2.031701207160949707e-01 4.553780555725097656e-01
-1.626326739788055420e-01 3.908246755599975586e-01
-2.978128194808959961e-01 2.852256894111633301e-01
-2.031365633010864258e-01 3.758167028427124023e-01
-4.566879197955131531e-02 3.516413569450378418e-01
-2.582005262374877930e-01 3.262274861335754395e-01
-2.117905765771865845e-01 3.685968220233917236e-01
-3.005100488662719727e-01 2.567064166069030762e-01
-1.263710856437683105e-01 4.105912148952484131e-01
-2.801007032394409180e-01 2.679539620876312256e-01
-2.634211778640747070e-01 2.677742242813110352e-01
-2.777188122272491455e-01 2.958933413028717041e-01
-1.836084425449371338e-01 3.787914812564849854e-01
-2.269086688756942749e-01 2.088155448436737061e-01
-2.821035385131835938e-01 2.923980355262756348e-01
-2.827583849430084229e-01 5.291482210159301758e-01
-2.046292275190353394e-01 1.921798735857009888e-01
7.642826437950134277e-02 2.760123312473297119e-01
-2.511661350727081299e-01 3.449860215187072754e-01
-2.420635968446731567e-01 3.483140468597412109e-01
-2.424011379480361938e-01 3.389027118682861328e-01
-2.412981092929840088e-01 3.227992653846740723e-01
-2.112381607294082642e-01 4.256062805652618408e-01
-2.888458073139190674e-01 2.371174991130828857e-01
-2.493199408054351807e-01 3.470908701419830322e-01
-1.151670143008232117e-01 3.608486354351043701e-01
-2.598241567611694336e-01 3.208697438240051270e-01
-1.471539437770843506e-01 3.854501247406005859e-01
-1.936417967081069946e-01 3.992488980293273926e-01
-2.047640979290008545e-01 3.812866806983947754e-01
-2.797362804412841797e-01 2.578568756580352783e-01
-1.387761682271957397e-01 3.925759196281433105e-01
-1.931019723415374756e-01 4.357516169548034668e-01
-2.433081865310668945e-01 3.283162415027618408e-01
-2.651644051074981689e-01 3.175255954265594482e-01
-2.292968332767486572e-01 3.600232899188995361e-01
-2.692958414554595947e-01 2.298604547977447510e-01
-2.571494877338409424e-01 3.105703592300415039e-01
-3.151072263717651367e-01 2.814163863658905029e-01
-3.403554260730743408e-01 2.440776228904724121e-01
-2.078131884336471558e-01 3.824719786643981934e-01
-1.929954588413238525e-01 3.865978419780731201e-01
-2.386485934257507324e-01 3.419893383979797363e-01
-2.385885417461395264e-01 3.421829342842102051e-01
-2.565449178218841553e-01 2.509047091007232666e-01
-2.596399486064910889e-01 2.820562124252319336e-01
-2.549968063831329346e-01 3.009788990020751953e-01
-2.421258538961410522e-01 3.415707647800445557e-01
-2.545200884342193604e-01 3.243175745010375977e-01
-2.922810316085815430e-01 2.735030055046081543e-01
-2.021862715482711792e-01 3.755151033401489258e-01
-2.203636914491653442e-01 5.135036706924438477e-01
-1.982045769691467285e-01 3.898398280143737793e-01
-2.063445597887039185e-01 4.852876961231231689e-01
-2.382588833570480347e-01 4.737856984138488770e-01
-2.160492390394210815e-01 1.705523580312728882e-01
-8.230870217084884644e-02 3.956941068172454834e-01
-2.164080739021301270e-01 3.825857341289520264e-01
-2.302654385566711426e-01 3.530185818672180176e-01
-2.652100324630737305e-01 3.073558807373046875e-01
-2.405216544866561890e-01 2.036679089069366455e-01
-2.309734076261520386e-01 3.406077921390533447e-01
-2.568642497062683105e-01 3.035959303379058838e-01
-2.213610857725143433e-01 3.586781024932861328e-01
-1.945658773183822632e-01 3.769205808639526367e-01
-2.891854643821716309e-01 2.499680370092391968e-01
-2.810322046279907227e-01 2.828190922737121582e-01
-2.721315026283264160e-01 3.174716532230377197e-01
-2.335964590311050415e-01 3.372462987899780273e-01
-1.968970149755477905e-01 3.928116559982299805e-01
-1.906265914440155029e-01 3.736473619937896729e-01
-1.752271950244903564e-01 3.800825774669647217e-01
-4.276294410228729248e-01 2.574615478515625000e-01
-2.558558285236358643e-01 3.296497166156768799e-01
-2.334785461425781250e-01 3.470925092697143555e-01
-1.625275015830993652e-01 4.211784303188323975e-01
-2.433077096939086914e-01 3.346973359584808350e-01
-2.607435882091522217e-01 3.321351408958435059e-01
-2.074040174484252930e-01 3.587681055068969727e-01
-2.675667405128479004e-01 2.850543856620788574e-01
-1.639782637357711792e-01 4.181980192661285400e-01
-2.426255941390991211e-01 1.960425525903701782e-01
-1.983160823583602905e-01 4.273765683174133301e-01
-3.047150075435638428e-01 2.761116325855255127e-01
-1.847498714923858643e-01 4.268699884414672852e-01
-3.154236376285552979e-01 2.664655745029449463e-01
-2.208170890808105469e-01 4.872129559516906738e-01
-2.103313058614730835e-01 3.659070432186126709e-01
-1.993535012006759644e-01 4.503218233585357666e-01
-2.838034927845001221e-01 2.814738452434539795e-01
-1.509888917207717896e-01 3.896771073341369629e-01
-2.397584170103073120e-01 3.437585830688476562e-01
-2.529426515102386475e-01 3.274450302124023438e-01
-2.463369667530059814e-01 3.208805918693542480e-01
5.708733201026916504e-02 -5.341557785868644714e-02
-2.676002681255340576e-01 2.634772956371307373e-01
-2.040790617465972900e-01 3.956333994865417480e-01
-1.673326492309570312e-01 4.105132818222045898e-01
-2.534404397010803223e-01 3.432111144065856934e-01
-1.833106875419616699e-01 3.848452866077423096e-01
-2.180917114019393921e-01 3.653238415718078613e-01
-2.205993086099624634e-01 3.930888473987579346e-01
-1.954668164253234863e-01 3.898224830627441406e-01
-2.552341818809509277e-01 5.087677240371704102e-01
-2.456695884466171265e-01 3.448956906795501709e-01
-2.394058704376220703e-01 3.359917998313903809e-01
-1.407570540904998779e-01 3.921191990375518799e-01
-2.565988600254058838e-01 3.226119875907897949e-01
-7.819996774196624756e-02 3.613308668136596680e-01
-2.780953347682952881e-01 2.358682900667190552e-01
-3.866219520568847656e-01 3.104231953620910645e-01
-1.950617581605911255e-01 3.801503479480743408e-01
-2.334270626306533813e-01 3.535344600677490234e-01
-2.376987338066101074e-01 2.393329590559005737e-01
-2.692933380603790283e-01 2.937895357608795166e-01
-9.855251014232635498e-02 3.775824308395385742e-01
-2.088174819946289062e-01 1.998609751462936401e-01
-2.056725770235061646e-01 3.616167902946472168e-01
-2.087488770484924316e-01 3.870220780372619629e-01
-2.890220284461975098e-01 3.000077307224273682e-01
-2.065736055374145508e-01 3.976196050643920898e-01
-1.276224153116345406e-03 -5.274996161460876465e-02
-2.019424438476562500e-01 3.749007582664489746e-01
-1.987832039594650269e-01 3.878780603408813477e-01
-2.548347115516662598e-01 3.016602396965026855e-01
-2.915478646755218506e-01 2.757437527179718018e-01
-2.563132345676422119e-01 3.221214711666107178e-01
-2.196928858757019043e-01 3.623958230018615723e-01
-2.585508823394775391e-01 2.998554706573486328e-01
-1.826832741498947144e-01 3.962025642395019531e-01
-2.664151787757873535e-01 2.847248017787933350e-01
-2.601818442344665527e-01 3.121645152568817139e-01
-2.951474487781524658e-01 2.223528325557708740e-01
-1.739974468946456909e-01 3.996808528900146484e-01
-2.550043165683746338e-01 3.023682534694671631e-01
-2.547888457775115967e-01 3.230099380016326904e-01
-5.580926537513732910e-01 3.499147891998291016e-01
-2.497282773256301880e-01 2.863848805427551270e-01
-6.776597350835800171e-02 3.903920948505401611e-01
-5.997743085026741028e-02 3.478587865829467773e-01
-2.484363019466400146e-01 3.337265849113464355e-01
-3.096785247325897217e-01 2.467563003301620483e-01
-2.791790962219238281e-01 2.744930684566497803e-01
-2.606378197669982910e-01 2.152957022190093994e-01
-2.216559648513793945e-01 3.582130372524261475e-01
-4.313809573650360107e-01 2.966989874839782715e-01
-1.111015453934669495e-01 3.932629227638244629e-01
-2.633804678916931152e-01 2.900505661964416504e-01
-1.906118392944335938e-01 1.260571926832199097e-01
-2.102284431457519531e-01 3.774963915348052979e-01
-2.683974802494049072e-01 2.975698709487915039e-01
-2.095953375101089478e-01 3.807300627231597900e-01
-2.404108494520187378e-01 1.998810619115829468e-01
-2.787562608718872070e-01 2.970581054687500000e-01
-2.110096067190170288e-01 4.916195273399353027e-01
-2.343381345272064209e-01 3.520075380802154541e-01
-2.506476044654846191e-01 3.338767588138580322e-01
-2.076889574527740479e-01 3.711793422698974609e-01
-2.713840603828430176e-01 3.120541274547576904e-01
-2.383882850408554077e-01 3.393044471740722656e-01
-2.535068690776824951e-01 2.182638645172119141e-01
-2.214262336492538452e-01 3.631033599376678467e-01
-2.795031964778900146e-01 2.835776805877685547e-01
-1.062406972050666809e-01 3.842293620109558105e-01
-2.711408138275146484e-01 1.940873712301254272e-01
-2.262460291385650635e-01 3.482314050197601318e-01
-2.996136546134948730e-01 2.956907451152801514e-01
-2.685417532920837402e-01 2.625495195388793945e-01
-3.562090396881103516e-01 2.675625383853912354e-01
-2.548480927944183350e-01 3.180466890335083008e-01
-2.622876763343811035e-01 2.707059085369110107e-01
-2.015154957771301270e-01 3.926340937614440918e-01
-1.677024364471435547e-01 4.077626764774322510e-01
-2.027980536222457886e-01 3.643741011619567871e-01
-2.095429301261901855e-01 3.770244121551513672e-01
-3.169237971305847168e-01 4.784082248806953430e-02
-2.466215342283248901e-01 1.988374143838882446e-01
-1.947952508926391602e-01 4.026590883731842041e-01
-2.425968647003173828e-01 3.371219038963317871e-01
-2.437321245670318604e-01 3.406178355216979980e-01
-1.896129101514816284e-01 4.037353396415710449e-01
-2.056623846292495728e-01 3.883458077907562256e-01
-2.034780234098434448e-01 1.660077869892120361e-01
-2.752429544925689697e-01 3.111785352230072021e-01
-2.241773754358291626e-01 4.354587793350219727e-01
-2.310856878757476807e-01 3.589342832565307617e-01
-2.683914601802825928e-01 3.104381561279296875e-01
-2.605451047420501709e-01 2.997948229312896729e-01
-2.627646327018737793e-01 3.022793829441070557e-01
-2.260207980871200562e-01 3.584817051887512207e-01
-2.883560657501220703e-01 2.993462383747100830e-01
-2.424060702323913574e-01 3.391926884651184082e-01
-2.173227220773696899e-01 3.524790704250335693e-01
-2.303713262081146240e-01 3.503122031688690186e-01
-2.197631001472473145e-01 3.763620853424072266e-01
-2.568429410457611084e-01 2.464066445827484131e-01
-2.547774314880371094e-01 3.273400962352752686e-01
-2.377299517393112183e-01 4.808451831340789795e-01
-1.987358629703521729e-01 3.755235075950622559e-01
-2.932182848453521729e-01 1.826089471578598022e-01
-2.098487317562103271e-01 3.710915744304656982e-01
-2.331013381481170654e-01 3.497498333454132080e-01
-1.496222764253616333e-01 4.399461150169372559e-01
-2.147269845008850098e-01 4.078538417816162109e-01
-2.085716724395751953e-01 3.938207030296325684e-01
-9.800524264574050903e-02 3.868972361087799072e-01
-1.934560835361480713e-01 4.084666967391967773e-01
-3.601542115211486816e-01 2.322587966918945312e-01
-2.329295575618743896e-01 3.550529778003692627e-01
-2.729056477546691895e-01 3.245507478713989258e-01
-2.074830085039138794e-01 4.009292125701904297e-01
-2.639441788196563721e-01 5.793968681246042252e-03
-2.381097972393035889e-01 3.460756540298461914e-01
-2.392875105142593384e-01 3.324160575866699219e-01
-2.621566355228424072e-01 2.479633241891860962e-01
-2.342295348644256592e-01 3.468066751956939697e-01
-2.311047315597534180e-01 3.518721461296081543e-01
-2.374253720045089722e-01 3.468038439750671387e-01
-2.073310613632202148e-01 3.695897459983825684e-01
-1.920939832925796509e-01 3.812074065208435059e-01
-2.126037925481796265e-01 3.655777275562286377e-01
-2.424330115318298340e-01 1.851846724748611450e-01
-2.207489013671875000e-01 3.625758290290832520e-01
-2.512390613555908203e-01 2.035374194383621216e-01
-2.725029587745666504e-01 2.735652029514312744e-01
-2.470774054527282715e-01 5.110302567481994629e-01
-2.068900913000106812e-01 4.658222198486328125e-01
-1.915328949689865112e-01 4.322508871555328369e-01
-2.336514592170715332e-01 3.485713899135589600e-01
-1.949360668659210205e-01 4.075159132480621338e-01
-2.457293123006820679e-01 3.475958406925201416e-01
-2.215581834316253662e-01 3.587467670440673828e-01
-2.708229422569274902e-01 2.201393544673919678e-01
-2.318386584520339966e-01 4.890023171901702881e-01
-2.648634612560272217e-01 3.156545460224151611e-01
-2.969795763492584229e-01 2.748613655567169189e-01
-2.849286198616027832e-01 2.935806512832641602e-01
-2.146211862564086914e-01 3.742993772029876709e-01
-2.591155469417572021e-01 3.276801109313964844e-01
-2.684729993343353271e-01 2.540749013423919678e-01
-2.418343722820281982e-01 3.325900137424468994e-01
-2.640902400016784668e-01 3.360033333301544189e-01
-2.660360336303710938e-01 2.765297591686248779e-01
-2.459387928247451782e-01 2.310741990804672241e-01
-1.644849926233291626e-01 3.797804117202758789e-01
-6.767218559980392456e-02 3.744847476482391357e-01
-2.426301091909408569e-01 3.234069645404815674e-01
-1.018722206354141235e-01 3.703290224075317383e-01
-2.431055903434753418e-01 3.306568861007690430e-01
-2.547691166400909424e-01 3.227951526641845703e-01
-2.501376271247863770e-01 3.137760460376739502e-01
-2.108336240053176880e-01 3.663287162780761719e-01
-1.993935108184814453e-01 3.981028795242309570e-01
-2.703962326049804688e-01 3.096852004528045654e-01
-2.291972637176513672e-01 3.498560786247253418e-01
-2.988107800483703613e-01 2.686946988105773926e-01
-2.858368456363677979e-01 2.502033710479736328e-01
-1.323763579130172729e-01 4.175310432910919189e-01
-3.056345880031585693e-01 2.693034708499908447e-01
-2.185160219669342041e-01 3.821848928928375244e-01
-2.543847560882568359e-01 3.075629770755767822e-01
-2.013093978166580200e-01 3.691648542881011963e-01
-2.347669005393981934e-01 3.419118821620941162e-01
-1.764609664678573608e-01 3.933089673519134521e-01
-1.749801039695739746e-01 4.053778648376464844e-01
-2.095266878604888916e-01 4.380346238613128662e-01
-2.980225384235382080e-01 2.905966937541961670e-01
-2.465927600860595703e-01 3.327535092830657959e-01
-2.535831332206726074e-01 3.465157449245452881e-01
-2.518602013587951660e-01 3.087307810783386230e-01
-1.944133937358856201e-01 3.813729286193847656e-01
6.138497591018676758e-02 3.100972771644592285e-01
-1.974231004714965820e-01 4.335086345672607422e-01
-2.224052697420120239e-01 3.529458940029144287e-01
-2.624981701374053955e-01 2.402490973472595215e-01
-2.423423677682876587e-01 3.436302542686462402e-01
-2.615703046321868896e-01 2.894149422645568848e-01
-4.213577210903167725e-01 2.960783541202545166e-01
-2.501671612262725830e-01 2.180224210023880005e-01
-3.025177419185638428e-01 2.717617452144622803e-01
-1.691654324531555176e-01 3.885064125061035156e-01
-2.649553120136260986e-01 3.054941296577453613e-01
-3.479267060756683350e-01 2.844371497631072998e-01
-2.398301064968109131e-01 3.238148689270019531e-01
-1.970309317111968994e-01 3.845792710781097412e-01
-2.809787988662719727e-01 2.371230125427246094e-01
-2.634244263172149658e-01 2.949990332126617432e-01
-2.180119752883911133e-01 3.656459450721740723e-01
-2.177745103836059570e-01 3.637767136096954346e-01
-1.850146353244781494e-01 4.032739400863647461e-01
-2.540073990821838379e-01 2.928259968757629395e-01
-2.423322945833206177e-01 3.549188077449798584e-01
-3.060161769390106201e-01 2.777389883995056152e-01
-1.515764445066452026e-01 4.160113632678985596e-01
-2.165395617485046387e-01 1.465090513229370117e-01
-3.206622898578643799e-01 2.876181304454803467e-01
-2.412342429161071777e-01 3.425002694129943848e-01
-2.593340575695037842e-01 3.060652911663055420e-01
-2.574111819267272949e-01 2.768014669418334961e-01
-1.664325296878814697e-01 4.269902408123016357e-01
-2.591120898723602295e-01 3.157084286212921143e-01
-3.721393644809722900e-01 3.000469207763671875e-01
-2.004745900630950928e-01 4.199993908405303955e-01
-7.475920021533966064e-02 3.672043979167938232e-01
-2.628829777240753174e-01 5.051667094230651855e-01
-2.841341197490692139e-01 2.802001535892486572e-01
-2.701654732227325439e-01 2.322897464036941528e-01
-2.665528655052185059e-01 3.130061626434326172e-01
-2.934153079986572266e-01 2.632452249526977539e-01
-2.196524441242218018e-01 1.830605119466781616e-01
-2.534271180629730225e-01 2.990713417530059814e-01
-2.711462378501892090e-01 2.311926633119583130e-01
-2.032107710838317871e-01 3.693076074123382568e-01
-1.919820606708526611e-01 4.800144731998443604e-01
-3.075092434883117676e-01 2.296400219202041626e-01
-2.694996297359466553e-01 2.609089314937591553e-01
-1.926306635141372681e-01 3.822921514511108398e-01
-9.209846705198287964e-02 4.134194850921630859e-01
-2.309367656707763672e-01 3.358446061611175537e-01
-1.957140266895294189e-01 4.067017734050750732e-01
-1.926244646310806274e-01 3.917029798030853271e-01
-5.376682877540588379e-01 3.889503777027130127e-01
-3.116672039031982422e-01 2.152069956064224243e-01
-2.117880880832672119e-01 4.020570516586303711e-01
-1.712557673454284668e-01 3.656383752822875977e-01
-1.975678056478500366e-01 4.194964468479156494e-01
-2.357754260301589966e-01 3.547027111053466797e-01
-2.050428688526153564e-01 3.777235746383666992e-01
-2.572474181652069092e-01 2.243567258119583130e-01
-2.454695254564285278e-01 2.448512464761734009e-01
-1.726556420326232910e-01 3.912158012390136719e-01
-2.534146308898925781e-01 2.094860970973968506e-01
-1.986577808856964111e-01 3.752126395702362061e-01
-2.617675960063934326e-01 1.411720216274261475e-01
-2.463081032037734985e-01 2.423033267259597778e-01
-2.167767435312271118e-01 3.622778058052062988e-01
-2.161158174276351929e-01 3.752779066562652588e-01
-2.790736258029937744e-01 2.344497293233871460e-01
-2.391408979892730713e-01 3.558931946754455566e-01
-2.393786162137985229e-01 3.384304344654083252e-01
-2.920514345169067383e-01 2.322591245174407959e-01
-2.798119485378265381e-01 2.268454134464263916e-01
-2.360895425081253052e-01 3.336974084377288818e-01
-2.323851138353347778e-01 3.432830572128295898e-01
-2.500732839107513428e-01 3.047022223472595215e-01
-2.651160955429077148e-01 3.070863783359527588e-01
-2.536098361015319824e-01 3.311188817024230957e-01
-2.362069785594940186e-01 3.395109176635742188e-01
-3.915685713291168213e-01 2.913982570171356201e-01
-1.880253404378890991e-01 3.727338612079620361e-01
-2.585169076919555664e-01 3.267263472080230713e-01
-2.620215415954589844e-01 3.137025535106658936e-01
-2.497333586215972900e-01 2.546396255493164062e-01
-2.566587924957275391e-01 2.658084928989410400e-01
-2.312955111265182495e-01 3.575926721096038818e-01
-2.772349417209625244e-01 5.145279765129089355e-01
-9.819523245096206665e-02 3.669889569282531738e-01
-2.525113523006439209e-01 3.220865130424499512e-01
-3.022426962852478027e-01 2.669685482978820801e-01
-2.741352319717407227e-01 2.464133948087692261e-01
-2.324863523244857788e-01 3.491007089614868164e-01
-2.153763025999069214e-01 3.777782618999481201e-01
-1.961290836334228516e-04 3.262338638305664062e-01
-2.598974108695983887e-01 3.119593858718872070e-01
-2.726248204708099365e-01 2.944956123828887939e-01
-2.640469372272491455e-01 2.485922724008560181e-01
-2.215430885553359985e-01 3.698003590106964111e-01
-2.220164537429809570e-01 3.603394329547882080e-01
-2.609181106090545654e-01 3.168910443782806396e-01
-3.165369927883148193e-01 2.012637257575988770e-01
-2.156080454587936401e-01 3.768010735511779785e-01
-1.941202431917190552e-01 3.901384472846984863e-01
-2.330701649188995361e-01 3.479658663272857666e-01
-2.422464936971664429e-01 3.348948955535888672e-01
-2.597201168537139893e-01 3.187309801578521729e-01
-2.051606774330139160e-01 3.607921600341796875e-01
-2.541699409484863281e-01 3.171727061271667480e-01
-2.667864263057708740e-01 1.935715377330780029e-01
-2.210851758718490601e-01 4.433564543724060059e-01
