# Epoch   training loss   validation loss
0 0.015238472260534763 0.014656462706625462
1000 2.280767512274906e-05 5.8465688198339194e-05
2000 1.941059781529475e-05 4.8721718485467136e-05
3000 1.856111703091301e-05 4.684229861595668e-05
4000 1.6424217392341234e-05 4.56227789982222e-05
5000 1.588486338732764e-05 4.363510015537031e-05
6000 1.5128493032534607e-05 4.4782718759961426e-05
7000 1.4452446521318052e-05 4.377111326903105e-05
8000 1.3354760085348971e-05 4.360267848824151e-05
9000 1.3204105925979093e-05 4.454465670278296e-05
10000 1.2745799722324591e-05 4.4142121623735875e-05
11000 1.2437083569238894e-05 4.3865133193321526e-05
12000 1.1612033631536178e-05 4.3614367314148694e-05
13000 1.124764185078675e-05 4.3591324356384575e-05
14000 1.0917151485045906e-05 4.333949618740007e-05
15000 1.0679336810426321e-05 4.3476316932355985e-05
16000 1.0448701686982531e-05 4.3430758523754776e-05
17000 1.030777730193222e-05 4.325308327679522e-05
18000 9.946823411155492e-06 4.3692962208297104e-05
19000 9.866716027318034e-06 4.315014666644856e-05
20000 9.763237358129118e-06 4.295537291909568e-05
21000 9.512557880952954e-06 4.284731039660983e-05
22000 9.676972695160657e-06 4.349723894847557e-05
23000 9.916851013258565e-06 4.3519587052287534e-05
24000 9.226398105965927e-06 4.400523903314024e-05
25000 9.118051821133122e-06 4.4103780965087935e-05
26000 9.215223144565243e-06 4.443302896106616e-05
27000 9.091333595279139e-06 4.4223954319022596e-05
28000 9.294267329096328e-06 4.4783220801036805e-05
29000 8.93537981028203e-06 4.456249007489532e-05
30000 8.752373105380684e-06 4.623543645720929e-05
31000 8.69878931553103e-06 4.6232926251832396e-05
32000 8.934911420510616e-06 4.646489105653018e-05
33000 8.677349796926137e-06 4.688025001087226e-05
34000 8.49851767270593e-06 4.622409323928878e-05
35000 8.455319402855821e-06 4.82975592603907e-05
36000 8.95524317456875e-06 4.6982302592368796e-05
37000 8.510795851179864e-06 4.803081537829712e-05
38000 8.65936090121977e-06 4.749312938656658e-05
39000 8.411584531131666e-06 4.765128323924728e-05
40000 8.11267727840459e-06 4.9366120947524905e-05
41000 8.42015833768528e-06 4.974657713319175e-05
42000 8.28813062980771e-06 5.057813541498035e-05
43000 8.58819385030074e-06 5.017763760406524e-05
44000 8.212227839976549e-06 5.024532219977118e-05
45000 7.889278094808105e-06 5.157068153494038e-05
46000 8.811158295429777e-06 4.980913217877969e-05
47000 8.753567271924112e-06 5.243770283414051e-05
48000 8.284340765385423e-06 5.1374481699895114e-05
49000 7.828805792087223e-06 5.255707947071642e-05
50000 8.292391612485517e-06 5.427189898910001e-05
51000 7.874206858105026e-06 5.344129021978006e-05
52000 8.274827450804878e-06 5.1933056965935975e-05
53000 7.852356247894932e-06 5.270165274851024e-05
54000 7.927587830636185e-06 5.405520278145559e-05
55000 8.087331480055582e-06 5.406071795732714e-05
56000 7.85169868322555e-06 5.361673538573086e-05
57000 7.848441782698501e-06 5.453312041936442e-05
58000 7.705372809141409e-06 5.411094389273785e-05
59000 8.416822311119176e-06 5.473392957355827e-05
60000 7.88225224823691e-06 5.606359991361387e-05
61000 7.368093065451831e-06 5.618693103315309e-05
62000 7.9078972703428e-06 5.5878372222650796e-05
63000 7.365024430328049e-06 5.644746124744415e-05
64000 8.326426723215263e-06 5.766343747382052e-05
65000 7.317505605897168e-06 5.65826594538521e-05
66000 7.3526648520783056e-06 5.771180440206081e-05
67000 7.950795406941324e-06 5.567342304857448e-05
68000 7.281385478563607e-06 5.7339511840837076e-05
69000 7.2986335908353794e-06 5.875856368220411e-05
70000 7.4064405453100335e-06 5.786124165751971e-05
71000 8.23271238914458e-06 5.731706914957613e-05
72000 7.679220288991928e-06 5.725918526877649e-05
73000 7.363620625255862e-06 5.871446046512574e-05
74000 7.185376034613e-06 5.950574268354103e-05
75000 7.2101520345313475e-06 6.0061924159526825e-05
76000 7.326677405217197e-06 6.0524933360284194e-05
77000 7.65209915698506e-06 5.921802221564576e-05
78000 6.944608230696758e-06 5.9839352616108954e-05
79000 7.153133992687799e-06 6.155516166472808e-05
80000 7.336133876378881e-06 6.180701893754303e-05
81000 7.0691767177777365e-06 6.121455953689292e-05
82000 7.154393188102404e-06 6.214806489879265e-05
83000 7.842794730095193e-06 6.047237911843695e-05
84000 6.9429929681064095e-06 6.20249193161726e-05
85000 7.655558874830604e-06 6.0195470723556355e-05
86000 6.939296781638404e-06 6.220891373232007e-05
87000 7.197965715022292e-06 6.197492621140555e-05
88000 7.193120836745948e-06 6.23525120317936e-05
89000 7.303953225346049e-06 6.38427009107545e-05
90000 7.009152341197478e-06 6.293084879871458e-05
91000 6.976928034418961e-06 6.365167064359412e-05
92000 7.428344360960182e-06 6.444452446885407e-05
93000 6.944372671568999e-06 6.310695607680827e-05
94000 7.326549621211598e-06 6.442160520236939e-05
95000 7.198565526778111e-06 6.257719360291958e-05
96000 6.82296877130284e-06 6.514684355352074e-05
97000 7.691531209275126e-06 6.480667798314244e-05
98000 6.726149877067655e-06 6.490102532552555e-05
99000 6.99240945323254e-06 6.627834227401763e-05
100000 7.018231826805277e-06 6.534306157846004e-05
101000 6.884231424919562e-06 6.582392961718142e-05
102000 6.779190698580351e-06 6.700904486933723e-05
103000 6.649047918472206e-06 6.667431443929672e-05
104000 7.355794878094457e-06 6.644727545790374e-05
105000 6.708128694299376e-06 6.822540308348835e-05
106000 6.772590040782234e-06 6.730417226208374e-05
107000 6.648748694715323e-06 6.861532892799005e-05
108000 6.7138366830477025e-06 6.782992568332702e-05
109000 7.13702138455119e-06 6.74289622111246e-05
110000 7.254779575305292e-06 6.769616447854787e-05
111000 6.672631570836529e-06 7.066348189255223e-05
112000 6.659109203610569e-06 7.00950768077746e-05
113000 7.283402737812139e-06 7.016147719696164e-05
114000 7.165521310525946e-06 7.274236850207672e-05
115000 6.576586201845203e-06 7.06715218257159e-05
116000 6.486805432359688e-06 7.190625910880044e-05
117000 6.6875777520181146e-06 7.28571685613133e-05
118000 6.916575330251362e-06 7.093203748809174e-05
119000 6.80162338539958e-06 7.397798617603257e-05
120000 6.97878977007349e-06 7.436478335876018e-05
121000 6.865396244393196e-06 7.486833783332258e-05
122000 7.042058314254973e-06 7.473763980669901e-05
123000 6.751393812010065e-06 7.57632587919943e-05
124000 6.600294909731019e-06 7.436003215843812e-05
125000 6.41452606942039e-06 7.356910646194592e-05
126000 6.688153007416986e-06 7.56272129365243e-05
127000 6.582221431017388e-06 7.62073541409336e-05
128000 6.6309785324847326e-06 7.500054925912991e-05
129000 7.238163107103901e-06 7.571629248559475e-05
130000 6.501364168798318e-06 7.550882583018392e-05
131000 6.361854957503965e-06 7.823606574675068e-05
132000 6.4601040321576875e-06 7.626914157299325e-05
133000 6.682140337943565e-06 7.603495032526553e-05
134000 6.461238626798149e-06 7.929973071441054e-05
135000 6.3241313910111785e-06 7.960757648106664e-05
136000 6.77073103361181e-06 8.046292350627482e-05
137000 6.3295033214672e-06 7.913905574241653e-05
138000 6.38423398413579e-06 7.875012670410797e-05
139000 6.448031399486354e-06 8.171613444574177e-05
140000 6.930874405952636e-06 8.320425695274025e-05
141000 6.4123928495973814e-06 8.070040348684415e-05
142000 6.3293541643361095e-06 8.172436355380341e-05
143000 6.342823780869367e-06 8.221939788199961e-05
144000 6.76886384098907e-06 8.207556675188243e-05
145000 6.640502761001699e-06 8.344950038008392e-05
146000 6.919705811014865e-06 8.304885705001652e-05
147000 6.4107825892278925e-06 8.368252019863576e-05
148000 6.3572315411875024e-06 8.319626067532226e-05
149000 6.422136721084826e-06 8.202760363928974e-05
150000 6.431732799683232e-06 8.407543646171689e-05
151000 6.171087079565041e-06 8.509277540724725e-05
152000 6.036132617737167e-06 8.461171091767028e-05
153000 6.089440830692183e-06 8.444978448096663e-05
154000 6.6922279984282795e-06 8.580584835726768e-05
155000 6.67470430926187e-06 8.558852277928963e-05
156000 6.1106561588530894e-06 8.532116771675646e-05
157000 5.96423387833056e-06 8.432179311057553e-05
158000 6.065282832423691e-06 8.637591236038134e-05
159000 6.258260782487923e-06 8.404424443142489e-05
160000 6.937787475180812e-06 8.440772216999903e-05
161000 6.076281806599582e-06 8.522596908733249e-05
162000 6.249173111427808e-06 8.695035648997873e-05
163000 5.970973688818049e-06 8.747927495278418e-05
164000 6.69835344524472e-06 8.888402226148173e-05
165000 6.226580808288418e-06 8.747533865971491e-05
166000 6.457457857322879e-06 8.628959039924666e-05
167000 5.935312401561532e-06 8.620291919214651e-05
168000 6.084475899115205e-06 8.842512033879757e-05
169000 6.086333087296225e-06 8.810052531771362e-05
170000 5.849042281624861e-06 8.690085087437183e-05
171000 6.078037586121354e-06 8.741776400711387e-05
172000 6.301428129518172e-06 8.860531670507044e-05
173000 5.97958751313854e-06 8.80405495990999e-05
174000 6.037727871444076e-06 8.84876208147034e-05
175000 5.830088412039913e-06 8.568578778067604e-05
176000 5.845532541570719e-06 8.678992162458599e-05
177000 6.002739155519521e-06 8.603189053246751e-05
178000 5.898593826714205e-06 8.754667214816436e-05
179000 6.023296919011045e-06 8.644851186545566e-05
180000 5.87037175137084e-06 8.732973947189748e-05
181000 5.84337340114871e-06 8.72928649187088e-05
182000 5.797151970909908e-06 8.685684588272125e-05
183000 6.091509931138717e-06 8.487348532071337e-05
184000 5.907723334530601e-06 8.68998613441363e-05
185000 6.140654932096368e-06 8.887009607860819e-05
186000 6.095196567912353e-06 8.594374230597168e-05
187000 5.980231435387395e-06 8.663230983074754e-05
188000 6.175210728542879e-06 8.619445725344121e-05
189000 5.991946636640932e-06 8.655647252453491e-05
190000 5.988905741105555e-06 8.622478344477713e-05
191000 5.645948476740159e-06 8.525207522325218e-05
192000 6.4385390032839496e-06 8.822066592983902e-05
193000 6.467993443948217e-06 8.456854993710294e-05
194000 6.235599357751198e-06 8.551675273338333e-05
195000 6.0083202697569504e-06 8.718996832612902e-05
196000 5.914725988986902e-06 8.50183714646846e-05
197000 5.8433852245798334e-06 8.580046414863318e-05
198000 5.952138508291682e-06 8.572349179303274e-05
199000 5.851761670783162e-06 8.603122842032462e-05
200000 5.686835265805712e-06 8.577459084335715e-05
201000 5.934821729169926e-06 8.536891982657835e-05
202000 5.817605142510729e-06 8.606052870163694e-05
203000 5.759331997978734e-06 8.476483344566077e-05
204000 5.653982043440919e-06 8.511163468938321e-05
205000 5.9785365920106415e-06 8.552995859645307e-05
206000 6.234078682609834e-06 8.46884649945423e-05
207000 5.777906608273042e-06 8.4197279647924e-05
208000 6.071611096558627e-06 8.391771552851424e-05
209000 6.0012785070284735e-06 8.744390652282164e-05
210000 5.892175067856442e-06 8.753241854719818e-05
211000 6.4075061345647555e-06 8.762578363530338e-05
212000 5.81726180826081e-06 8.61300723045133e-05
213000 5.796930508950027e-06 8.308968972414732e-05
214000 6.140000550658442e-06 8.664256165502593e-05
215000 5.611830601992551e-06 8.466074359603226e-05
216000 5.59446016268339e-06 8.434957271674648e-05
217000 5.823541869176552e-06 8.272351260529831e-05
218000 5.541884092963301e-06 8.448672451777384e-05
219000 5.9223580137768295e-06 8.380739018321037e-05
220000 5.762564342148835e-06 8.580649591749534e-05
221000 5.605446858680807e-06 8.521843119524419e-05
222000 5.702414910047082e-06 8.40689244796522e-05
223000 5.976466127322055e-06 8.683495980221778e-05
224000 5.815125405206345e-06 8.310212433570996e-05
225000 5.609139861917356e-06 8.384832472074777e-05
226000 5.547035016206792e-06 8.327918476425111e-05
227000 5.507311470864806e-06 8.60652289702557e-05
228000 5.993973445583833e-06 8.500804688083008e-05
229000 5.498417522176169e-06 8.301513298647478e-05
230000 5.581360710493755e-06 8.39790009194985e-05
231000 5.781961590400897e-06 8.241052273660898e-05
232000 5.992441401758697e-06 8.409058500546962e-05
233000 5.49529386262293e-06 8.141552825691178e-05
234000 5.504081855178811e-06 8.197513670893386e-05
235000 5.308687832439318e-06 8.506033918820322e-05
236000 5.398809662437998e-06 8.156192052410915e-05
237000 6.126819698692998e-06 8.206180791603401e-05
238000 5.861038516741246e-06 8.478191739413887e-05
239000 5.386509656091221e-06 8.431283640675247e-05
240000 5.712990969186649e-06 8.55287944432348e-05
241000 5.872693691344466e-06 8.19765409687534e-05
242000 5.473379587783711e-06 8.452599286101758e-05
243000 6.00550902163377e-06 8.247020741691813e-05
244000 5.368685378925875e-06 8.408023131778464e-05
245000 5.575610884989146e-06 8.482867997372523e-05
246000 5.435858383862069e-06 8.470129978377372e-05
247000 5.420512025011703e-06 8.363653614651412e-05
248000 5.432320449472172e-06 8.281468763016164e-05
249000 5.413754934124881e-06 8.492583583574742e-05
250000 5.591652552539017e-06 8.605881157563999e-05
250000 5.436785613710526e-06 8.570702630095184e-05
