9.255191683769226074e-01
4.320652484893798828e-01
8.597292304039001465e-01
8.856485486030578613e-01
-4.732453227043151855e-01
4.438733458518981934e-01
-3.007447719573974609e-01
8.157425522804260254e-01
8.863492012023925781e-01
-5.348786115646362305e-01
-3.225024044513702393e-01
4.120136797428131104e-01
8.460438847541809082e-01
7.052874565124511719e-01
-2.277410924434661865e-01
9.527102112770080566e-02
-4.259905517101287842e-01
9.669383615255355835e-02
-3.667520284652709961e-01
-8.237177133560180664e-01
-3.313387930393218994e-01
-2.435923218727111816e-01
8.391362428665161133e-01
2.954435050487518311e-01
-3.003189563751220703e-01
8.756756782531738281e-02
-8.378760814666748047e-01
2.514463961124420166e-01
8.127711415290832520e-01
-1.504835486412048340e-02
1.030894666910171509e-01
-7.799711823463439941e-01
9.276956319808959961e-01
2.844732105731964111e-01
2.364624440670013428e-01
8.992421030998229980e-01
3.731584846973419189e-01
-6.703873276710510254e-01
-3.166064023971557617e-01
4.779591858386993408e-01
4.123343527317047119e-01
-2.194903790950775146e-01
3.939611017704010010e-01
9.109904170036315918e-01
9.320161342620849609e-01
2.375018000602722168e-01
8.998625278472900391e-01
5.183606147766113281e-01
4.909403026103973389e-01
8.837835192680358887e-01
-2.060170173645019531e-01
-7.406414151191711426e-01
4.713270068168640137e-01
9.147766828536987305e-01
9.196538925170898438e-01
1.162939071655273438e-01
-1.019215285778045654e-01
7.902090996503829956e-02
8.676082491874694824e-01
9.009458422660827637e-01
8.587038516998291016e-01
2.318067252635955811e-01
-2.034271806478500366e-01
6.816875934600830078e-02
4.507077932357788086e-01
7.293779253959655762e-01
3.966765999794006348e-01
9.247817993164062500e-01
2.403937578201293945e-01
8.662157654762268066e-01
-8.064875602722167969e-01
1.024419590830802917e-01
-2.087999731302261353e-01
9.745298027992248535e-01
8.618955612182617188e-01
-7.280036807060241699e-01
2.543616592884063721e-01
9.799619317054748535e-01
4.284563958644866943e-01
1.064268574118614197e-01
9.012126922607421875e-01
-5.165519714355468750e-01
4.935556352138519287e-01
1.064963191747665405e-01
8.725742101669311523e-01
8.709065914154052734e-01
2.865146100521087646e-01
7.523994445800781250e-01
8.042585253715515137e-01
3.000980317592620850e-01
3.347637355327606201e-01
-9.631870388984680176e-01
-3.417142927646636963e-01
9.047295451164245605e-01
9.688872098922729492e-01
7.858679890632629395e-01
-2.191201150417327881e-01
7.252766489982604980e-01
5.470626354217529297e-01
-6.257306784391403198e-02
8.235100507736206055e-01
4.699211418628692627e-01
7.470946311950683594e-01
8.498857021331787109e-01
2.401294708251953125e-01
9.552853703498840332e-01
8.613842129707336426e-01
-1.039547771215438843e-01
-8.120436072349548340e-01
9.171456098556518555e-02
3.673645555973052979e-01
6.737358868122100830e-02
9.857470393180847168e-01
8.058910369873046875e-01
1.033107042312622070e-01
9.242554903030395508e-01
1.112533807754516602e-01
9.383005499839782715e-01
4.875819087028503418e-01
6.555616259574890137e-01
7.259199619293212891e-01
9.118563532829284668e-01
-3.220652341842651367e-01
8.627456426620483398e-01
8.460564017295837402e-01
1.000542566180229187e-01
8.713403344154357910e-01
8.260008096694946289e-01
-7.524299025535583496e-01
-2.342811077833175659e-01
8.794656991958618164e-01
-2.011605650186538696e-01
8.733134865760803223e-01
8.893816471099853516e-01
-2.355819940567016602e-01
-8.688238859176635742e-01
3.006937205791473389e-01
-8.185334205627441406e-01
4.849672913551330566e-01
7.613658905029296875e-02
9.381939172744750977e-01
-9.347431063652038574e-01
8.096535801887512207e-01
1.074878051877021790e-01
7.734360694885253906e-01
1.966003701090812683e-02
9.070975780487060547e-01
-2.836322784423828125e-01
8.726329207420349121e-01
-1.560545712709426880e-01
8.464770317077636719e-01
1.727911978960037231e-01
7.374715805053710938e-01
2.966466844081878662e-01
7.815663814544677734e-01
-1.055770143866539001e-01
-4.144286215305328369e-01
-3.508971929550170898e-01
8.455990254878997803e-02
2.984384596347808838e-01
-4.730113446712493896e-01
8.193926811218261719e-01
-4.400428533554077148e-01
8.917894363403320312e-01
6.984968781471252441e-01
-2.415696829557418823e-01
5.645005106925964355e-01
1.607432775199413300e-02
-3.196634585037827492e-03
7.352595329284667969e-01
6.228379011154174805e-01
4.322023317217826843e-02
3.397635743021965027e-02
-4.190684258937835693e-01
-2.622817456722259521e-01
9.280244708061218262e-01
-5.352870225906372070e-01
2.693370729684829712e-02
8.575536608695983887e-01
3.907915055751800537e-01
