# Epoch   training loss   validation loss
0 0.01161880698055029 0.010893378406763077
1000 2.1021403881604783e-05 5.692049671779387e-05
2000 1.671257814450655e-05 4.690479545388371e-05
3000 1.6224106730078347e-05 4.508510755840689e-05
4000 1.3330961337487679e-05 4.145340790273622e-05
5000 1.3062962352705654e-05 4.086999251740053e-05
6000 1.242569305759389e-05 4.007664756500162e-05
7000 1.1787167750298977e-05 4.0341434214496985e-05
8000 1.0969243703584652e-05 3.879626819980331e-05
9000 9.492043318459764e-06 3.904070035787299e-05
10000 9.049173058883753e-06 3.85291496058926e-05
11000 8.094006261671893e-06 3.820059646386653e-05
12000 7.628780167578952e-06 3.758450475288555e-05
13000 7.085223387548467e-06 3.636538895079866e-05
14000 6.829691756138345e-06 3.508733061607927e-05
15000 6.345130259433063e-06 3.5012370062759146e-05
16000 6.104856765887234e-06 3.414866660023108e-05
17000 5.815741587866796e-06 3.403641312615946e-05
18000 5.9083113228552975e-06 3.386400931049138e-05
19000 5.7071961236943025e-06 3.417160041863099e-05
20000 5.327646249497775e-06 3.431492586969398e-05
21000 6.046419002814218e-06 3.5137749364366755e-05
22000 5.54153484699782e-06 3.445603942964226e-05
23000 5.617141596303554e-06 3.49253932654392e-05
24000 5.2042846618860494e-06 3.3777258067857474e-05
25000 4.904990419163369e-06 3.365048542036675e-05
26000 4.672252089221729e-06 3.352096973685548e-05
27000 4.745584192278329e-06 3.355876833666116e-05
28000 4.303789410187164e-06 3.293371628387831e-05
29000 5.021499873691937e-06 3.4115662856493145e-05
30000 4.5714964471699204e-06 3.217104313080199e-05
31000 4.494040695135482e-06 3.308911618660204e-05
32000 4.588710453390377e-06 3.300535900052637e-05
33000 4.075502147316001e-06 3.2805532100610435e-05
34000 4.72058127343189e-06 3.291348912171088e-05
35000 4.315470505389385e-06 3.318130620755255e-05
36000 4.538278972177068e-06 3.2551211916143075e-05
37000 3.952090082748327e-06 3.31076662405394e-05
38000 4.389032255858183e-06 3.2905878470046446e-05
39000 4.181536041869549e-06 3.32481722580269e-05
40000 4.1113048609986436e-06 3.331790503580123e-05
41000 4.444006208359497e-06 3.416814433876425e-05
42000 4.109204382984899e-06 3.410302451811731e-05
43000 5.28730197402183e-06 3.5092729376628995e-05
44000 3.7769937080156524e-06 3.3495227398816496e-05
45000 3.985750936408294e-06 3.392369762877934e-05
46000 4.103701485291822e-06 3.463029861450195e-05
47000 4.128463388042292e-06 3.480400482658297e-05
48000 4.40523626821232e-06 3.538691089488566e-05
49000 4.018436811747961e-06 3.452636883594096e-05
50000 3.923298663721653e-06 3.532626215019263e-05
51000 3.7153092762309825e-06 3.514112904667854e-05
52000 4.014990736322943e-06 3.594883673940785e-05
53000 3.910050509148277e-06 3.5827470128424466e-05
54000 3.522894530760823e-06 3.589013067539781e-05
55000 3.3039564186765347e-06 3.523884151945822e-05
56000 3.2779907996882685e-06 3.568351166904904e-05
57000 3.314958121336531e-06 3.626362013164908e-05
58000 3.3642772905295715e-06 3.658956484287046e-05
59000 3.3678315958241e-06 3.701698005897924e-05
60000 3.711994622790371e-06 3.7873571272939444e-05
61000 3.3174910640809685e-06 3.7769521441077814e-05
62000 3.2783898404886713e-06 3.7576945032924414e-05
63000 3.7030740713817067e-06 3.8465994293801486e-05
64000 3.502357003526413e-06 3.9094109524739906e-05
65000 3.373645313331508e-06 3.849179847748019e-05
66000 3.1002618925413117e-06 3.889989966410212e-05
67000 3.4025749755528523e-06 3.8337038859026507e-05
68000 3.148285713905352e-06 3.993716381955892e-05
69000 3.1374929676530883e-06 3.99739874410443e-05
70000 3.291647999503766e-06 3.913640102837235e-05
71000 3.7074626106914366e-06 4.044125307700597e-05
72000 3.194147438989603e-06 4.05867540393956e-05
73000 2.918907284765737e-06 4.057853948324919e-05
74000 2.9991231258463813e-06 4.108056236873381e-05
75000 3.408978045627009e-06 4.138243093620986e-05
76000 3.41798659064807e-06 4.1480256186332554e-05
77000 3.0089906886132667e-06 4.126289059058763e-05
78000 3.797268846028601e-06 4.21827171521727e-05
79000 3.354918135300977e-06 4.15846734540537e-05
80000 3.819498488155659e-06 4.3028430809499696e-05
81000 3.2459170142828953e-06 4.303089008317329e-05
82000 3.20106096296513e-06 4.252202052157372e-05
83000 3.1947888601280283e-06 4.274032835382968e-05
84000 3.6574008390743984e-06 4.3366049794713035e-05
85000 3.401532467250945e-06 4.364993583294563e-05
86000 3.80132360078278e-06 4.3615229515125975e-05
87000 3.0491278266708832e-06 4.295675171306357e-05
88000 3.15004922413209e-06 4.349707160145044e-05
89000 3.3386652376066195e-06 4.289982098271139e-05
90000 3.0826986403553747e-06 4.3368389015085995e-05
91000 3.0511941986333113e-06 4.38756360381376e-05
92000 2.7951839456363814e-06 4.353103577159345e-05
93000 2.8146241675131023e-06 4.420830009621568e-05
94000 3.378400151632377e-06 4.3570060370257124e-05
95000 2.7438536562840454e-06 4.366356006357819e-05
96000 2.893338660214795e-06 4.389190144138411e-05
97000 3.062174528167816e-06 4.474414890864864e-05
98000 3.1741058137413347e-06 4.397242810227908e-05
99000 2.9484453989425674e-06 4.352275573182851e-05
100000 2.8900285542476922e-06 4.302648812881671e-05
101000 2.607481064842432e-06 4.322611857787706e-05
102000 3.1416032015840756e-06 4.52882559329737e-05
103000 2.983252670674119e-06 4.474295928957872e-05
104000 3.054365379284718e-06 4.365264612715691e-05
105000 2.6399470698379446e-06 4.4662996515398845e-05
106000 2.5669571641628863e-06 4.433498179423623e-05
107000 2.8552942694659578e-06 4.503038144321181e-05
108000 3.14446015181602e-06 4.6161439968273044e-05
109000 2.7064854748459766e-06 4.602047192747705e-05
110000 3.0577575671486557e-06 4.412813359522261e-05
111000 2.4929383926064475e-06 4.5387256250251085e-05
112000 2.8980143724766094e-06 4.643279316951521e-05
113000 2.670708681762335e-06 4.484224336920306e-05
114000 2.9296315915416926e-06 4.603557681548409e-05
115000 2.9129450922482647e-06 4.6363369619939476e-05
116000 2.9100481242494425e-06 4.530661681201309e-05
117000 2.90105663225404e-06 4.5618809963343665e-05
118000 2.5660999654064653e-06 4.6579214540543035e-05
119000 2.7663966193358647e-06 4.6272918552858755e-05
120000 2.7676148874888895e-06 4.698253542301245e-05
121000 2.4086191388050793e-06 4.749740764964372e-05
122000 3.012376510014292e-06 4.7179157263599336e-05
123000 3.487315098027466e-06 4.620831168722361e-05
124000 2.659471647348255e-06 4.743315002997406e-05
125000 2.8924741855007596e-06 4.797472865902819e-05
126000 2.831638312272844e-06 4.778130096383393e-05
127000 3.1242477689374937e-06 4.8310299462173134e-05
128000 2.7020389552490087e-06 4.822534174309112e-05
129000 3.450385520409327e-06 4.77622561447788e-05
130000 2.9147902296244865e-06 4.9806589231593534e-05
131000 2.8466608910093782e-06 5.038586459704675e-05
132000 3.080876240346697e-06 4.9351961934007704e-05
133000 2.4381163257203298e-06 4.9013367970474064e-05
134000 2.8760814529960044e-06 5.011681423638947e-05
135000 2.4055243557086214e-06 5.1199014706071466e-05
136000 2.581179614935536e-06 5.1369515858823434e-05
137000 2.65297217083571e-06 4.9942387704504654e-05
138000 2.4131295504048467e-06 4.8705544031690806e-05
139000 3.1071749617694877e-06 5.144478564034216e-05
140000 2.2905971945874626e-06 5.2175120799802244e-05
141000 2.7713667805073783e-06 5.057756425230764e-05
142000 2.7511848657013616e-06 4.99606721859891e-05
143000 2.692481530175428e-06 5.181188680580817e-05
144000 2.5072856715269154e-06 4.952896051690914e-05
145000 2.704647158680018e-06 5.2535815484588966e-05
146000 2.739814590313472e-06 5.1379283831920475e-05
147000 2.8169670258648694e-06 5.0850365369115025e-05
148000 2.536099600547459e-06 5.289248292683624e-05
149000 2.5553574687364744e-06 5.249622336123139e-05
150000 2.394484681644826e-06 5.0511771405581385e-05
151000 2.5846989046840463e-06 5.459288149722852e-05
152000 2.0709378532046685e-06 5.3139825467951596e-05
153000 2.6082082058564993e-06 5.386648990679532e-05
154000 2.698677917578607e-06 5.2974781283410266e-05
155000 2.68299481831491e-06 5.2832907385891303e-05
156000 2.7831702027469873e-06 5.356549081625417e-05
157000 2.5494462079223013e-06 5.31122786924243e-05
158000 2.709109139686916e-06 5.348620834411122e-05
159000 2.502684992577997e-06 5.35815124749206e-05
160000 2.4091075374599313e-06 5.407908611232415e-05
161000 2.5400606773473555e-06 5.500977567862719e-05
162000 2.7292530830891337e-06 5.453923949971795e-05
163000 2.7600733574217884e-06 5.519289697986096e-05
164000 2.5668732632766478e-06 5.405963020166382e-05
165000 2.272485744470032e-06 5.516073724720627e-05
166000 2.3460929696739186e-06 5.288551619742066e-05
167000 3.6648145851359004e-06 5.473423516377807e-05
168000 2.466967544023646e-06 5.38480635441374e-05
169000 2.6265493033861276e-06 5.6086122640408576e-05
170000 2.482119725755183e-06 5.582322410191409e-05
171000 2.495621174603002e-06 5.656313442159444e-05
172000 2.7637777293421095e-06 5.424975461210124e-05
173000 2.4251482955151005e-06 5.569817221839912e-05
174000 2.2064714357838966e-06 5.5151889682747424e-05
175000 2.7006726668332703e-06 5.5498850997537374e-05
176000 2.7157389013154898e-06 5.3233030484989285e-05
177000 2.467226067892625e-06 5.403460454544984e-05
178000 2.8820506940974155e-06 5.4430667660199106e-05
179000 2.622350621095393e-06 5.444024645839818e-05
180000 2.0168527044006623e-06 5.327905819285661e-05
181000 2.6680056635086657e-06 5.249342939350754e-05
182000 2.6329535103286617e-06 5.431946556200273e-05
183000 2.555568016759935e-06 5.694302308256738e-05
184000 2.842143885573023e-06 5.515312295756303e-05
185000 2.638970045154565e-06 5.5525593779748306e-05
186000 2.120191311405506e-06 5.498224345501512e-05
187000 2.1043149445176823e-06 5.415998020907864e-05
188000 2.3612158202013234e-06 5.615108602796681e-05
189000 2.4626781396364095e-06 5.474491263157688e-05
190000 2.2203180378710385e-06 5.46728988410905e-05
191000 2.397298430878436e-06 5.5842083384050056e-05
192000 2.392135002082796e-06 5.5684809922240674e-05
193000 2.3699649318587035e-06 5.6513268646085635e-05
194000 2.390008830843726e-06 5.451777906273492e-05
195000 2.1885798560106196e-06 5.5683583923382685e-05
196000 2.249680392196751e-06 5.4533993534278125e-05
197000 3.461143023741897e-06 5.550567584577948e-05
198000 2.2197039015736664e-06 5.484363282448612e-05
199000 1.89760305602249e-06 5.439518281491473e-05
200000 2.306049282196909e-06 5.3844294598093256e-05
201000 2.45696878664603e-06 5.4292780987452716e-05
202000 2.4109897367452504e-06 5.477112063090317e-05
203000 2.2977601474849507e-06 5.545019666897133e-05
204000 2.2580545646633254e-06 5.504562068381347e-05
205000 2.3924267225083895e-06 5.478056846186519e-05
206000 2.4354787910851883e-06 5.492317723110318e-05
207000 2.1875348465982825e-06 5.48955867998302e-05
208000 2.3267925826075953e-06 5.432802936411463e-05
209000 2.4511139145033667e-06 5.6068187404889613e-05
210000 2.698693833735888e-06 5.584435712080449e-05
211000 2.7418341232987586e-06 5.479024912347086e-05
212000 2.458482640577131e-06 5.366756158764474e-05
213000 2.564060650911415e-06 5.751874778070487e-05
214000 2.221994691353757e-06 5.574031456490047e-05
215000 2.0769434740941506e-06 5.3370578825706616e-05
216000 2.4290466171805747e-06 5.4067142627900466e-05
217000 2.40440022025723e-06 5.461819455376826e-05
218000 2.0481211322476156e-06 5.332990622264333e-05
219000 2.297091896252823e-06 5.606247577816248e-05
220000 2.068792355203186e-06 5.3294173994800076e-05
221000 2.653260480656172e-06 5.381953087635338e-05
222000 3.172146762153716e-06 5.44540052942466e-05
223000 2.396754553046776e-06 5.543009319808334e-05
224000 2.3669219899602467e-06 5.4849821026436985e-05
225000 2.271220182592515e-06 5.518427860806696e-05
226000 2.8367076083668508e-06 5.680866524926387e-05
227000 2.906155259552179e-06 5.502914063981734e-05
228000 2.4417449822067283e-06 5.369829887058586e-05
229000 1.9620258626673603e-06 5.3314564866013825e-05
230000 2.900591425714083e-06 5.4337975598173216e-05
231000 3.056612285945448e-06 5.288769898470491e-05
232000 2.2402957711165072e-06 5.4386975534725934e-05
233000 2.3171028260549065e-06 5.4898056987440214e-05
234000 2.4495773232047213e-06 5.278052049106918e-05
235000 1.9982805952167837e-06 5.383860843721777e-05
236000 2.243296194137656e-06 5.3173102060100064e-05
237000 2.3687296106800204e-06 5.3230818593874574e-05
238000 2.199015852966113e-06 5.411132224253379e-05
239000 2.0312199922045693e-06 5.338881237548776e-05
240000 2.492412932042498e-06 5.361796866054647e-05
241000 2.2726455881638685e-06 5.2081275498494506e-05
242000 2.3498578229919076e-06 5.2250325097702444e-05
243000 2.2196584268385777e-06 5.2778439567191526e-05
244000 2.449160547257634e-06 5.3681680583395064e-05
245000 2.764495548035484e-06 5.2872896048938856e-05
246000 2.771255822153762e-06 5.415345367509872e-05
247000 3.2472698876517825e-06 5.435023922473192e-05
248000 2.1240805381239625e-06 5.3146868594922125e-05
249000 2.7141115879203426e-06 5.452813638839871e-05
250000 2.3852828689996386e-06 5.4106483730720356e-05
250000 2.4822388695611153e-06 5.311660061124712e-05
