4.063268601894378662e-01
3.430231511592864990e-01
3.787223994731903076e-01
3.411107659339904785e-01
3.482175767421722412e-01
3.693588376045227051e-01
4.307659268379211426e-01
3.945187926292419434e-01
3.749366104602813721e-01
4.321655929088592529e-01
3.514249026775360107e-01
3.808166086673736572e-01
2.979020476341247559e-01
3.710449934005737305e-01
3.817776143550872803e-01
4.261871874332427979e-01
3.425038456916809082e-01
3.740520775318145752e-01
3.536499440670013428e-01
3.885055482387542725e-01
3.922334611415863037e-01
3.635817468166351318e-01
3.297421336174011230e-01
4.196734428405761719e-01
3.185471296310424805e-01
3.215867280960083008e-01
3.928036689758300781e-01
3.815177977085113525e-01
3.854895234107971191e-01
3.265077769756317139e-01
3.685965240001678467e-01
3.329720795154571533e-01
3.289010524749755859e-01
4.055407047271728516e-01
3.681697845458984375e-01
3.045516908168792725e-01
3.654696345329284668e-01
3.560472428798675537e-01
3.404739797115325928e-01
3.630144000053405762e-01
4.062339961528778076e-01
3.517633378505706787e-01
3.588421642780303955e-01
3.370639085769653320e-01
4.200091361999511719e-01
2.949934601783752441e-01
3.568871319293975830e-01
3.575024306774139404e-01
3.353421986103057861e-01
3.343734741210937500e-01
3.733576238155364990e-01
3.955005705356597900e-01
3.159263730049133301e-01
4.513491392135620117e-01
3.583962917327880859e-01
3.063135147094726562e-01
3.732465207576751709e-01
3.994409143924713135e-01
4.194388091564178467e-01
3.747082650661468506e-01
2.892444729804992676e-01
3.577054440975189209e-01
3.650397956371307373e-01
3.179019987583160400e-01
4.287599921226501465e-01
3.145602643489837646e-01
3.354654014110565186e-01
4.291502535343170166e-01
3.414403200149536133e-01
3.276988863945007324e-01
3.738656640052795410e-01
4.879342615604400635e-01
4.202710390090942383e-01
3.829489648342132568e-01
4.189052581787109375e-01
3.439278900623321533e-01
2.916609644889831543e-01
3.795866668224334717e-01
3.861486017704010010e-01
3.614491820335388184e-01
3.867069482803344727e-01
3.819260895252227783e-01
4.183313250541687012e-01
3.827124536037445068e-01
2.886070013046264648e-01
3.351313769817352295e-01
3.050936460494995117e-01
3.443704247474670410e-01
3.499853610992431641e-01
4.045210778713226318e-01
3.182285428047180176e-01
3.913054466247558594e-01
3.832124173641204834e-01
3.492354452610015869e-01
3.804541230201721191e-01
3.639215528964996338e-01
3.939063847064971924e-01
4.196394383907318115e-01
2.852333188056945801e-01
3.393875658512115479e-01
4.156756997108459473e-01
4.007857739925384521e-01
4.370131194591522217e-01
4.101260304450988770e-01
3.056778013706207275e-01
3.808231353759765625e-01
3.280661106109619141e-01
3.825903534889221191e-01
3.692024648189544678e-01
4.037109315395355225e-01
3.808932304382324219e-01
2.988433241844177246e-01
3.126096427440643311e-01
3.987461626529693604e-01
3.503953218460083008e-01
3.113731443881988525e-01
3.875813782215118408e-01
3.468416333198547363e-01
3.072378933429718018e-01
2.909351587295532227e-01
3.056172728538513184e-01
4.067993164062500000e-01
4.442551136016845703e-01
3.979446291923522949e-01
3.710578978061676025e-01
3.494820892810821533e-01
3.127896785736083984e-01
3.545509874820709229e-01
3.484809100627899170e-01
3.785672485828399658e-01
3.200061619281768799e-01
3.165041804313659668e-01
3.051125705242156982e-01
4.070515930652618408e-01
3.361018002033233643e-01
3.792003393173217773e-01
4.144130945205688477e-01
4.148966073989868164e-01
3.995568454265594482e-01
4.121840298175811768e-01
4.342136085033416748e-01
3.399262428283691406e-01
3.224269151687622070e-01
3.889377415180206299e-01
3.610779047012329102e-01
3.443289101123809814e-01
3.611515164375305176e-01
3.278760015964508057e-01
4.052019715309143066e-01
2.929295897483825684e-01
3.559226393699645996e-01
3.319259583950042725e-01
3.698574602603912354e-01
4.196300208568572998e-01
4.417938590049743652e-01
3.836448192596435547e-01
3.370355069637298584e-01
4.309027194976806641e-01
3.183467090129852295e-01
3.401736617088317871e-01
3.191205263137817383e-01
3.665283024311065674e-01
3.724626004695892334e-01
4.334311783313751221e-01
3.447057902812957764e-01
3.713430762290954590e-01
3.721868693828582764e-01
4.186947345733642578e-01
3.331470489501953125e-01
3.882689177989959717e-01
4.107396006584167480e-01
3.704161047935485840e-01
3.289292156696319580e-01
4.393347501754760742e-01
3.865303099155426025e-01
3.988105952739715576e-01
4.352009296417236328e-01
3.080960810184478760e-01
3.175402283668518066e-01
4.233438670635223389e-01
2.844911515712738037e-01
3.011352121829986572e-01
3.271406292915344238e-01
3.018949031829833984e-01
3.686255216598510742e-01
3.541997075080871582e-01
3.361359536647796631e-01
4.314145743846893311e-01
3.447033166885375977e-01
3.448652625083923340e-01
3.097539246082305908e-01
4.333220124244689941e-01
3.937155306339263916e-01
3.818053305149078369e-01
3.596840798854827881e-01
3.871193826198577881e-01
3.815567791461944580e-01
4.231241643428802490e-01
3.289586901664733887e-01
3.030804693698883057e-01
4.035214483737945557e-01
3.011355400085449219e-01
3.467854261398315430e-01
3.846771717071533203e-01
3.582234382629394531e-01
3.109542131423950195e-01
3.479135334491729736e-01
3.910314738750457764e-01
4.115625917911529541e-01
3.198003768920898438e-01
2.964482009410858154e-01
3.297873139381408691e-01
2.946834862232208252e-01
3.777517378330230713e-01
3.057621419429779053e-01
3.821702301502227783e-01
2.900921404361724854e-01
3.479802906513214111e-01
2.935715317726135254e-01
3.473396599292755127e-01
4.167160689830780029e-01
3.693184256553649902e-01
4.040503799915313721e-01
3.284221291542053223e-01
4.367156624794006348e-01
4.168457984924316406e-01
4.121616482734680176e-01
3.498642444610595703e-01
3.923732042312622070e-01
3.265497386455535889e-01
2.974681556224822998e-01
3.422220945358276367e-01
3.990760445594787598e-01
3.926696777343750000e-01
3.467029333114624023e-01
3.878775238990783691e-01
3.604926168918609619e-01
3.269031643867492676e-01
3.758296072483062744e-01
4.012666642665863037e-01
3.080131709575653076e-01
4.109658002853393555e-01
2.930458486080169678e-01
3.496800661087036133e-01
4.188086688518524170e-01
4.140748679637908936e-01
3.754713237285614014e-01
3.039090335369110107e-01
4.096458554267883301e-01
3.601778149604797363e-01
4.110289812088012695e-01
3.422206640243530273e-01
3.850858211517333984e-01
3.621794283390045166e-01
3.482824862003326416e-01
2.923364937305450439e-01
3.094078302383422852e-01
3.321938216686248779e-01
3.923854827880859375e-01
4.338735044002532959e-01
4.371176958084106445e-01
3.470510840415954590e-01
2.966296374797821045e-01
3.734034299850463867e-01
3.636545240879058838e-01
3.451067507266998291e-01
3.341701328754425049e-01
4.116880893707275391e-01
3.698727190494537354e-01
3.795057535171508789e-01
3.844634592533111572e-01
3.348331153392791748e-01
3.958010673522949219e-01
3.776237964630126953e-01
3.121666908264160156e-01
3.194444179534912109e-01
3.362689614295959473e-01
3.674175441265106201e-01
4.042759835720062256e-01
3.706872463226318359e-01
3.901380896568298340e-01
3.354478180408477783e-01
3.578655719757080078e-01
3.095188438892364502e-01
3.475880622863769531e-01
3.831521272659301758e-01
4.289543032646179199e-01
3.850886225700378418e-01
3.961268961429595947e-01
3.786433637142181396e-01
3.841307461261749268e-01
3.442371785640716553e-01
3.825469911098480225e-01
3.611704707145690918e-01
3.068491220474243164e-01
3.310818076133728027e-01
4.221782684326171875e-01
3.973970711231231689e-01
4.257316291332244873e-01
3.056003749370574951e-01
2.921715080738067627e-01
3.300357460975646973e-01
3.566067218780517578e-01
2.909630239009857178e-01
3.374628722667694092e-01
3.212680220603942871e-01
3.002954423427581787e-01
3.819986581802368164e-01
3.600680828094482422e-01
3.781186938285827637e-01
3.198980987071990967e-01
4.064985811710357666e-01
4.184755682945251465e-01
4.213748276233673096e-01
4.060396850109100342e-01
4.098150730133056641e-01
4.265609681606292725e-01
3.413392305374145508e-01
2.868451774120330811e-01
4.165035188198089600e-01
3.821277618408203125e-01
3.287826478481292725e-01
3.661535978317260742e-01
3.827519416809082031e-01
4.011721312999725342e-01
3.572629094123840332e-01
3.678370714187622070e-01
4.262644946575164795e-01
3.602978289127349854e-01
4.036235213279724121e-01
3.574334383010864258e-01
3.514262735843658447e-01
4.225519001483917236e-01
3.506412506103515625e-01
3.722839951515197754e-01
3.745766580104827881e-01
3.681352138519287109e-01
3.699861168861389160e-01
4.146667122840881348e-01
3.789175152778625488e-01
3.618195354938507080e-01
3.804388046264648438e-01
3.601414263248443604e-01
3.259766697883605957e-01
3.663595914840698242e-01
4.026888608932495117e-01
4.176983535289764404e-01
4.118642210960388184e-01
3.263837099075317383e-01
3.031245768070220947e-01
3.975551128387451172e-01
4.098061919212341309e-01
3.318541944026947021e-01
3.410328328609466553e-01
3.980216085910797119e-01
3.544966280460357666e-01
3.694090247154235840e-01
4.142615497112274170e-01
4.032042324542999268e-01
4.233552813529968262e-01
3.862748742103576660e-01
4.253625273704528809e-01
3.409920632839202881e-01
3.797365427017211914e-01
4.114812016487121582e-01
3.103478848934173584e-01
3.107874691486358643e-01
3.751459121704101562e-01
3.814689815044403076e-01
4.224558174610137939e-01
3.871572613716125488e-01
3.661239445209503174e-01
3.591053187847137451e-01
3.546129465103149414e-01
3.228949904441833496e-01
3.146163225173950195e-01
4.279865324497222900e-01
3.584388792514801025e-01
2.879737019538879395e-01
3.219788968563079834e-01
3.870874047279357910e-01
3.746275007724761963e-01
3.730268478393554688e-01
4.149615466594696045e-01
3.542799651622772217e-01
2.723075151443481445e-01
4.130514264106750488e-01
3.711746633052825928e-01
3.255931437015533447e-01
3.539171814918518066e-01
3.313477039337158203e-01
2.857223153114318848e-01
3.273080885410308838e-01
3.002132475376129150e-01
3.283860683441162109e-01
3.393604457378387451e-01
3.536014258861541748e-01
3.675476312637329102e-01
3.645062446594238281e-01
3.888055980205535889e-01
3.498252928256988525e-01
4.238196313381195068e-01
3.341648578643798828e-01
3.561327457427978516e-01
3.353051543235778809e-01
3.754960894584655762e-01
3.738302886486053467e-01
4.129258990287780762e-01
4.196824133396148682e-01
4.158589541912078857e-01
3.526544868946075439e-01
3.302839994430541992e-01
3.327417969703674316e-01
3.579490780830383301e-01
4.273210465908050537e-01
3.387409448623657227e-01
4.307665824890136719e-01
3.077043592929840088e-01
3.590303659439086914e-01
2.901247441768646240e-01
3.184336125850677490e-01
4.272130429744720459e-01
3.683035969734191895e-01
3.266830742359161377e-01
3.235792517662048340e-01
3.433330953121185303e-01
3.722267448902130127e-01
2.963265478610992432e-01
3.044379055500030518e-01
3.408349752426147461e-01
3.878863453865051270e-01
4.166396260261535645e-01
3.402697741985321045e-01
3.995154201984405518e-01
4.063281118869781494e-01
3.572008609771728516e-01
3.827164769172668457e-01
4.097416698932647705e-01
3.050160408020019531e-01
4.128075838088989258e-01
4.191974103450775146e-01
3.527511954307556152e-01
3.013838827610015869e-01
2.999923527240753174e-01
4.237379133701324463e-01
3.669536411762237549e-01
3.457824885845184326e-01
3.971931040287017822e-01
3.836527764797210693e-01
3.468863070011138916e-01
3.756627738475799561e-01
3.828089833259582520e-01
2.918679714202880859e-01
3.739050626754760742e-01
3.874709606170654297e-01
3.278173804283142090e-01
4.125282168388366699e-01
4.004458785057067871e-01
3.562532365322113037e-01
3.178411424160003662e-01
3.552844822406768799e-01
3.810096383094787598e-01
3.730511963367462158e-01
4.086903035640716553e-01
3.395395576953887939e-01
3.751161098480224609e-01
3.717629611492156982e-01
3.038381934165954590e-01
4.181416928768157959e-01
3.473215699195861816e-01
3.930914998054504395e-01
3.839794397354125977e-01
3.343774378299713135e-01
3.654610514640808105e-01
4.193282127380371094e-01
3.192290663719177246e-01
2.959716320037841797e-01
3.957672119140625000e-01
3.496027290821075439e-01
4.068472683429718018e-01
2.936655282974243164e-01
3.315751850605010986e-01
3.920708894729614258e-01
3.125236928462982178e-01
4.004788696765899658e-01
3.806721568107604980e-01
4.114643335342407227e-01
3.717244863510131836e-01
3.605017364025115967e-01
3.361748158931732178e-01
3.341221511363983154e-01
4.164998829364776611e-01
3.714322745800018311e-01
3.328199088573455811e-01
3.820801377296447754e-01
3.316833078861236572e-01
3.011523187160491943e-01
3.662224709987640381e-01
4.005595147609710693e-01
3.164909482002258301e-01
4.326811134815216064e-01
3.459227085113525391e-01
4.277294874191284180e-01
4.315997362136840820e-01
3.519186377525329590e-01
3.454524576663970947e-01
3.366820514202117920e-01
3.800409138202667236e-01
3.392800092697143555e-01
3.382283747196197510e-01
3.153952062129974365e-01
4.110192060470581055e-01
3.707562386989593506e-01
3.357598483562469482e-01
3.482603430747985840e-01
4.138775765895843506e-01
3.300054371356964111e-01
4.119578599929809570e-01
3.667191565036773682e-01
3.551409542560577393e-01
3.392376005649566650e-01
3.597418963909149170e-01
3.703800439834594727e-01
4.093473553657531738e-01
4.022799134254455566e-01
3.847145438194274902e-01
3.011822998523712158e-01
3.961797952651977539e-01
4.245460927486419678e-01
2.996470332145690918e-01
3.255598545074462891e-01
3.408083617687225342e-01
3.028306663036346436e-01
4.163404107093811035e-01
3.163039088249206543e-01
3.333593904972076416e-01
3.969134986400604248e-01
4.206104874610900879e-01
4.040284454822540283e-01
2.807731628417968750e-01
3.918452262878417969e-01
3.240180313587188721e-01
4.319923520088195801e-01
3.393466472625732422e-01
4.267543554306030273e-01
4.108403623104095459e-01
3.252200782299041748e-01
3.920027911663055420e-01
4.274613857269287109e-01
3.547904491424560547e-01
3.864113688468933105e-01
3.114968836307525635e-01
4.297519028186798096e-01
3.229380548000335693e-01
3.276224136352539062e-01
3.354759514331817627e-01
3.995494246482849121e-01
3.132638931274414062e-01
3.326816558837890625e-01
4.343874454498291016e-01
3.115268945693969727e-01
4.303698837757110596e-01
3.645616173744201660e-01
3.687812685966491699e-01
3.647842109203338623e-01
3.582328259944915771e-01
4.114511609077453613e-01
3.067297935485839844e-01
3.660385608673095703e-01
4.125056564807891846e-01
3.516024947166442871e-01
4.130462110042572021e-01
4.053565561771392822e-01
3.937985002994537354e-01
3.178106844425201416e-01
4.184009134769439697e-01
4.207973778247833252e-01
3.599792122840881348e-01
3.490161299705505371e-01
3.771203458309173584e-01
3.093743026256561279e-01
3.479679226875305176e-01
3.178647458553314209e-01
2.952323853969573975e-01
3.936509191989898682e-01
3.998319506645202637e-01
3.673036694526672363e-01
3.671388626098632812e-01
3.220466971397399902e-01
3.353033959865570068e-01
3.447420895099639893e-01
3.660652339458465576e-01
3.549883365631103516e-01
3.204788565635681152e-01
3.922546207904815674e-01
4.455410838127136230e-01
3.996827304363250732e-01
4.370493292808532715e-01
4.237125813961029053e-01
2.997539043426513672e-01
4.354532659053802490e-01
3.908585309982299805e-01
3.741253912448883057e-01
3.446295559406280518e-01
3.067783117294311523e-01
3.686651885509490967e-01
3.453793823719024658e-01
3.791792690753936768e-01
3.951982855796813965e-01
3.117906153202056885e-01
3.289583921432495117e-01
3.465636968612670898e-01
3.665948212146759033e-01
4.015031158924102783e-01
3.953449726104736328e-01
4.024415314197540283e-01
2.748896479606628418e-01
3.569154739379882812e-01
3.706697225570678711e-01
4.244738221168518066e-01
3.626690804958343506e-01
3.564115166664123535e-01
3.834468126296997070e-01
3.342148363590240479e-01
4.220992922782897949e-01
3.025043904781341553e-01
4.150882959365844727e-01
3.184033632278442383e-01
4.190988540649414062e-01
3.112232983112335205e-01
4.344874620437622070e-01
3.854192495346069336e-01
4.255951941013336182e-01
3.275711536407470703e-01
4.139429330825805664e-01
3.676702380180358887e-01
3.565807938575744629e-01
3.560556769371032715e-01
2.835789620876312256e-01
3.251814246177673340e-01
4.010021388530731201e-01
4.177470803260803223e-01
3.632583320140838623e-01
4.022174179553985596e-01
3.831056654453277588e-01
3.943101465702056885e-01
4.002100229263305664e-01
4.331139624118804932e-01
3.662292957305908203e-01
3.645819425582885742e-01
4.183377921581268311e-01
3.538733422756195068e-01
4.227294027805328369e-01
3.097609281539916992e-01
3.092673122882843018e-01
3.966691195964813232e-01
3.736858069896697998e-01
3.226654827594757080e-01
3.372439742088317871e-01
4.229309558868408203e-01
3.134473860263824463e-01
3.850225210189819336e-01
3.948809802532196045e-01
3.338417410850524902e-01
4.008162617683410645e-01
2.704258263111114502e-01
3.925545215606689453e-01
3.987497091293334961e-01
3.451988399028778076e-01
3.227449655532836914e-01
3.534375727176666260e-01
3.813236057758331299e-01
3.432621657848358154e-01
4.064139127731323242e-01
3.337604999542236328e-01
3.480482399463653564e-01
2.993798255920410156e-01
4.115545749664306641e-01
3.454273045063018799e-01
3.543558716773986816e-01
2.743692696094512939e-01
3.403540253639221191e-01
4.386585354804992676e-01
4.220055639743804932e-01
3.606632649898529053e-01
3.047213256359100342e-01
3.261171877384185791e-01
3.052013218402862549e-01
3.789452612400054932e-01
2.904569804668426514e-01
4.267221093177795410e-01
3.374259471893310547e-01
2.888841629028320312e-01
3.907862901687622070e-01
3.391628265380859375e-01
3.923892676830291748e-01
3.055627048015594482e-01
3.359280824661254883e-01
4.393037259578704834e-01
3.724783360958099365e-01
3.603931367397308350e-01
3.885438740253448486e-01
3.444226682186126709e-01
3.658463060855865479e-01
3.096570968627929688e-01
3.811048567295074463e-01
3.294650316238403320e-01
4.247347414493560791e-01
2.934812307357788086e-01
3.735097944736480713e-01
3.288708031177520752e-01
3.239630758762359619e-01
2.999133169651031494e-01
3.524251580238342285e-01
3.291849792003631592e-01
3.999154865741729736e-01
4.165981113910675049e-01
3.871317505836486816e-01
3.907006978988647461e-01
2.286738902330398560e-01
3.035666048526763916e-01
4.066020846366882324e-01
3.637904524803161621e-01
3.649424314498901367e-01
4.085465967655181885e-01
3.974329531192779541e-01
3.021175861358642578e-01
3.432416021823883057e-01
4.120573401451110840e-01
3.767240643501281738e-01
3.447975516319274902e-01
3.426589071750640869e-01
3.430198729038238525e-01
3.779592812061309814e-01
3.342320322990417480e-01
3.648160994052886963e-01
3.773807287216186523e-01
3.730938136577606201e-01
3.874455094337463379e-01
3.205551207065582275e-01
3.562276959419250488e-01
4.267898499965667725e-01
3.932422399520874023e-01
2.816083729267120361e-01
3.879064321517944336e-01
3.718611001968383789e-01
4.338297545909881592e-01
4.030030965805053711e-01
3.984611332416534424e-01
4.279484152793884277e-01
4.096213281154632568e-01
2.837686240673065186e-01
3.740302622318267822e-01
3.495480418205261230e-01
4.017475843429565430e-01
2.337857931852340698e-01
3.689106106758117676e-01
3.629377782344818115e-01
3.185141980648040771e-01
3.702033758163452148e-01
3.732581138610839844e-01
3.694353699684143066e-01
3.878678977489471436e-01
3.980295360088348389e-01
3.847183585166931152e-01
2.997607290744781494e-01
3.811933994293212891e-01
3.018357157707214355e-01
3.271708190441131592e-01
4.369433224201202393e-01
4.291540086269378662e-01
4.209075868129730225e-01
3.710378408432006836e-01
4.089439213275909424e-01
3.673091232776641846e-01
3.788991272449493408e-01
3.061229586601257324e-01
4.316141605377197266e-01
3.481748104095458984e-01
3.208960294723510742e-01
3.321410715579986572e-01
3.879667222499847412e-01
3.551079034805297852e-01
3.199671804904937744e-01
3.622105717658996582e-01
3.573067784309387207e-01
3.306157588958740234e-01
3.169462382793426514e-01
4.057750701904296875e-01
4.324594140052795410e-01
3.580588400363922119e-01
4.196580350399017334e-01
3.611409366130828857e-01
3.542853295803070068e-01
3.516699671745300293e-01
3.853473961353302002e-01
4.029828011989593506e-01
3.438891470432281494e-01
3.731713294982910156e-01
3.176049292087554932e-01
3.131657242774963379e-01
4.329055845737457275e-01
3.145030140876770020e-01
3.900346457958221436e-01
3.476748466491699219e-01
3.890923857688903809e-01
3.678791522979736328e-01
4.084659516811370850e-01
4.140161275863647461e-01
4.189368784427642822e-01
3.271352946758270264e-01
3.607552647590637207e-01
3.648031353950500488e-01
3.490527868270874023e-01
3.972585797309875488e-01
4.402347207069396973e-01
4.196794331073760986e-01
3.763596713542938232e-01
3.155478537082672119e-01
3.666890263557434082e-01
3.378939926624298096e-01
2.938982844352722168e-01
3.088839054107666016e-01
3.175038099288940430e-01
4.082305133342742920e-01
3.436842262744903564e-01
3.088957369327545166e-01
3.591186702251434326e-01
3.978336155414581299e-01
3.081245720386505127e-01
3.393419384956359863e-01
3.832167088985443115e-01
3.823709487915039062e-01
4.091245532035827637e-01
3.416787087917327881e-01
3.712690174579620361e-01
3.187131583690643311e-01
4.247963726520538330e-01
2.909130156040191650e-01
3.178453445434570312e-01
3.667630553245544434e-01
3.455420434474945068e-01
3.334027528762817383e-01
4.266257882118225098e-01
3.500660657882690430e-01
3.085373044013977051e-01
4.123513996601104736e-01
4.272962510585784912e-01
4.284642040729522705e-01
3.267054259777069092e-01
3.105573654174804688e-01
3.464420735836029053e-01
3.164585530757904053e-01
3.046495616436004639e-01
3.444614410400390625e-01
3.093982636928558350e-01
3.893495500087738037e-01
4.383415877819061279e-01
2.987643480300903320e-01
3.228708207607269287e-01
3.981629908084869385e-01
4.367725253105163574e-01
3.667715787887573242e-01
4.078649878501892090e-01
4.022963643074035645e-01
2.924123108386993408e-01
2.904120385646820068e-01
4.010270535945892334e-01
3.973695933818817139e-01
4.126696586608886719e-01
3.730616271495819092e-01
3.927148878574371338e-01
3.116486668586730957e-01
3.231718540191650391e-01
4.086061120033264160e-01
3.064459562301635742e-01
3.932469189167022705e-01
2.811867296695709229e-01
3.220418393611907959e-01
3.819538652896881104e-01
3.879753649234771729e-01
3.081034421920776367e-01
3.731311559677124023e-01
3.656506836414337158e-01
3.031020760536193848e-01
3.053888678550720215e-01
3.643848896026611328e-01
3.694666326045989990e-01
3.479591906070709229e-01
3.442316651344299316e-01
3.581262826919555664e-01
3.669105470180511475e-01
2.991738319396972656e-01
3.955074250698089600e-01
3.549549877643585205e-01
3.481072783470153809e-01
3.256545066833496094e-01
3.288610577583312988e-01
3.753282725811004639e-01
4.286721348762512207e-01
4.199187457561492920e-01
3.547629415988922119e-01
3.152333498001098633e-01
3.143280446529388428e-01
3.716776669025421143e-01
3.895857334136962891e-01
4.311385452747344971e-01
3.482842743396759033e-01
3.363892436027526855e-01
3.184444308280944824e-01
3.837379813194274902e-01
3.794934749603271484e-01
3.500028550624847412e-01
2.852319777011871338e-01
3.889962732791900635e-01
4.011896252632141113e-01
3.713179528713226318e-01
3.630400598049163818e-01
3.512132763862609863e-01
3.849072754383087158e-01
3.520289957523345947e-01
2.937943339347839355e-01
4.160041213035583496e-01
