2.929306030273437500e-01 -1.557631939649581909e-01 -1.317998915910720825e-01
1.924951672554016113e-01 -2.739554643630981445e-01 -2.185301631689071655e-01
2.532401978969573975e-01 -2.089761495590209961e-01 -2.020896971225738525e-01
1.829556673765182495e-01 -2.676931023597717285e-01 -2.179552912712097168e-01
2.013980448246002197e-01 -2.630281746387481689e-01 -2.274564355611801147e-01
2.445036917924880981e-01 -2.358739376068115234e-01 -2.126759737730026245e-01
2.962379753589630127e-01 -6.966696679592132568e-02 1.153429877012968063e-02
2.984409034252166748e-01 -2.098076045513153076e-01 -1.828577220439910889e-01
2.488248646259307861e-01 -2.181273698806762695e-01 -2.085888236761093140e-01
3.293312788009643555e-01 -9.370376914739608765e-02 -1.732686460018157959e-01
2.127130031585693359e-01 -2.638980448246002197e-01 -2.404831647872924805e-01
2.646121978759765625e-01 -2.181682139635086060e-01 -1.937353014945983887e-01
5.974417179822921753e-02 -2.674302756786346436e-01 -2.491190582513809204e-01
2.466626763343811035e-01 -2.314028888940811157e-01 -2.106314301490783691e-01
2.581412494182586670e-01 -2.050397843122482300e-01 -1.840492337942123413e-01
3.374683856964111328e-01 -1.426599621772766113e-01 -6.797310709953308105e-02
1.896311342716217041e-01 -2.696819007396697998e-01 -2.306103110313415527e-01
2.560396790504455566e-01 -2.327949106693267822e-01 -2.059130072593688965e-01
2.192562520503997803e-01 -2.655825018882751465e-01 -2.271499633789062500e-01
2.639856636524200439e-01 -1.855231374502182007e-01 -1.756410747766494751e-01
2.890580594539642334e-01 -2.067395746707916260e-01 -1.729351282119750977e-01
2.303479164838790894e-01 -2.407594174146652222e-01 -2.105066478252410889e-01
1.706541031599044800e-01 -2.967431247234344482e-01 -2.454510331153869629e-01
3.094320893287658691e-01 -1.159823760390281677e-01 -1.577630639076232910e-01
1.198704987764358521e-01 -2.715409398078918457e-01 -2.337202280759811401e-01
1.097655817866325378e-01 -2.464574128389358521e-01 -2.084954380989074707e-01
2.776522040367126465e-01 -1.844266057014465332e-01 -1.948297917842864990e-01
2.587955296039581299e-01 -2.048388272523880005e-01 -2.035894244909286499e-01
2.671953439712524414e-01 -2.011364698410034180e-01 -1.990127861499786377e-01
1.479984819889068604e-01 -2.790417671203613281e-01 -2.300497293472290039e-01
2.412200123071670532e-01 -2.328794747591018677e-01 -2.242075502872467041e-01
1.640976071357727051e-01 -2.744439840316772461e-01 -2.316580116748809814e-01
1.643201261758804321e-01 -2.933782041072845459e-01 -2.275962382555007935e-01
3.008098602294921875e-01 -1.667245775461196899e-01 -1.630327701568603516e-01
2.385746836662292480e-01 -2.317696660757064819e-01 -2.137479037046432495e-01
5.800099298357963562e-02 -2.405087053775787354e-01 -2.283390611410140991e-01
2.274725139141082764e-01 -2.299360036849975586e-01 -2.012804001569747925e-01
2.183641344308853149e-01 -2.527652978897094727e-01 -2.354354113340377808e-01
1.819526255130767822e-01 -2.702000439167022705e-01 -2.157796323299407959e-01
2.303427606821060181e-01 -2.421091198921203613e-01 -2.177290171384811401e-01
3.055501878261566162e-01 -1.672166734933853149e-01 -1.908504366874694824e-01
2.131177634000778198e-01 -2.642444372177124023e-01 -2.317739427089691162e-01
2.186190634965896606e-01 -2.441164851188659668e-01 -2.117323875427246094e-01
1.819968074560165405e-01 -2.839518785476684570e-01 -2.251702100038528442e-01
3.483030498027801514e-01 -1.963183730840682983e-01 2.747189253568649292e-02
4.357228428125381470e-02 -2.881732285022735596e-01 -2.770888619124889374e-02
2.162756621837615967e-01 -2.476365864276885986e-01 -2.214389294385910034e-01
2.216968238353729248e-01 -2.532756626605987549e-01 -2.179105132818222046e-01
1.825509369373321533e-01 -2.915645539760589600e-01 -2.354499548673629761e-01
1.584923118352890015e-01 -2.595220208168029785e-01 -2.289363294839859009e-01
2.549983859062194824e-01 -2.344361692667007446e-01 -2.059444040060043335e-01
2.694461941719055176e-01 -1.619841009378433228e-01 -1.805140972137451172e-01
9.554231166839599609e-02 -2.474594116210937500e-01 -2.260901480913162231e-01
6.397202610969543457e-01 -4.899124801158905029e-01 5.484188348054885864e-02
2.184839397668838501e-01 -2.444198280572891235e-01 -2.206974327564239502e-01
9.616281837224960327e-02 -2.906537652015686035e-01 -2.204276919364929199e-01
2.419266998767852783e-01 -2.160087227821350098e-01 -2.013175487518310547e-01
2.769618332386016846e-01 -1.571489274501800537e-01 -1.658247709274291992e-01
3.294641971588134766e-01 -1.513787508010864258e-01 -1.299409121274948120e-01
2.474207431077957153e-01 -2.174635529518127441e-01 -2.081602364778518677e-01
1.715958863496780396e-02 -2.175786644220352173e-01 -4.147633314132690430e-01
2.216170430183410645e-01 -2.510126531124114990e-01 -2.255884855985641479e-01
2.426092475652694702e-01 -2.508370876312255859e-01 -2.213022708892822266e-01
1.567305922508239746e-01 -3.383792340755462646e-01 -1.821882277727127075e-01
3.612438142299652100e-01 -1.448158472776412964e-01 -2.690815627574920654e-01
1.496388465166091919e-01 -3.252855539321899414e-01 -2.873797118663787842e-01
1.796847432851791382e-01 -2.863576710224151611e-01 -2.347029745578765869e-01
4.371269643306732178e-01 -2.620424330234527588e-01 -2.783157527446746826e-01
1.797346621751785278e-01 -2.612232863903045654e-01 -2.266931831836700439e-01
1.540804505348205566e-01 -2.830946743488311768e-01 -2.218379825353622437e-01
2.514290511608123779e-01 -2.275917530059814453e-01 -2.035373002290725708e-01
4.699304103851318359e-01 -7.250931859016418457e-02 -6.338423490524291992e-02
3.786131441593170166e-01 -2.317608743906021118e-01 -8.048449456691741943e-02
2.573184370994567871e-01 -1.991820186376571655e-01 -1.785281151533126831e-01
3.134585022926330566e-01 -1.402564197778701782e-01 -4.522068798542022705e-02
1.993938833475112915e-01 -2.792598903179168701e-01 -2.255622893571853638e-01
1.605565659701824188e-02 -2.206472009420394897e-01 -3.144535720348358154e-01
2.642118334770202637e-01 -2.225422561168670654e-01 -1.926955282688140869e-01
2.719939947128295898e-01 -2.052121162414550781e-01 -1.928134560585021973e-01
2.262782752513885498e-01 -2.428477406501770020e-01 -2.174375355243682861e-01
2.700181007385253906e-01 -2.015762478113174438e-01 -1.820494234561920166e-01
2.675827443599700928e-01 -2.173035144805908203e-01 -1.937992125749588013e-01
2.518856823444366455e-01 -2.991095930337905884e-02 -2.221228331327438354e-01
2.595983445644378662e-01 -2.023367434740066528e-01 -1.917842626571655273e-01
-4.221498675178736448e-04 -2.546398937702178955e-01 -2.602210082113742828e-02
1.773908436298370361e-01 -2.868402302265167236e-01 -2.132387459278106689e-01
4.490593448281288147e-02 -2.376398146152496338e-01 -1.027649343013763428e-01
2.019281387329101562e-01 -2.799568772315979004e-01 -2.309610843658447266e-01
2.088087499141693115e-01 -2.650234401226043701e-01 -2.372073680162429810e-01
3.299729526042938232e-01 -2.168176174163818359e-01 -1.547023802995681763e-01
1.317446976900100708e-01 -2.951704263687133789e-01 -1.884513497352600098e-01
2.597288489341735840e-01 -1.643826961517333984e-01 -1.908616125583648682e-01
2.584187984466552734e-01 -1.967769712209701538e-01 -2.028108388185501099e-01
2.014268636703491211e-01 -2.586416602134704590e-01 -2.244800180196762085e-01
2.593819797039031982e-01 -2.105032652616500854e-01 -2.036636620759963989e-01
2.377609908580780029e-01 -2.476895153522491455e-01 -2.279189079999923706e-01
2.647853791713714600e-01 -1.624437570571899414e-01 -1.700629889965057373e-01
3.386988639831542969e-01 -1.708113551139831543e-01 -8.255539834499359131e-02
-6.045670248568058014e-03 -2.741052210330963135e-01 8.493302762508392334e-02
1.786387264728546143e-01 -2.665634155273437500e-01 -2.376898229122161865e-01
3.094602525234222412e-01 -1.310183107852935791e-01 -2.024894952774047852e-01
3.097339570522308350e-01 -1.994971483945846558e-01 -1.768155694007873535e-01
4.099688231945037842e-01 -2.108644098043441772e-01 -7.981667295098304749e-03
3.170419931411743164e-01 -1.765441149473190308e-01 -1.218677386641502380e-01
1.088076755404472351e-01 -3.183047771453857422e-01 -1.728717982769012451e-01
2.619626522064208984e-01 -2.133322805166244507e-01 -1.944021880626678467e-01
1.730074137449264526e-01 -3.147352933883666992e-01 -1.966947466135025024e-01
2.764208316802978516e-01 -2.267014086246490479e-01 -2.018470317125320435e-01
2.457749098539352417e-01 -2.380981296300888062e-01 -2.127364575862884521e-01
2.972850799560546875e-01 -1.646391451358795166e-01 -2.016068547964096069e-01
2.607994675636291504e-01 -2.136960178613662720e-01 -1.777133047580718994e-01
1.546857357025146484e-01 -4.127807021141052246e-01 -2.040213644504547119e-01
4.296747595071792603e-02 -1.909787654876708984e-01 -1.580698937177658081e-01
2.889852225780487061e-01 -1.784414201974868774e-01 -1.704282164573669434e-01
2.096203863620758057e-01 -2.668415904045104980e-01 -2.161176502704620361e-01
8.870489150285720825e-02 -2.642683386802673340e-01 -1.799040436744689941e-01
2.800615727901458740e-01 -2.127473801374435425e-01 -1.836723983287811279e-01
1.994023025035858154e-01 -2.681982517242431641e-01 -2.126455605030059814e-01
1.390741914510726929e-01 -3.443053662776947021e-01 -2.728178501129150391e-01
7.898791879415512085e-02 -3.303799927234649658e-01 -2.092606574296951294e-01
9.093497693538665771e-02 -3.080651164054870605e-01 -6.767209619283676147e-02
3.364250361919403076e-01 -2.158702909946441650e-01 -1.667045503854751587e-01
2.929737865924835205e-01 8.320702239871025085e-03 -6.159764528274536133e-02
2.865544259548187256e-01 -1.780224591493606567e-01 -1.775231063365936279e-01
2.450153082609176636e-01 -2.290754169225692749e-01 -2.112930566072463989e-01
1.989330947399139404e-01 -2.530945539474487305e-01 -2.303055524826049805e-01
1.297171115875244141e-01 -3.139394521713256836e-01 -2.152732461690902710e-01
2.155816256999969482e-01 -2.554722428321838379e-01 -2.290995866060256958e-01
2.036785036325454712e-01 -2.650291025638580322e-01 -2.259180545806884766e-01
2.573085427284240723e-01 -2.164394259452819824e-01 -1.931409090757369995e-01
1.319985240697860718e-01 -2.819930315017700195e-01 -2.468427419662475586e-01
1.068799197673797607e-01 -2.671380043029785156e-01 -1.770523488521575928e-01
9.960450232028961182e-02 -3.207074105739593506e-01 -9.561089426279067993e-02
3.140397965908050537e-01 -1.824401617050170898e-01 -1.568791866302490234e-01
1.843707561492919922e-01 -2.895596027374267578e-01 -2.324488908052444458e-01
2.542026340961456299e-01 -2.083964645862579346e-01 -1.972929835319519043e-01
2.997334599494934082e-01 -1.280162036418914795e-01 -1.534947603940963745e-01
3.117914199829101562e-01 -1.470259726047515869e-01 -1.297061592340469360e-01
2.860245108604431152e-01 -1.687385737895965576e-01 -1.864396184682846069e-01
3.344855904579162598e-01 -1.946684420108795166e-01 -1.143350452184677124e-01
3.691873550415039062e-01 -1.413145214319229126e-01 -2.370113283395767212e-01
1.823771744966506958e-01 -2.711435258388519287e-01 -2.314818650484085083e-01
1.460836678743362427e-01 -2.967856526374816895e-01 -2.102143019437789917e-01
2.699161767959594727e-01 -1.931699812412261963e-01 -1.736416667699813843e-01
2.306544929742813110e-01 -2.506180405616760254e-01 -2.218779772520065308e-01
1.875956356525421143e-01 -2.588636577129364014e-01 -2.315371036529541016e-01
2.314631044864654541e-01 -2.514649331569671631e-01 -2.170256823301315308e-01
1.484602987766265869e-01 -2.694171071052551270e-01 -2.544138133525848389e-01
3.312637507915496826e-01 -2.123060971498489380e-01 -1.827310323715209961e-01
-5.460492148995399475e-02 -1.285360604524612427e-01 -2.061569690704345703e-01
2.200802266597747803e-01 -2.578411400318145752e-01 -2.190226018428802490e-01
1.736940592527389526e-01 -2.903531193733215332e-01 -2.529809474945068359e-01
2.425663471221923828e-01 -2.326939404010772705e-01 -2.060071080923080444e-01
2.840407490730285645e-01 -8.257748186588287354e-02 -1.429907828569412231e-01
2.864466607570648193e-01 2.867898531258106232e-02 -2.711457014083862305e-01
2.671589851379394531e-01 -2.086838930845260620e-01 -1.999776363372802734e-01
1.797118186950683594e-01 -2.807677090167999268e-01 -2.247417122125625610e-01
3.589976131916046143e-01 -1.602611988782882690e-01 -3.431261703372001648e-02
1.676685512065887451e-01 -3.400033414363861084e-01 -2.558116912841796875e-01
1.770943701267242432e-01 -2.649880647659301758e-01 -2.097309082746505737e-01
1.449036002159118652e-01 -3.125067353248596191e-01 -1.950671076774597168e-01
2.335782498121261597e-01 -2.330267429351806641e-01 -2.074611485004425049e-01
2.431425303220748901e-01 -2.227261215448379517e-01 -1.950035542249679565e-01
3.334595263004302979e-01 -1.272638291120529175e-01 9.895852208137512207e-02
1.931509971618652344e-01 -2.667363286018371582e-01 -2.230892479419708252e-01
2.395025789737701416e-01 -2.202149182558059692e-01 -2.040874809026718140e-01
2.513584792613983154e-01 -2.342583239078521729e-01 -2.147794365882873535e-01
3.670439422130584717e-01 -1.928089261054992676e-01 -3.408000171184539795e-01
1.557978093624114990e-01 -2.608059942722320557e-01 -2.320636212825775146e-01
2.790494561195373535e-01 -2.096837162971496582e-01 -1.751678586006164551e-01
2.785651087760925293e-01 -1.132557541131973267e-01 -1.459829211235046387e-01
2.417069077491760254e-01 -2.277777791023254395e-01 -2.048469036817550659e-01
1.428658068180084229e-01 -2.651062607765197754e-01 -2.049400955438613892e-01
3.148041665554046631e-01 -1.879753195680677891e-03 -4.859350919723510742e-01
2.706259191036224365e-01 -2.003094106912612915e-01 -2.015043199062347412e-01
2.838472425937652588e-01 -1.722690463066101074e-01 -1.528747081756591797e-01
4.178777635097503662e-01 -1.988396495580673218e-01 -3.454849720001220703e-01
7.069649547338485718e-02 -2.424369752407073975e-01 -2.394615411758422852e-01
1.147497445344924927e-01 -2.670583426952362061e-01 -2.367052435874938965e-01
3.058229982852935791e-01 -1.168626993894577026e-01 5.833291448652744293e-03
1.023260802030563354e-01 -4.269655346870422363e-01 1.771646179258823395e-02
3.569352626800537109e-02 -2.226682454347610474e-01 -2.206702381372451782e-01
1.520978510379791260e-01 -2.843405902385711670e-01 -2.144492268562316895e-01
1.344522237777709961e-01 -3.548470139503479004e-01 -3.003594875335693359e-01
2.445629984140396118e-01 -2.399013191461563110e-01 -2.046052664518356323e-01
2.158689051866531372e-01 -2.593035101890563965e-01 -2.178640514612197876e-01
1.799329370260238647e-01 -2.844309210777282715e-01 -2.326316237449645996e-01
3.015229105949401855e-01 -4.404392465949058533e-02 -2.663901746273040771e-01
1.963625997304916382e-01 -2.703036069869995117e-01 -2.370458394289016724e-01
1.874594688415527344e-01 -2.582424879074096680e-01 -2.170344889163970947e-01
1.255940347909927368e-01 -3.210313916206359863e-01 -2.131102085113525391e-01
2.794479727745056152e-01 -2.210312522947788239e-02 -4.030165448784828186e-02
2.767836153507232666e-01 -1.831355839967727661e-01 -1.571725308895111084e-01
2.637426853179931641e-01 -2.119795829057693481e-01 -1.952061355113983154e-01
2.243022918701171875e-01 -2.475093305110931396e-01 -2.193559259176254272e-01
2.698692679405212402e-01 -1.975167691707611084e-01 -1.946225762367248535e-01
2.625423669815063477e-01 -2.107660770416259766e-01 -2.015124559402465820e-01
3.121861815452575684e-01 -1.162067353725433350e-01 -8.642678707838058472e-02
1.795020103454589844e-01 -3.116382658481597900e-01 -2.567293643951416016e-01
5.427879840135574341e-02 -2.634003460407257080e-01 -7.025554776191711426e-02
2.961891293525695801e-01 -1.702035665512084961e-01 -1.575377434492111206e-01
8.309024572372436523e-02 -3.009846210479736328e-01 -1.842345446348190308e-01
2.007756829261779785e-01 -2.695803046226501465e-01 -2.168939113616943359e-01
2.610303461551666260e-01 -1.951715797185897827e-01 -1.956928819417953491e-01
2.243921160697937012e-01 -2.536627054214477539e-01 -2.198909372091293335e-01
1.232010647654533386e-01 -3.084824383258819580e-01 -2.350724935531616211e-01
1.945890784263610840e-01 -2.540544867515563965e-01 -2.265509217977523804e-01
2.844845056533813477e-01 -2.035540640354156494e-01 -1.832830458879470825e-01
3.361884653568267822e-01 -1.989859342575073242e-01 -1.282850652933120728e-01
1.464365124702453613e-01 -3.109516501426696777e-01 -1.993766874074935913e-01
1.001854240894317627e-02 -2.083116769790649414e-01 -1.904085129499435425e-01
1.419427096843719482e-01 -2.559124529361724854e-01 -2.268101871013641357e-01
8.773482590913772583e-02 -3.037720024585723877e-01 -3.990896046161651611e-01
2.517245411872863770e-01 -2.121575921773910522e-01 -1.906407624483108521e-01
1.690886020660400391e-01 -4.064848124980926514e-01 -1.865219175815582275e-01
2.618137598037719727e-01 -2.091341316699981689e-01 -1.766610443592071533e-01
2.597257308661937714e-02 -2.164809405803680420e-01 -4.971989989280700684e-01
2.053479403257369995e-01 -2.716664671897888184e-01 -2.122675478458404541e-01
1.311202645301818848e-01 -3.790990114212036133e-01 -3.556841015815734863e-01
2.031095027923583984e-01 -2.693672776222229004e-01 -2.251657247543334961e-01
2.827019989490509033e-01 -8.104473352432250977e-02 -2.407222986221313477e-01
2.412939071655273438e-01 -2.304470539093017578e-01 -2.140193879604339600e-01
2.903085052967071533e-01 -1.594751030206680298e-01 -1.501904726028442383e-01
1.523946970701217651e-01 -2.804375588893890381e-01 -2.076878100633621216e-01
4.145833551883697510e-01 -2.092193067073822021e-01 -1.446630209684371948e-01
3.275072574615478516e-01 -1.667080968618392944e-01 -8.885771036148071289e-02
3.143171370029449463e-01 -1.555704325437545776e-01 -2.039659470319747925e-01
2.120466232299804688e-01 -2.707469463348388672e-01 -2.314974516630172729e-01
2.729873061180114746e-01 -1.826076209545135498e-01 -1.727770566940307617e-01
1.516370624303817749e-01 -2.802316248416900635e-01 -2.573217153549194336e-01
7.377563416957855225e-02 -3.095494210720062256e-01 -1.141336932778358459e-01
1.859324723482131958e-01 -2.693323791027069092e-01 -2.041127830743789673e-01
2.772582173347473145e-01 -1.633565127849578857e-01 -1.343402266502380371e-01
2.861370146274566650e-01 -1.998865604400634766e-01 -1.843386143445968628e-01
2.028463631868362427e-01 -2.716051042079925537e-01 -2.331816852092742920e-01
2.758902013301849365e-01 -2.049431800842285156e-01 -1.835315674543380737e-01
2.215431034564971924e-01 -2.383761107921600342e-01 -2.292757481336593628e-01
1.645560413599014282e-01 -3.038710951805114746e-01 -2.210702151060104370e-01
2.536102831363677979e-01 -2.200170457363128662e-01 -2.161196768283843994e-01
3.240920901298522949e-01 -2.231186181306838989e-01 -1.477827280759811401e-01
1.042129918932914734e-01 -2.713475525379180908e-01 -3.859771788120269775e-01
3.104093670845031738e-01 -1.621740013360977173e-01 -1.347074806690216064e-01
1.155560091137886047e-01 -3.828651010990142822e-01 -1.682058423757553101e-01
2.051097154617309570e-01 -2.618647813796997070e-01 -2.288374304771423340e-01
3.154032230377197266e-01 -1.489094197750091553e-01 -2.459667623043060303e-02
2.961350977420806885e-01 -1.336819529533386230e-01 -6.269994378089904785e-02
2.495443373918533325e-01 -2.173132002353668213e-01 -2.059761583805084229e-01
7.888679206371307373e-02 -2.781581282615661621e-01 -2.156141549348831177e-01
3.092786669731140137e-01 -1.569675505161285400e-01 -2.129695117473602295e-01
2.283387035131454468e-01 -2.509277760982513428e-01 -2.244817316532135010e-01
3.345164656639099121e-01 -1.984823495149612427e-01 -1.234272569417953491e-01
1.930025219917297363e-01 -2.770139276981353760e-01 -2.309592366218566895e-01
2.617814242839813232e-01 -1.952446848154067993e-01 -1.895611584186553955e-01
2.309072017669677734e-01 -2.470710426568984985e-01 -2.176276147365570068e-01
1.956466585397720337e-01 -2.545316219329833984e-01 -2.241758555173873901e-01
4.812199994921684265e-02 -3.054635524749755859e-01 -4.376475140452384949e-02
1.169527247548103333e-01 -3.183144330978393555e-01 -1.574598401784896851e-01
1.770315468311309814e-01 -2.986786365509033203e-01 -2.211025059223175049e-01
2.858495414257049561e-01 -2.003723829984664917e-01 -1.778510808944702148e-01
2.098101377487182617e-01 9.547681361436843872e-02 -1.316680908203125000e-01
4.181953370571136475e-01 -2.023826688528060913e-01 -2.335422188043594360e-01
1.839545071125030518e-01 -2.421834170818328857e-01 -2.253917008638381958e-01
1.071374267339706421e-01 -3.232314586639404297e-01 -3.841756880283355713e-01
2.518025934696197510e-01 -2.306934446096420288e-01 -1.980852633714675903e-01
2.268404364585876465e-01 -2.340177595615386963e-01 -2.171018868684768677e-01
1.916651129722595215e-01 -2.630465328693389893e-01 -2.253788113594055176e-01
1.714390665292739868e-01 -2.809298336505889893e-01 -2.258317023515701294e-01
3.252032995223999023e-01 -1.757322847843170166e-01 -1.734612584114074707e-01
2.412737905979156494e-01 -2.283656597137451172e-01 -2.114052325487136841e-01
2.609211802482604980e-01 -2.179817110300064087e-01 -1.982677727937698364e-01
2.595725059509277344e-01 -1.924512833356857300e-01 -2.020189762115478516e-01
1.695661842823028564e-01 -2.735030949115753174e-01 -2.379600405693054199e-01
2.810277044773101807e-01 -1.750108599662780762e-01 -2.032194882631301880e-01
2.578109204769134521e-01 -2.218335866928100586e-01 -1.963114887475967407e-01
1.473237574100494385e-01 -3.493032455444335938e-01 -1.733517199754714966e-01
1.221444606781005859e-01 -2.764868438243865967e-01 -1.889322251081466675e-01
1.755016148090362549e-01 -2.782059907913208008e-01 -2.197504490613937378e-01
2.423267215490341187e-01 -2.405732274055480957e-01 -2.162569761276245117e-01
3.061413168907165527e-01 -1.789729297161102295e-01 -1.750465035438537598e-01
2.430474758148193359e-01 -2.284282296895980835e-01 -2.052262425422668457e-01
2.731328010559082031e-01 -1.914822906255722046e-01 -1.810644119977951050e-01
1.666484922170639038e-01 -2.657253742218017578e-01 -2.394758313894271851e-01
2.218384444713592529e-01 -2.515657246112823486e-01 -2.211536914110183716e-01
1.244243308901786804e-01 -3.036950528621673584e-01 -3.300440609455108643e-01
1.892500221729278564e-01 -2.472982555627822876e-01 -2.277340292930603027e-01
2.703144252300262451e-01 -2.162254452705383301e-01 -1.912086457014083862e-01
4.034948348999023438e-01 -2.222733348608016968e-01 -1.513238251209259033e-01
2.700003683567047119e-01 -2.085239142179489136e-01 -1.841283291578292847e-01
2.851503789424896240e-01 -1.834488660097122192e-01 -1.768492609262466431e-01
2.580712735652923584e-01 -2.178131788969039917e-01 -1.904807090759277344e-01
2.598541975021362305e-01 -1.937079280614852905e-01 -2.105388939380645752e-01
1.851828247308731079e-01 -2.564566433429718018e-01 -2.208763659000396729e-01
2.689798176288604736e-01 -2.143761217594146729e-01 -2.089970111846923828e-01
2.275854051113128662e-01 -2.457059919834136963e-01 -2.182775735855102539e-01
1.278926134109497070e-01 -3.203485012054443359e-01 -3.240437507629394531e-01
1.602287590503692627e-01 -2.802164852619171143e-01 -2.106091529130935669e-01
3.257967233657836914e-01 -1.281947344541549683e-01 -2.109517157077789307e-01
2.800756096839904785e-01 -1.719395071268081665e-01 -1.576592177152633667e-01
2.876411080360412598e-01 -5.972429364919662476e-02 -1.468875557184219360e-01
1.112206503748893738e-01 -3.270128667354583740e-01 -1.395714581012725830e-01
6.999498605728149414e-02 -3.183636665344238281e-01 -1.796536296606063843e-01
1.731367707252502441e-01 -3.036730587482452393e-01 -2.164349108934402466e-01
2.208312451839447021e-01 -2.548859119415283203e-01 -2.240398228168487549e-01
3.827725723385810852e-02 -2.680514156818389893e-01 -2.419783025979995728e-01
1.816410869359970093e-01 -2.820728719234466553e-01 -2.202195823192596436e-01
1.423144191503524780e-01 -3.005549609661102295e-01 -1.825299859046936035e-01
1.018884107470512390e-01 -3.076563775539398193e-01 -3.429693877696990967e-01
2.657250463962554932e-01 -2.136314958333969116e-01 -1.902127116918563843e-01
2.262441068887710571e-01 -2.485352307558059692e-01 -2.205811142921447754e-01
2.644802331924438477e-01 -2.281796783208847046e-01 -2.040297091007232666e-01
1.486692130565643311e-01 -3.164482712745666504e-01 -1.851054877042770386e-01
3.407846391201019287e-01 -2.272556573152542114e-01 -1.363415420055389404e-01
3.186204731464385986e-01 -1.505925059318542480e-01 -4.445653036236763000e-02
2.584922611713409424e-01 -4.170498251914978027e-02 -7.893258333206176758e-02
2.813348174095153809e-01 -1.319259554147720337e-01 -1.792868375778198242e-01
3.171319663524627686e-01 -1.765584945678710938e-01 -1.363269686698913574e-01
3.904902040958404541e-01 -2.218846380710601807e-01 -7.766968756914138794e-02
1.989128142595291138e-01 -2.894674241542816162e-01 -2.327431291341781616e-01
3.017884306609630585e-02 -2.184858322143554688e-01 -5.999538898468017578e-01
2.930053174495697021e-01 -1.084609255194664001e-01 -1.390777677297592163e-01
2.738229334354400635e-01 -2.252634912729263306e-01 -1.986771225929260254e-01
1.553026437759399414e-01 -2.802725136280059814e-01 -2.265522778034210205e-01
2.333914041519165039e-01 -2.314828485250473022e-01 -2.276381999254226685e-01
2.668014168739318848e-01 -2.119602560997009277e-01 -1.974480152130126953e-01
2.945262193679809570e-01 -1.720141023397445679e-01 -2.096863090991973877e-01
2.240250110626220703e-01 -2.576150894165039062e-01 -2.186215817928314209e-01
2.419112175703048706e-01 -2.386372834444046021e-01 -2.140156477689743042e-01
3.788053393363952637e-01 -1.931760460138320923e-01 -1.936141401529312134e-01
2.222243398427963257e-01 -2.410134673118591309e-01 -2.194293588399887085e-01
2.963707745075225830e-01 -1.695106476545333862e-01 -1.515463143587112427e-01
2.159677147865295410e-01 -2.445505708456039429e-01 -2.212680280208587646e-01
2.061250954866409302e-01 -2.569112777709960938e-01 -2.196405231952667236e-01
4.019440114498138428e-01 -2.496872842311859131e-01 -1.582049280405044556e-01
2.028986364603042603e-01 -2.537682950496673584e-01 -2.287828177213668823e-01
2.457082569599151611e-01 -2.258105427026748657e-01 -2.043104469776153564e-01
2.540856003761291504e-01 -2.274706065654754639e-01 -2.067137956619262695e-01
2.386509329080581665e-01 -2.329586297273635864e-01 -2.121363133192062378e-01
2.461525350809097290e-01 -2.350536286830902100e-01 -2.151780575513839722e-01
2.998516857624053955e-01 -1.153375580906867981e-01 -2.422383278608322144e-01
2.539501190185546875e-01 -2.080465853214263916e-01 -2.086417675018310547e-01
2.304836064577102661e-01 -2.473320066928863525e-01 -2.182785272598266602e-01
2.676006257534027100e-01 -2.226650714874267578e-01 -2.000502645969390869e-01
2.264945358037948608e-01 -2.492103129625320435e-01 -2.173266857862472534e-01
1.630022078752517700e-01 -3.081370890140533447e-01 -2.009686082601547241e-01
2.421483695507049561e-01 -2.456887066364288330e-01 -2.143170088529586792e-01
3.050132095813751221e-01 -1.883438378572463989e-01 -1.401257514953613281e-01
2.743906080722808838e-01 -6.891094148159027100e-02 -1.945693492889404297e-01
3.067323267459869385e-01 -1.525721102952957153e-01 -1.326728314161300659e-01
1.423497647047042847e-01 -2.755313515663146973e-01 -2.023202776908874512e-01
1.535419374704360962e-01 -3.799620568752288818e-01 -2.773729562759399414e-01
2.884851098060607910e-01 -1.870008111000061035e-01 -1.381370574235916138e-01
3.021226227283477783e-01 -1.475282758474349976e-01 -1.899077594280242920e-01
1.498263776302337646e-01 -2.569262385368347168e-01 -2.368812561035156250e-01
1.903677433729171753e-01 -2.755422890186309814e-01 -2.471642792224884033e-01
3.024029135704040527e-01 -2.015323787927627563e-01 -1.720211654901504517e-01
2.091735154390335083e-01 -2.478828281164169312e-01 -2.160736173391342163e-01
2.426144331693649292e-01 -2.340493351221084595e-01 -2.041349411010742188e-01
3.065838217735290527e-01 -1.491546034812927246e-01 -7.488898932933807373e-02
2.963274717330932617e-01 -1.712686866521835327e-01 -1.533028781414031982e-01
2.630769014358520508e-01 -3.535963222384452820e-02 -9.441067278385162354e-02
2.646498978137969971e-01 -1.924880295991897583e-01 -2.026689201593399048e-01
2.600139677524566650e-01 -2.605943009257316589e-02 -7.887650281190872192e-02
1.922278851270675659e-01 -2.811912596225738525e-01 -2.312677055597305298e-01
2.578245401382446289e-01 -2.119030952453613281e-01 -1.985462009906768799e-01
3.235700726509094238e-01 -1.851787120103836060e-01 -8.221922814846038818e-02
1.282776892185211182e-01 -3.163137137889862061e-01 -2.628032863140106201e-01
1.119169667363166809e-01 -3.048393428325653076e-01 -1.473428606986999512e-01
2.541944980621337891e-01 -2.258605659008026123e-01 -2.042830884456634521e-01
2.583233118057250977e-01 -2.072795629501342773e-01 -1.793951094150543213e-01
3.198030292987823486e-01 -1.323903948068618774e-01 -7.252690196037292480e-02
2.835372090339660645e-01 -2.198033183813095093e-01 -1.805186420679092407e-01
2.363663166761398315e-01 -2.364451736211776733e-01 -2.248452007770538330e-01
2.241152226924896240e-01 -2.496381998062133789e-01 -2.224547713994979858e-01
2.172403931617736816e-01 -2.572143375873565674e-01 -2.333932965993881226e-01
1.587278544902801514e-01 -3.054001927375793457e-01 -2.622301876544952393e-01
9.907111525535583496e-02 -2.542075812816619873e-01 -2.496737241744995117e-01
3.202079832553863525e-01 -1.051760539412498474e-01 -1.057788655161857605e-01
2.251255959272384644e-01 -2.551111876964569092e-01 -2.160982489585876465e-01
5.318699032068252563e-02 -3.416959941387176514e-01 1.369465235620737076e-02
1.548101752996444702e-01 -3.056704998016357422e-01 -2.602496743202209473e-01
2.767181396484375000e-01 -2.081776857376098633e-01 -1.942093819379806519e-01
2.440754622220993042e-01 -2.128093093633651733e-01 -2.069929689168930054e-01
2.518827915191650391e-01 -2.319592535495758057e-01 -2.015085071325302124e-01
2.736549675464630127e-01 -8.166098594665527344e-02 -1.635477095842361450e-01
2.170435190200805664e-01 -2.597065269947052002e-01 -2.250104695558547974e-01
5.298513546586036682e-02 -3.880805969238281250e-01 -7.871361821889877319e-02
2.983485460281372070e-01 -1.382547765970230103e-01 -1.047606617212295532e-01
2.468605488538742065e-01 -2.316292077302932739e-01 -2.050781697034835815e-01
1.826726496219635010e-01 -3.321715295314788818e-01 -2.515569329261779785e-01
2.083345353603363037e-01 -2.492462694644927979e-01 -2.215077728033065796e-01
1.458712816238403320e-01 -2.554714679718017578e-01 -2.186925858259201050e-01
8.195812255144119263e-02 -3.436872363090515137e-01 -3.324997425079345703e-01
1.665884703397750854e-01 -3.072370886802673340e-01 -2.007036954164505005e-01
1.398557275533676147e-01 -3.831138610839843750e-01 -2.131659388542175293e-01
1.519734114408493042e-01 -2.793671190738677979e-01 -2.142204493284225464e-01
1.744193732738494873e-01 -2.604391872882843018e-01 -2.341191172599792480e-01
2.151741087436676025e-01 -2.582368552684783936e-01 -2.391747385263442993e-01
2.415864169597625732e-01 -2.390735000371932983e-01 -2.141372412443161011e-01
2.335878163576126099e-01 -2.404532879590988159e-01 -2.183919996023178101e-01
2.628433704376220703e-01 -1.832552999258041382e-01 -1.715046912431716919e-01
2.039640843868255615e-01 -2.628155350685119629e-01 -2.108879834413528442e-01
3.346417546272277832e-01 -1.527346372604370117e-01 -3.425870835781097412e-02
1.783783137798309326e-01 -2.904226183891296387e-01 -2.340484857559204102e-01
2.170434892177581787e-01 -2.533529400825500488e-01 -2.136222720146179199e-01
1.696715205907821655e-01 -2.752281427383422852e-01 -2.142485529184341431e-01
2.508980929851531982e-01 -2.189403027296066284e-01 -2.080398797988891602e-01
2.525235414505004883e-01 -2.284615635871887207e-01 -2.071598023176193237e-01
3.026102781295776367e-01 -1.334588825702667236e-01 -1.953547298908233643e-01
3.151667714118957520e-01 -1.275644004344940186e-01 -1.464696526527404785e-01
2.808615565299987793e-01 -9.919489175081253052e-02 -9.162386506795883179e-02
2.039632499217987061e-01 -2.493945658206939697e-01 -2.144688367843627930e-01
1.654984503984451294e-01 -2.908447384834289551e-01 -2.150343507528305054e-01
1.677392274141311646e-01 -2.792858481407165527e-01 -2.375748157501220703e-01
2.240380346775054932e-01 -2.548963427543640137e-01 -2.194919139146804810e-01
3.503111600875854492e-01 -1.394530832767486572e-01 -2.289709001779556274e-01
1.882191300392150879e-01 -2.837794721126556396e-01 -2.397472858428955078e-01
3.574050962924957275e-01 -1.354704499244689941e-01 -2.465538233518600464e-01
1.736728698015213013e-01 -3.942931890487670898e-01 -2.669512629508972168e-01
2.233125865459442139e-01 -2.503245174884796143e-01 -2.130120247602462769e-01
8.062613010406494141e-02 -3.455348312854766846e-01 -1.647353470325469971e-01
1.311220377683639526e-01 -2.980470359325408936e-01 -1.733161956071853638e-01
3.694892227649688721e-01 -1.817454397678375244e-01 -1.238376423716545105e-01
2.352089136838912964e-01 -2.288961112499237061e-01 -2.000778764486312866e-01
1.728201210498809814e-01 -3.129308819770812988e-01 -2.436390668153762817e-01
1.195194050669670105e-01 -2.520431280136108398e-01 -2.136973291635513306e-01
1.890529245138168335e-01 -2.671003341674804688e-01 -2.193854004144668579e-01
2.529690861701965332e-01 -2.365837544202804565e-01 -2.078982144594192505e-01
1.250360757112503052e-01 -3.606839776039123535e-01 -3.381578624248504639e-01
1.554576903581619263e-01 -3.763956129550933838e-01 -2.858398556709289551e-01
1.815093904733657837e-01 -2.681976556777954102e-01 -2.137157171964645386e-01
2.605416774749755859e-01 -1.837873458862304688e-01 -1.693908572196960449e-01
2.695900499820709229e-01 -6.912891566753387451e-02 -1.761393994092941284e-01
1.824850738048553467e-01 -2.690087258815765381e-01 -2.334735840559005737e-01
2.950806319713592529e-01 -1.813608705997467041e-01 -1.871056556701660156e-01
2.865897715091705322e-01 -1.407987177371978760e-01 -1.817548871040344238e-01
2.231655269861221313e-01 -2.570786476135253906e-01 -2.146588712930679321e-01
2.685108184814453125e-01 -2.130180597305297852e-01 -2.114139348268508911e-01
2.875290513038635254e-01 -1.261991560459136963e-01 -1.933320462703704834e-01
1.422584056854248047e-01 -3.469312489032745361e-01 -3.486295938491821289e-01
2.916148602962493896e-01 -1.174253970384597778e-01 -1.900433301925659180e-01
3.192397356033325195e-01 -1.392787992954254150e-01 -1.352676451206207275e-01
2.101684361696243286e-01 -2.578611671924591064e-01 -2.159600853919982910e-01
9.125553816556930542e-02 -3.013210892677307129e-01 -2.488650530576705933e-01
1.658281832933425903e-01 -4.156534075736999512e-01 -2.605660259723663330e-01
3.263370692729949951e-01 -1.369479298591613770e-01 -8.550727367401123047e-02
2.359531074762344360e-01 -2.343948334455490112e-01 -2.090469151735305786e-01
1.922112703323364258e-01 -2.590893208980560303e-01 -2.306640893220901489e-01
2.810173630714416504e-01 -1.754283010959625244e-01 -1.492424011230468750e-01
2.617059946060180664e-01 -2.022413462400436401e-01 -1.867980957031250000e-01
2.048740535974502563e-01 -2.745430171489715576e-01 -2.262213379144668579e-01
2.487367391586303711e-01 -2.151297777891159058e-01 -2.019852399826049805e-01
2.587556838989257812e-01 -2.009660601615905762e-01 -1.897865533828735352e-01
-1.305356174707412720e-01 -4.579091817140579224e-02 -3.425086289644241333e-02
2.503639757633209229e-01 -2.250336706638336182e-01 -2.083928138017654419e-01
2.687669396400451660e-01 -1.955112814903259277e-01 -1.933634430170059204e-01
1.545249372720718384e-01 -2.816689610481262207e-01 -2.394233942031860352e-01
3.209202289581298828e-01 -1.645816564559936523e-01 -1.893406361341476440e-01
2.893814742565155029e-01 -1.682664453983306885e-01 -1.923219859600067139e-01
2.178547978401184082e-01 -2.515942752361297607e-01 -2.329922467470169067e-01
1.452383548021316528e-01 -3.109698891639709473e-01 -2.446128576993942261e-01
2.178876996040344238e-01 -2.570907175540924072e-01 -2.202517837285995483e-01
2.526290118694305420e-01 -1.979060918092727661e-01 -2.004710435867309570e-01
2.521485388278961182e-01 -2.333354502916336060e-01 -1.966780275106430054e-01
3.256920576095581055e-01 -1.933084875345230103e-01 -1.441811025142669678e-01
1.831343024969100952e-01 -2.754707038402557373e-01 -2.125115245580673218e-01
2.468980252742767334e-01 -2.153869569301605225e-01 -2.033232897520065308e-01
2.502496838569641113e-01 -2.343842983245849609e-01 -2.096150070428848267e-01
8.158927410840988159e-02 -2.840507328510284424e-01 -1.845638304948806763e-01
3.053371310234069824e-01 -1.331758499145507812e-01 -2.256113290786743164e-02
1.966022402048110962e-01 -2.618285417556762695e-01 -2.159246951341629028e-01
2.689282894134521484e-01 -1.742308586835861206e-01 -1.527170836925506592e-01
2.709558010101318359e-01 -2.131716907024383545e-01 -2.008982449769973755e-01
1.671134829521179199e-01 -2.739767134189605713e-01 -2.152257412672042847e-01
2.310421466827392578e-01 -2.332257032394409180e-01 -2.129220217466354370e-01
3.239402770996093750e-01 -1.489257514476776123e-01 -1.166119948029518127e-01
1.395723223686218262e-01 -2.978242635726928711e-01 -2.339681535959243774e-01
6.818323163315653801e-04 -1.903918385505676270e-01 -2.552727758884429932e-01
2.779785394668579102e-01 -1.740806102752685547e-01 -1.821838915348052979e-01
2.032978832721710205e-01 -2.613480091094970703e-01 -2.266408950090408325e-01
3.210998773574829102e-01 -1.922943890094757080e-01 -1.639242172241210938e-01
9.386038035154342651e-02 -3.390611112117767334e-01 -2.469361126422882080e-01
1.540018022060394287e-01 -2.694478034973144531e-01 -2.100820094347000122e-01
2.904478907585144043e-01 -2.073946148157119751e-01 -2.009485661983489990e-01
1.756873726844787598e-01 -3.725247085094451904e-01 -2.851568162441253662e-01
3.173418939113616943e-01 -2.127837389707565308e-01 -1.874522417783737183e-01
2.637304067611694336e-01 -2.168405205011367798e-01 -1.958437711000442505e-01
3.167913854122161865e-01 -1.641579419374465942e-01 -1.839566975831985474e-01
2.479043155908584595e-01 -2.306415736675262451e-01 -2.110335677862167358e-01
2.257890850305557251e-01 -2.460539489984512329e-01 -2.178336083889007568e-01
1.826999783515930176e-01 -2.884207665920257568e-01 -2.382735759019851685e-01
1.733521819114685059e-01 -2.839031517505645752e-01 -2.258544117212295532e-01
2.911023199558258057e-01 -1.069986000657081604e-01 -1.442490816116333008e-01
2.507493197917938232e-01 -2.363252490758895874e-01 -2.079530358314514160e-01
1.840564906597137451e-01 -3.064855039119720459e-01 -2.170584946870803833e-01
2.610932588577270508e-01 -2.079313248395919800e-01 -1.890299469232559204e-01
1.761361062526702881e-01 -3.012154996395111084e-01 -2.146544307470321655e-01
1.396984010934829712e-01 -3.739239275455474854e-01 -2.521577179431915283e-01
2.306016087532043457e-01 -2.274372279644012451e-01 -2.188666760921478271e-01
3.012102544307708740e-01 -1.887427568435668945e-01 -1.772413253784179688e-01
1.576251536607742310e-01 -3.377282321453094482e-01 -2.207004129886627197e-01
4.669241011142730713e-01 -3.318927884101867676e-01 6.992683559656143188e-02
1.970485746860504150e-01 -2.680186033248901367e-01 -2.231030613183975220e-01
2.866136431694030762e-01 -4.523672908544540405e-02 -1.951001882553100586e-01
3.056556880474090576e-01 -8.806853741407394409e-02 8.250697702169418335e-02
2.134248763322830200e-01 -2.649090886116027832e-01 -2.301314324140548706e-01
1.938398480415344238e-01 -2.642782628536224365e-01 -2.272514253854751587e-01
1.785242557525634766e-01 -2.815683484077453613e-01 -2.200994640588760376e-01
2.621183991432189941e-01 -2.174753844738006592e-01 -2.002702355384826660e-01
1.853861510753631592e-01 -2.772200405597686768e-01 -2.377386689186096191e-01
1.860461533069610596e-01 -2.812757790088653564e-01 -2.447233349084854126e-01
1.282805949449539185e-01 -2.989335060119628906e-01 -2.263825088739395142e-01
3.649424910545349121e-01 -2.333964556455612183e-01 -2.415667623281478882e-01
2.425981014966964722e-01 -2.277238965034484863e-01 -2.045385837554931641e-01
1.776238530874252319e-01 -2.842285335063934326e-01 -2.216830551624298096e-01
2.037585973739624023e-01 -2.679806947708129883e-01 -2.168627828359603882e-01
2.664216458797454834e-01 -7.675257325172424316e-02 -1.688337773084640503e-01
1.596287190914154053e-01 -2.839777469635009766e-01 -2.126064002513885498e-01
3.253054022789001465e-01 -1.799598336219787598e-01 -1.360683441162109375e-01
2.422173023223876953e-01 -2.425163090229034424e-01 -2.200396209955215454e-01
2.145010232925415039e-01 -2.533939480781555176e-01 -2.180240303277969360e-01
1.743765622377395630e-01 -2.648361027240753174e-01 -2.044516354799270630e-01
2.250670343637466431e-01 -2.475453019142150879e-01 -2.211068719625473022e-01
2.478554248809814453e-01 -2.385167330503463745e-01 -2.001795619726181030e-01
3.098904788494110107e-01 -1.570412069559097290e-01 -2.260893136262893677e-01
2.953173220157623291e-01 -1.797112226486206055e-01 -1.095207333564758301e-01
2.675351798534393311e-01 -2.025116086006164551e-01 -2.079842686653137207e-01
7.556057721376419067e-02 -2.901910841464996338e-01 -1.603296101093292236e-01
3.065370619297027588e-01 -2.157768607139587402e-01 -1.765796542167663574e-01
3.793272972106933594e-01 -2.193861603736877441e-01 -1.441542804241180420e-02
1.086023822426795959e-01 -3.217917680740356445e-01 -3.473590612411499023e-01
1.552845835685729980e-01 -2.997070550918579102e-01 -1.880185604095458984e-01
1.804518997669219971e-01 -2.626336514949798584e-01 -2.392172217369079590e-01
2.500983141362667084e-02 -2.078912109136581421e-01 -1.522644460201263428e-01
3.831815123558044434e-01 -2.467050999402999878e-01 -1.444884687662124634e-01
1.543372422456741333e-01 -3.218812346458435059e-01 -3.013975024223327637e-01
1.745157241821289062e-01 -2.919707894325256348e-01 -2.091801464557647705e-01
2.989050745964050293e-01 -2.009887546300888062e-01 -1.803609877824783325e-01
3.208755254745483398e-01 -1.285708248615264893e-01 -1.701177805662155151e-01
3.053402006626129150e-01 -1.841701716184616089e-01 -1.350509077310562134e-01
2.194384038448333740e-01 -5.656427741050720215e-01 -3.099752664566040039e-01
2.824657559394836426e-01 -1.991495937108993530e-01 -1.734529286623001099e-01
1.404184699058532715e-01 -2.795217335224151611e-01 -2.167578190565109253e-01
3.958672285079956055e-01 -1.934161335229873657e-01 -1.896666586399078369e-01
1.736655682325363159e-01 -2.649638354778289795e-01 -2.053083628416061401e-01
3.719862699508666992e-01 -1.881662011146545410e-01 -1.028460860252380371e-01
3.212270736694335938e-01 -1.738799214363098145e-01 -1.702186614274978638e-01
1.653546094894409180e-01 -3.138335645198822021e-01 -2.098531574010848999e-01
2.675473392009735107e-01 -1.766591370105743408e-01 -1.656993329524993896e-01
2.623780369758605957e-01 7.999193854629993439e-03 -3.123739361763000488e-01
2.165249884128570557e-01 -2.563504278659820557e-01 -2.245694547891616821e-01
2.668897211551666260e-01 -1.945440322160720825e-01 -2.095783650875091553e-01
1.378164887428283691e-01 -3.345962166786193848e-01 -1.953302919864654541e-01
3.820467591285705566e-01 -1.865334212779998779e-01 -1.525297462940216064e-01
1.642663180828094482e-01 -3.238920569419860840e-01 -1.929500550031661987e-01
1.617503911256790161e-01 -2.916885614395141602e-01 -2.495899200439453125e-01
1.731728464365005493e-01 -2.777626514434814453e-01 -2.308573573827743530e-01
2.995761930942535400e-01 -1.931006014347076416e-01 -1.486911028623580933e-01
9.426070004701614380e-02 -2.668462991714477539e-01 -1.553329080343246460e-01
1.593630462884902954e-01 -2.699396610260009766e-01 -2.237122505903244019e-01
4.169568121433258057e-01 -2.345939576625823975e-01 -2.524142526090145111e-02
8.917921781539916992e-02 -2.613689005374908447e-01 -2.000580132007598877e-01
3.123418390750885010e-01 -6.591003388166427612e-02 -2.312390059232711792e-01
2.329080253839492798e-01 -2.384399175643920898e-01 -2.175461202859878540e-01
2.405715584754943848e-01 -2.328367084264755249e-01 -2.095243930816650391e-01
2.329002767801284790e-01 -2.376249432563781738e-01 -2.153604030609130859e-01
2.187730967998504639e-01 -2.462763637304306030e-01 -2.162327915430068970e-01
3.391837179660797119e-01 -2.050976753234863281e-01 -1.076923385262489319e-01
9.169473499059677124e-02 -2.691713273525238037e-01 -3.056972026824951172e-01
2.306908965110778809e-01 -2.297097146511077881e-01 -2.090598195791244507e-01
2.913875281810760498e-01 -1.175738871097564697e-01 -1.950575411319732666e-01
2.154190689325332642e-01 -2.671620249748229980e-01 -2.361951321363449097e-01
2.812598645687103271e-01 -1.106747388839721680e-01 -1.191667020320892334e-01
2.944928407669067383e-01 -1.632704883813858032e-01 -1.282625496387481689e-01
2.798366844654083252e-01 -1.828323453664779663e-01 -1.940501779317855835e-01
1.457083672285079956e-01 -3.116561770439147949e-01 -2.376168817281723022e-01
3.364823460578918457e-01 -1.640339493751525879e-01 -1.775514930486679077e-01
2.834187746047973633e-01 -8.362994343042373657e-02 -6.585729122161865234e-02
2.269254028797149658e-01 -2.501089572906494141e-01 -2.190618664026260376e-01
1.964234262704849243e-01 -2.513903677463531494e-01 -2.287642806768417358e-01
2.619439959526062012e-01 -2.272106558084487915e-01 -2.155031859874725342e-01
1.173482909798622131e-01 -3.055507838726043701e-01 -2.452937960624694824e-01
2.077005654573440552e-01 -2.722846269607543945e-01 -2.349629253149032593e-01
1.102378666400909424e-01 -2.661231160163879395e-01 -1.907855570316314697e-01
9.028474241495132446e-02 -3.308438360691070557e-01 -2.158396393060684204e-01
2.620051205158233643e-01 -1.626098304986953735e-01 -1.437247395515441895e-01
2.916315495967864990e-01 -1.779876053333282471e-01 -1.679343879222869873e-01
2.368570119142532349e-01 -2.350789010524749756e-01 -2.018894553184509277e-01
2.413693666458129883e-01 -2.408150434494018555e-01 -2.136062681674957275e-01
1.307925432920455933e-01 -2.828541398048400879e-01 -1.631776541471481323e-01
1.666264086961746216e-01 -2.692237794399261475e-01 -2.252505123615264893e-01
1.927795559167861938e-01 -2.675000131130218506e-01 -2.196733057498931885e-01
2.378190904855728149e-01 -2.407726496458053589e-01 -2.096581310033798218e-01
2.176730036735534668e-01 -2.570043206214904785e-01 -2.267190814018249512e-01
1.614933907985687256e-01 -3.232133090496063232e-01 -2.489189058542251587e-01
2.874468863010406494e-01 -2.041285485029220581e-01 -1.742325127124786377e-01
1.988755315542221069e-01 1.446653455495834351e-01 1.314171031117439270e-02
3.094995915889739990e-01 -2.015178203582763672e-01 -1.977849006652832031e-01
4.226976633071899414e-01 -2.363096028566360474e-01 4.657725617289543152e-02
2.945427298545837402e-01 -8.028940856456756592e-02 -1.439905315637588501e-01
1.128314249217510223e-02 -1.989989280700683594e-01 -1.683915704488754272e-01
2.949961423873901367e-01 -4.276603460311889648e-02 -2.100142464041709900e-02
2.810935676097869873e-01 -1.997257620096206665e-01 -1.837685555219650269e-01
2.501965463161468506e-01 -2.250275909900665283e-01 -1.982951909303665161e-01
1.873601078987121582e-01 -2.559583783149719238e-01 -2.373924702405929565e-01
1.449954807758331299e-01 -3.636437654495239258e-01 -1.988957077264785767e-01
2.470112740993499756e-01 -2.406576126813888550e-01 -2.263772785663604736e-01
1.991940140724182129e-01 -2.721206843852996826e-01 -2.290990501642227173e-01
2.632676661014556885e-01 -2.240997552871704102e-01 -1.844177544116973877e-01
2.745330631732940674e-01 -1.724338084459304810e-01 -1.571015119552612305e-01
1.264005750417709351e-01 -3.101698756217956543e-01 -2.345219701528549194e-01
1.566859185695648193e-01 -2.835516333580017090e-01 -2.101074755191802979e-01
2.015397995710372925e-01 -2.710342705249786377e-01 -2.226692289113998413e-01
2.294141054153442383e-01 -2.240373343229293823e-01 -2.186684161424636841e-01
2.916499972343444824e-01 -1.719368994235992432e-01 -1.547910273075103760e-01
2.881815433502197266e-01 -1.946083754301071167e-01 -1.462960988283157349e-01
2.998048365116119385e-01 -1.802847981452941895e-01 -1.538432687520980835e-01
1.142067387700080872e-01 -3.969913125038146973e-01 -5.999311208724975586e-01
2.190221995115280151e-01 -2.519071996212005615e-01 -2.189386636018753052e-01
2.449708878993988037e-01 -2.297950237989425659e-01 -2.160910665988922119e-01
3.020773231983184814e-01 -6.721310317516326904e-02 -3.172718882560729980e-01
2.314130216836929321e-01 -2.438489049673080444e-01 -2.240164875984191895e-01
2.166976034641265869e-01 -2.502215504646301270e-01 -2.203900218009948730e-01
2.550588548183441162e-01 -1.913251876831054688e-01 -1.985068172216415405e-01
1.729971021413803101e-01 -2.828648984432220459e-01 -2.249669730663299561e-01
3.030230104923248291e-01 -1.012491360306739807e-01 -1.133215054869651794e-01
1.366752982139587402e-01 -3.859003484249114990e-01 -9.135815501213073730e-02
3.220859766006469727e-01 -1.494870781898498535e-01 -2.349280864000320435e-01
1.471141427755355835e-01 -3.197648823261260986e-01 -1.816883832216262817e-01
3.398655354976654053e-01 -1.747529655694961548e-01 -1.006950959563255310e-01
1.251327991485595703e-01 -3.093880712985992432e-01 -2.418340146541595459e-01
2.182534933090209961e-01 1.250886768102645874e-01 -4.403822422027587891e-01
2.695159316062927246e-01 -2.058899551630020142e-01 -1.899281889200210571e-01
3.290807306766510010e-01 -1.130728423595428467e-01 -2.282658219337463379e-01
1.660722792148590088e-01 -3.035426735877990723e-01 -2.097813636064529419e-01
2.435480803251266479e-01 -4.356358945369720459e-02 -1.566703021526336670e-01
2.402129769325256348e-01 -2.366968840360641479e-01 -2.111129462718963623e-01
2.234085798263549805e-01 -2.589854896068572998e-01 -2.251579910516738892e-01
2.170575857162475586e-01 -2.537151277065277100e-01 -2.171876132488250732e-01
1.009958311915397644e-01 -3.545500040054321289e-01 -5.252114534378051758e-01
1.363724768161773682e-01 -2.712658941745758057e-01 -2.006708234548568726e-01
2.842129766941070557e-01 -1.625477820634841919e-01 -1.589241623878479004e-01
3.229944705963134766e-01 -1.610220074653625488e-01 -4.690425470471382141e-02
2.336268723011016846e-01 -2.474944442510604858e-01 -2.034777253866195679e-01
2.857311367988586426e-01 -1.547636389732360840e-01 -1.974871009588241577e-01
2.665233612060546875e-01 -2.133834660053253174e-01 -1.764016151428222656e-01
2.731154859066009521e-01 -1.742925345897674561e-01 -1.762856543064117432e-01
3.039641976356506348e-01 -1.957853138446807861e-01 -1.616676002740859985e-01
2.904943823814392090e-01 -2.536195330321788788e-02 -2.391512393951416016e-01
2.355341762304306030e-01 -2.367049753665924072e-01 -2.091501057147979736e-01
2.325450778007507324e-01 -2.375723868608474731e-01 -2.217379361391067505e-01
2.847860455513000488e-01 -8.319335430860519409e-02 -1.902903467416763306e-01
2.060397714376449585e-01 -2.447562515735626221e-01 -2.216299325227737427e-01
2.876576185226440430e-01 -8.836452662944793701e-02 -3.694828972220420837e-02
1.051255837082862854e-01 -2.851743698120117188e-01 -2.408921867609024048e-01
9.722804278135299683e-02 -2.842119336128234863e-01 -1.846285164356231689e-01
2.897380590438842773e-01 -1.917471140623092651e-01 -1.504076868295669556e-01
2.531530261039733887e-01 -2.314866930246353149e-01 -2.012161165475845337e-01
1.553536802530288696e-01 -3.019950091838836670e-01 -2.658935785293579102e-01
1.847983300685882568e-01 -2.875655591487884521e-01 -2.256254255771636963e-01
2.993957400321960449e-01 -9.566579014062881470e-02 -9.333500266075134277e-02
2.010150551795959473e-01 -3.904702663421630859e-01 -3.980439901351928711e-01
2.681508064270019531e-01 -2.061913758516311646e-01 -1.838323026895523071e-01
2.829529345035552979e-01 -1.831750720739364624e-01 -2.000930756330490112e-01
1.746550053358078003e-01 -2.861472666263580322e-01 -2.366825044155120850e-01
3.069354593753814697e-01 -2.025613933801651001e-01 -1.207813173532485962e-01
2.446362823247909546e-01 -6.182863116264343262e-01 -4.934973418712615967e-01
2.832509279251098633e-01 -2.005240321159362793e-01 -1.495233178138732910e-01
2.893403768539428711e-01 -1.783391684293746948e-01 -1.767195612192153931e-01
1.972112804651260376e-01 -2.715716660022735596e-01 -2.194390147924423218e-01
1.408473849296569824e-01 -2.891949117183685303e-01 -2.031183093786239624e-01
2.073648869991302490e-01 -2.485132217407226562e-01 -2.281745970249176025e-01
2.691239118576049805e-01 -2.202213406562805176e-01 -2.129346430301666260e-01
1.863989979028701782e-01 -2.629141509532928467e-01 -2.255063503980636597e-01
3.530400097370147705e-01 -2.406750917434692383e-01 -1.825377345085144043e-01
1.656673252582550049e-01 -2.752222716808319092e-01 -2.134991288185119629e-01
1.972497552633285522e-01 -2.586864233016967773e-01 -2.188646942377090454e-01
5.034615844488143921e-02 -2.502432763576507568e-01 -2.342994809150695801e-01
2.723188102245330811e-01 -1.018986552953720093e-01 -1.264497637748718262e-01
1.993585973978042603e-01 -2.736091315746307373e-01 -2.229196280241012573e-01
2.170086503028869629e-01 -2.606324255466461182e-01 -2.205360829830169678e-01
1.299846321344375610e-01 -4.456763267517089844e-01 -4.588961303234100342e-01
1.892318129539489746e-01 -2.821407616138458252e-01 -2.146281749010086060e-01
3.646442890167236328e-01 -1.181641668081283569e-01 -2.071205526590347290e-01
2.853780090808868408e-01 -6.471727043390274048e-02 -2.271002829074859619e-01
2.269269376993179321e-01 -2.466559857130050659e-01 -2.201159596443176270e-01
7.382914423942565918e-02 -2.836407721042633057e-01 -9.381467849016189575e-02
1.492398083209991455e-01 -2.803256809711456299e-01 -2.431256771087646484e-01
1.153119057416915894e-01 -3.099624216556549072e-01 -3.206616342067718506e-01
2.511062622070312500e-01 -2.043754756450653076e-01 -1.994607597589492798e-01
1.519150137901306152e-01 -4.820067584514617920e-01 1.626787520945072174e-02
2.055950462818145752e-01 5.398167669773101807e-02 1.140172500163316727e-02
1.714632511138916016e-01 -2.708153724670410156e-01 -1.993891447782516479e-01
1.912239342927932739e-01 -4.918338358402252197e-01 -3.222362995147705078e-01
2.773847579956054688e-01 -1.969101279973983765e-01 -1.715806275606155396e-01
1.929729431867599487e-01 -2.910785079002380371e-01 -2.280685007572174072e-01
2.846772968769073486e-01 -2.000685036182403564e-01 -1.650284528732299805e-01
6.301855295896530151e-02 -2.493521124124526978e-01 -1.952495574951171875e-01
1.763363331556320190e-01 -2.814328670501708984e-01 -2.126395851373672485e-01
3.487663269042968750e-01 -5.630965903401374817e-02 -4.817724227905273438e-01
2.484105080366134644e-01 -2.291416525840759277e-01 -2.031538486480712891e-01
2.293661534786224365e-01 -2.512096464633941650e-01 -2.202443331480026245e-01
2.826722860336303711e-01 -2.116959989070892334e-01 -1.812871545553207397e-01
1.946655660867691040e-01 -2.684400975704193115e-01 -2.405688166618347168e-01
2.372327297925949097e-01 -2.405037581920623779e-01 -2.121257930994033813e-01
1.333801597356796265e-01 -3.225615620613098145e-01 -2.785980999469757080e-01
2.767588198184967041e-01 -2.346978634595870972e-01 -2.011720240116119385e-01
1.458401083946228027e-01 -2.628405988216400146e-01 -2.325613945722579956e-01
3.297151029109954834e-01 -1.540586054325103760e-01 7.228346168994903564e-02
9.510143846273422241e-02 -3.448115885257720947e-01 -2.301648557186126709e-01
2.434418946504592896e-01 -2.163271903991699219e-01 -2.095124721527099609e-01
1.588817983865737915e-01 -2.866953909397125244e-01 -2.201118618249893188e-01
1.443659067153930664e-01 -2.856440544128417969e-01 -2.292907536029815674e-01
1.143002882599830627e-01 -3.323922157287597656e-01 -3.187841176986694336e-01
2.078682631254196167e-01 -2.559451758861541748e-01 -2.124714851379394531e-01
1.685989648103713989e-01 -2.943633496761322021e-01 -2.570040822029113770e-01
3.092992305755615234e-01 -2.049491405487060547e-01 -1.670070290565490723e-01
3.490906059741973877e-01 -1.922622174024581909e-01 -1.727138757705688477e-01
2.756173610687255859e-01 -2.063646465539932251e-01 -1.928177326917648315e-01
2.656659185886383057e-01 -1.795532554388046265e-01 -1.672587841749191284e-01
-9.356421977281570435e-02 -3.534100353717803955e-01 -1.139088571071624756e-01
1.365963071584701538e-01 -3.604345023632049561e-01 -2.382892668247222900e-01
3.353203237056732178e-01 -2.199216634035110474e-01 -1.215628981590270996e-01
2.301323413848876953e-01 -2.380164116621017456e-01 -2.158171981573104858e-01
2.318257689476013184e-01 -2.384431809186935425e-01 -1.979689598083496094e-01
2.831925451755523682e-01 -1.249044239521026611e-01 -1.749509125947952271e-01
2.961739897727966309e-01 -1.937966793775558472e-01 -1.904709935188293457e-01
5.444076284766197205e-02 -2.683049738407135010e-01 -7.538320869207382202e-02
1.934092044830322266e-01 -2.730591297149658203e-01 -2.282042801380157471e-01
2.467408180236816406e-01 -5.191042646765708923e-02 -1.946527808904647827e-01
2.463364899158477783e-01 -2.098320126533508301e-01 -1.831290125846862793e-01
1.908046901226043701e-01 -2.613391280174255371e-01 -2.371308356523513794e-01
2.006259411573410034e-01 -2.868596911430358887e-01 -2.268180400133132935e-01
1.883112341165542603e-01 -2.680951058864593506e-01 -2.174071073532104492e-01
2.585881054401397705e-01 -2.218248695135116577e-01 -1.900643110275268555e-01
1.603012681007385254e-01 -2.678376436233520508e-01 -2.042724937200546265e-01
2.331851273775100708e-01 -2.385413199663162231e-01 -2.173109501600265503e-01
2.572857141494750977e-01 -2.197591811418533325e-01 -2.100559324026107788e-01
2.478925138711929321e-01 -2.255105078220367432e-01 -2.084039598703384399e-01
2.672144472599029541e-01 -1.924662142992019653e-01 -1.973035633563995361e-01
1.459871083498001099e-01 -3.044921755790710449e-01 -2.167301326990127563e-01
2.195356190204620361e-01 -2.559306025505065918e-01 -2.180495858192443848e-01
3.433022201061248779e-01 -1.235311701893806458e-01 -2.989171445369720459e-01
2.846288979053497314e-01 -1.952303200960159302e-01 -1.758073568344116211e-01
-1.211921274662017822e-01 -9.189134836196899414e-02 -9.171803295612335205e-02
2.786132097244262695e-01 -2.084001600742340088e-01 -1.856263279914855957e-01
2.486407011747360229e-01 -2.316765636205673218e-01 -2.075032144784927368e-01
3.926702737808227539e-01 -2.098142653703689575e-01 5.505975708365440369e-02
2.620200216770172119e-01 -1.168037280440330505e-01 -1.785560101270675659e-01
2.928332984447479248e-01 -1.870953738689422607e-01 -1.637798398733139038e-01
3.699771463871002197e-01 -1.949581652879714966e-01 1.708981208503246307e-02
3.197067081928253174e-01 -1.765171736478805542e-01 -1.851178407669067383e-01
2.686181366443634033e-01 -6.164464354515075684e-01 -4.048765003681182861e-01
2.486188262701034546e-01 -2.212982177734375000e-01 -2.117044925689697266e-01
2.012003958225250244e-01 -2.585793435573577881e-01 -2.193619906902313232e-01
2.900008857250213623e-01 -1.621809452772140503e-01 -1.985080987215042114e-01
-1.217263378202915192e-02 -4.115577042102813721e-01 -3.046732246875762939e-01
2.398684918880462646e-01 -2.290246784687042236e-01 -2.203460633754730225e-01
2.310127764940261841e-01 -2.431177198886871338e-01 -2.176234871149063110e-01
1.517635285854339600e-01 -3.167162835597991943e-01 -2.563789486885070801e-01
2.435940653085708618e-01 -2.300052046775817871e-01 -2.206589877605438232e-01
2.494539767503738403e-01 -2.254478782415390015e-01 -2.155559509992599487e-01
2.430097758769989014e-01 -2.331132292747497559e-01 -2.109700590372085571e-01
2.808713018894195557e-01 -2.133627831935882568e-01 -1.839193701744079590e-01
2.832762002944946289e-01 -1.751692593097686768e-01 -1.486895233392715454e-01
2.623943388462066650e-01 -1.977889835834503174e-01 -1.911679953336715698e-01
8.239026367664337158e-02 -3.173241317272186279e-01 -8.350454270839691162e-02
2.633094787597656250e-01 -2.146267443895339966e-01 -1.945890039205551147e-01
1.019452959299087524e-01 -3.058290481567382812e-01 -3.006677925586700439e-01
1.582871824502944946e-01 -2.888901531696319580e-01 -2.464618682861328125e-01
3.799220025539398193e-01 -1.576778888702392578e-01 -7.665894925594329834e-02
2.600817382335662842e-01 -2.964938245713710785e-02 1.693587303161621094e-01
3.307840526103973389e-01 -1.482887119054794312e-01 -1.403494924306869507e-01
2.446311563253402710e-01 -2.296816557645797729e-01 -2.054747939109802246e-01
3.286378383636474609e-01 -1.889027953147888184e-01 -2.111720591783523560e-01
2.374312579631805420e-01 -2.334445565938949585e-01 -2.137249410152435303e-01
2.627436816692352295e-01 -2.206295877695083618e-01 -2.184801101684570312e-01
1.261070072650909424e-01 -3.472717106342315674e-01 -1.622031182050704956e-01
3.779504597187042236e-01 -2.016882151365280151e-01 1.534341424703598022e-01
1.984289586544036865e-01 -2.581257522106170654e-01 -2.301159650087356567e-01
1.289884001016616821e-01 -2.758893072605133057e-01 -2.254800051450729370e-01
1.681006550788879395e-01 -2.840488851070404053e-01 -2.343096137046813965e-01
2.715637385845184326e-01 -1.963366121053695679e-01 -1.994984894990921021e-01
2.138943970203399658e-01 -2.528806030750274658e-01 -2.181291282176971436e-01
1.102067381143569946e-01 -2.557898759841918945e-01 -2.029897272586822510e-01
2.304263263940811157e-01 -2.446912527084350586e-01 -2.185079306364059448e-01
2.175617814064025879e-01 -2.474759817123413086e-01 -2.200404703617095947e-01
1.681057661771774292e-01 -2.899620532989501953e-01 -2.373379319906234741e-01
1.270434260368347168e-01 -2.895719707012176514e-01 -2.363270372152328491e-01
2.831422090530395508e-01 -1.417054831981658936e-01 -1.455889195203781128e-01
4.114551842212677002e-01 -2.074084132909774780e-01 -3.114639520645141602e-01
2.270881384611129761e-01 -2.593578100204467773e-01 -2.163621634244918823e-01
2.734344601631164551e-01 -5.718562006950378418e-02 -1.968251913785934448e-01
2.247025370597839355e-01 -2.409675270318984985e-01 -2.230331152677536011e-01
2.128871530294418335e-01 -2.549462318420410156e-01 -2.148698866367340088e-01
2.084887623786926270e-01 -2.583592534065246582e-01 -2.299489527940750122e-01
2.652651667594909668e-01 -1.977745145559310913e-01 -1.975897401571273804e-01
2.730701863765716553e-01 -1.302979290485382080e-01 -2.112093567848205566e-01
1.874396055936813354e-01 -2.619960904121398926e-01 -2.290595173835754395e-01
2.479204833507537842e-01 -2.240221500396728516e-01 -2.101619094610214233e-01
1.129438355565071106e-01 -2.663969695568084717e-01 -2.188866883516311646e-01
1.168572381138801575e-01 -2.881885766983032227e-01 -2.402152717113494873e-01
3.284828066825866699e-01 -7.160700857639312744e-02 -3.013288378715515137e-01
1.356870681047439575e-01 -3.156304061412811279e-01 -2.190490365028381348e-01
2.731319963932037354e-01 -1.945981830358505249e-01 -1.621255874633789062e-01
2.004028111696243286e-01 -2.659999728202819824e-01 -2.160974740982055664e-01
2.824088931083679199e-01 -2.080103456974029541e-01 -1.960450410842895508e-01
2.406173497438430786e-01 -2.353594601154327393e-01 -2.190707176923751831e-01
2.796164751052856445e-01 -1.265585571527481079e-01 -1.194005236029624939e-01
3.416996300220489502e-01 -1.946845501661300659e-01 -1.514252573251724243e-01
3.866295814514160156e-01 -2.422229945659637451e-01 -1.469373106956481934e-01
1.383509337902069092e-01 -2.558012902736663818e-01 -2.589180767536163330e-01
2.266918271780014038e-01 -2.463663518428802490e-01 -2.172099947929382324e-01
2.351654320955276489e-01 -2.424221187829971313e-01 -2.100510299205780029e-01
1.996939182281494141e-01 -2.565360665321350098e-01 -2.271859049797058105e-01
2.705751955509185791e-01 -1.573143154382705688e-01 -1.716544926166534424e-01
4.104899168014526367e-01 -2.262362390756607056e-01 2.408454865217208862e-01
3.519926965236663818e-01 -1.840996295213699341e-01 -1.680732518434524536e-01
2.565177679061889648e-01 -2.239921838045120239e-01 -1.997892856597900391e-01
1.454740464687347412e-01 -3.265761435031890869e-01 -2.051026225090026855e-01
2.361850440502166748e-01 -2.345496863126754761e-01 -2.148879319429397583e-01
1.779804527759552002e-01 -2.753877043724060059e-01 -2.129917293787002563e-01
1.972278505563735962e-01 -5.066331624984741211e-01 -1.304130405187606812e-01
9.781794995069503784e-02 -2.813267111778259277e-01 -2.221139669418334961e-01
1.693974137306213379e-01 -3.482573926448822021e-01 -2.473797053098678589e-01
3.129890561103820801e-01 -1.723063141107559204e-01 -1.663573235273361206e-01
1.956488639116287231e-01 -2.741788327693939209e-01 -2.309600412845611572e-01
1.598495990037918091e-01 -3.725386261940002441e-01 -2.335154563188552856e-01
2.228871285915374756e-01 -2.481835186481475830e-01 -2.201092541217803955e-01
2.878051400184631348e-01 -1.794831752777099609e-01 -1.754021644592285156e-01
1.011747419834136963e-01 -2.949430048465728760e-01 -1.933445930480957031e-01
1.821447461843490601e-01 -2.718501985073089600e-01 -2.320183813571929932e-01
2.574925124645233154e-01 -1.946530193090438843e-01 -2.032143622636795044e-01
2.649420797824859619e-01 -2.114239782094955444e-01 -1.930333077907562256e-01
2.960478365421295166e-01 -1.512108445167541504e-01 -1.011474430561065674e-01
1.818719357252120972e-01 -2.656938731670379639e-01 -2.116801291704177856e-01
2.459838688373565674e-01 -2.302218228578567505e-01 -2.086836695671081543e-01
1.545945405960083008e-01 -3.231348395347595215e-01 -2.352019399404525757e-01
3.165452480316162109e-01 -1.058796495199203491e-01 -1.654662787914276123e-01
-6.322411354631185532e-03 -1.889255642890930176e-01 -3.363871276378631592e-01
1.364366859197616577e-01 -2.930473983287811279e-01 -2.797485888004302979e-01
2.376839816570281982e-01 -2.369357496500015259e-01 -2.114219218492507935e-01
1.972698271274566650e-01 -2.679697275161743164e-01 -2.284831106662750244e-01
1.747928857803344727e-01 -2.892125248908996582e-01 -2.345121949911117554e-01
3.505114316940307617e-01 -1.470703035593032837e-01 -2.058993726968765259e-01
2.012269645929336548e-01 -2.540808022022247314e-01 -2.234830409288406372e-01
1.257162094116210938e-01 -3.284122049808502197e-01 -2.059358507394790649e-01
3.215062022209167480e-01 -1.741502135992050171e-01 -1.330654919147491455e-01
3.248472511768341064e-01 -8.595705777406692505e-02 -3.529258668422698975e-01
3.601390719413757324e-01 -1.665749102830886841e-01 -6.948866695165634155e-02
1.700016856193542480e-01 -3.117070794105529785e-01 -2.294532656669616699e-01
1.611321419477462769e-01 -3.719303607940673828e-01 -1.994955390691757202e-01
1.837004721164703369e-01 -2.454705536365509033e-01 -2.198384106159210205e-01
1.224611848592758179e-01 -2.879315316677093506e-01 -2.220288962125778198e-01
1.402693241834640503e-01 -3.887135386466979980e-01 -5.824413895606994629e-02
1.963013261556625366e-01 -2.726450264453887939e-01 -2.254376262426376343e-01
7.270912826061248779e-02 -2.484126985073089600e-01 -1.743217557668685913e-01
2.764058411121368408e-01 -1.993201076984405518e-01 -1.781041324138641357e-01
3.495237529277801514e-01 -8.375758677721023560e-02 -2.723132371902465820e-01
1.733241230249404907e-01 -4.133271872997283936e-01 -3.827861249446868896e-01
1.453005373477935791e-01 -2.937789261341094971e-01 -2.081755697727203369e-01
2.921285033226013184e-01 -1.895476132631301880e-01 -1.311344653367996216e-01
4.256019890308380127e-01 -2.538672685623168945e-01 1.439149975776672363e-01
2.381484657526016235e-01 -2.377128154039382935e-01 -2.113143801689147949e-01
3.065379261970520020e-01 -1.673434972763061523e-01 -1.540424972772598267e-01
3.003745377063751221e-01 -1.763499528169631958e-01 -2.089793980121612549e-01
-8.659023046493530273e-02 -9.671590477228164673e-02 -2.092222422361373901e-01
1.282050311565399170e-01 -3.720367550849914551e-01 -4.455046951770782471e-01
2.989120781421661377e-01 -1.825614720582962036e-01 -1.804622113704681396e-01
2.974670231342315674e-01 -2.014729380607604980e-01 -1.373061835765838623e-01
3.315299451351165771e-01 -1.783782094717025757e-01 -2.059755325317382812e-01
2.481348067522048950e-01 -2.241018116474151611e-01 -2.129519432783126831e-01
2.813129723072052002e-01 -1.937974542379379272e-01 -1.743960231542587280e-01
1.240212544798851013e-01 -3.181488811969757080e-01 -1.645987629890441895e-01
1.482449322938919067e-01 -3.032689690589904785e-01 -1.743064820766448975e-01
3.096564412117004395e-01 -1.710887849330902100e-01 -1.352435946464538574e-01
1.623691469430923462e-01 -3.876684606075286865e-01 -2.396598607301712036e-01
2.844509780406951904e-01 -1.955214738845825195e-01 -1.752715855836868286e-01
1.025568246841430664e-01 -3.889537453651428223e-01 -3.970616459846496582e-01
1.382895261049270630e-01 -2.872096598148345947e-01 -2.052298635244369507e-01
2.612076103687286377e-01 -2.060909420251846313e-01 -2.055112123489379883e-01
2.675458192825317383e-01 -1.941249221563339233e-01 -1.688861399888992310e-01
1.586502343416213989e-01 -3.632841110229492188e-01 -3.098121881484985352e-01
2.394306659698486328e-01 -2.128149271011352539e-01 -1.997012794017791748e-01
2.306631207466125488e-01 -2.325293719768524170e-01 -2.011336833238601685e-01
1.327166110277175903e-01 -3.564545512199401855e-01 -2.363419085741043091e-01
1.073693558573722839e-01 -3.189363181591033936e-01 -1.597074717283248901e-01
2.318789809942245483e-01 -2.384822666645050049e-01 -2.153904139995574951e-01
2.335893511772155762e-01 -2.178783416748046875e-01 -2.177518606185913086e-01
2.068397104740142822e-01 -2.738465368747711182e-01 -2.166043519973754883e-01
1.915407478809356689e-01 -2.675493061542510986e-01 -2.187924981117248535e-01
2.245957255363464355e-01 -2.563531994819641113e-01 -2.137497514486312866e-01
2.371547818183898926e-01 -2.365730255842208862e-01 -2.102686762809753418e-01
6.409899145364761353e-02 -2.601535022258758545e-01 -3.191188871860504150e-01
2.940475344657897949e-01 -2.004555314779281616e-01 -1.708434373140335083e-01
2.152026891708374023e-01 -2.548266649246215820e-01 -2.166647911071777344e-01
2.055636942386627197e-01 -2.728375494480133057e-01 -2.073237150907516479e-01
1.434598267078399658e-01 -2.820632755756378174e-01 -1.984208673238754272e-01
1.680679023265838623e-01 -2.963346242904663086e-01 -2.430479526519775391e-01
2.553101778030395508e-01 -2.273543477058410645e-01 -2.032519429922103882e-01
4.211442768573760986e-01 -2.686503529548645020e-01 1.651594415307044983e-02
3.301397562026977539e-01 -1.655373573303222656e-01 -2.544857747852802277e-02
2.133566588163375854e-01 -2.530611455440521240e-01 -2.196163684129714966e-01
1.209352836012840271e-01 -2.854492664337158203e-01 -2.416303306818008423e-01
1.645441353321075439e-01 -3.477842807769775391e-01 -2.809736430644989014e-01
2.465779483318328857e-01 -2.302629351615905762e-01 -2.034247964620590210e-01
2.755049169063568115e-01 -1.953151375055313110e-01 -1.913200467824935913e-01
1.907083392143249512e-01 8.024930208921432495e-02 1.455353945493698120e-01
2.058195620775222778e-01 -2.712154388427734375e-01 -2.165044546127319336e-01
1.747200489044189453e-01 -2.767480909824371338e-01 -2.238666862249374390e-01
1.155210360884666443e-01 -2.679665684700012207e-01 -2.040303498506546021e-01
2.715288400650024414e-01 -2.151071727275848389e-01 -1.934576630592346191e-01
2.576003670692443848e-01 -2.125568240880966187e-01 -2.022184133529663086e-01
2.078871130943298340e-01 -2.668134868144989014e-01 -2.119865864515304565e-01
9.491407871246337891e-02 -3.480097353458404541e-01 -4.288317263126373291e-01
2.732214033603668213e-01 -1.979319751262664795e-01 -1.704619228839874268e-01
2.803553044795989990e-01 -1.540650725364685059e-01 -1.780361235141754150e-01
2.449197769165039062e-01 -2.285333126783370972e-01 -2.084562927484512329e-01
2.222203016281127930e-01 -2.308208793401718140e-01 -2.067577242851257324e-01
2.073357701301574707e-01 -2.592346668243408203e-01 -2.216818034648895264e-01
2.661733925342559814e-01 -2.005250453948974609e-01 -2.037878185510635376e-01
2.091608941555023193e-01 -2.569822669029235840e-01 -2.312494963407516479e-01
-6.306236609816551208e-03 -2.062425613403320312e-01 -1.081371456384658813e-01
3.119939267635345459e-01 -1.403618603944778442e-01 -1.341563016176223755e-01
