2.390589416027069092e-01 -1.482797116041183472e-01 7.475334405899047852e-02 -1.142502203583717346e-01
1.515054702758789062e-01 -2.494847029447555542e-01 1.055321544408798218e-01 -1.079693734645843506e-01
2.046756297349929810e-01 -2.103448659181594849e-01 5.255865678191184998e-02 -1.274405717849731445e-01
1.498536765575408936e-01 -2.569592595100402832e-01 1.008157804608345032e-01 -1.051681190729141235e-01
1.593521088361740112e-01 -2.451983392238616943e-01 8.036514371633529663e-02 -1.143933385610580444e-01
1.949283629655838013e-01 -2.384304404258728027e-01 7.439127564430236816e-02 -1.358690112829208374e-01
2.256326377391815186e-01 9.640566259622573853e-02 6.091833114624023438e-02 -1.782362721860408783e-02
2.271980047225952148e-01 -1.865511387586593628e-01 8.205209672451019287e-02 -1.547323614358901978e-01
2.037377804517745972e-01 -2.357586324214935303e-01 5.276464298367500305e-02 -1.234828010201454163e-01
2.837134897708892822e-01 -1.473580747842788696e-01 -3.832154721021652222e-02 -1.568740606307983398e-01
1.636367887258529663e-01 -2.397733479738235474e-01 6.700590997934341431e-02 -1.273842751979827881e-01
2.094694375991821289e-01 -2.154156118631362915e-01 7.536977529525756836e-02 -1.223852410912513733e-01
7.560610771179199219e-02 -2.732448279857635498e-01 6.720015406608581543e-02 -2.638088352978229523e-02
1.945697814226150513e-01 -2.236458361148834229e-01 7.715751230716705322e-02 -1.260786652565002441e-01
2.114358693361282349e-01 -2.158886790275573730e-01 6.426132470369338989e-02 -1.094433441758155823e-01
2.604628205299377441e-01 -8.689333498477935791e-02 1.102757081389427185e-01 -7.372672855854034424e-02
1.541727781295776367e-01 -2.654027938842773438e-01 9.080863744020462036e-02 -1.236279681324958801e-01
1.998037248849868774e-01 -2.235787957906723022e-01 8.033864945173263550e-02 -1.288236826658248901e-01
1.645030826330184937e-01 -2.255685180425643921e-01 8.225954324007034302e-02 -1.325828731060028076e-01
2.193748503923416138e-01 -2.015712857246398926e-01 5.517493188381195068e-02 -9.590604901313781738e-02
2.197661995887756348e-01 -1.712648719549179077e-01 7.647436857223510742e-02 -1.284302771091461182e-01
1.881850808858871460e-01 -2.535970807075500488e-01 8.319950848817825317e-02 -1.205019056797027588e-01
1.337739825248718262e-01 -2.760283648967742920e-01 7.329812645912170410e-02 -1.435175538063049316e-01
2.668181061744689941e-01 -1.660568416118621826e-01 2.071872353553771973e-02 -1.732252538204193115e-01
1.037193834781646729e-01 -2.353720963001251221e-01 5.151068791747093201e-02 -8.741378039121627808e-02
1.176346540451049805e-01 -2.732871174812316895e-01 6.861520558595657349e-02 -4.079987481236457825e-02
2.276070415973663330e-01 -2.048546075820922852e-01 3.684853762388229370e-02 -1.297146379947662354e-01
2.143979817628860474e-01 -2.316499948501586914e-01 5.477766692638397217e-02 -1.306988149881362915e-01
2.175538986921310425e-01 -2.170844674110412598e-01 4.852857813239097595e-02 -1.293259859085083008e-01
1.290262490510940552e-01 -2.792437672615051270e-01 7.259441167116165161e-02 -1.115320622920989990e-01
1.944199204444885254e-01 -2.420839965343475342e-01 6.460019201040267944e-02 -1.336594820022583008e-01
1.328190416097640991e-01 -2.474502921104431152e-01 6.778448820114135742e-02 -1.121211647987365723e-01
1.376771032810211182e-01 -2.989606261253356934e-01 9.293056279420852661e-02 -1.330406516790390015e-01
2.458160966634750366e-01 -1.839048713445663452e-01 4.643084853887557983e-02 -1.459986269474029541e-01
1.900899261236190796e-01 -2.266215384006500244e-01 7.056704163551330566e-02 -1.207414939999580383e-01
8.938574790954589844e-02 -2.866778671741485596e-01 -5.319336429238319397e-03 -4.514377564191818237e-02
1.874948441982269287e-01 -2.371313124895095825e-01 8.120993524789810181e-02 -9.831181168556213379e-02
1.748540699481964111e-01 -2.533761262893676758e-01 6.599695980548858643e-02 -1.336512267589569092e-01
1.504552513360977173e-01 -2.665026187896728516e-01 9.056580066680908203e-02 -1.104790791869163513e-01
1.839590072631835938e-01 -2.393273264169692993e-01 7.646334171295166016e-02 -1.248037666082382202e-01
2.561566531658172607e-01 -2.207174450159072876e-01 3.877482190728187561e-02 -1.900571286678314209e-01
1.636504530906677246e-01 -2.371631413698196411e-01 7.446005940437316895e-02 -1.305841207504272461e-01
1.804965883493423462e-01 -2.562288641929626465e-01 8.253103494644165039e-02 -1.001765131950378418e-01
1.429054737091064453e-01 -2.590501904487609863e-01 1.053581610321998596e-01 -1.194362789392471313e-01
2.229746729135513306e-01 2.750900574028491974e-02 2.259331643581390381e-01 4.088095203042030334e-02
4.530198872089385986e-02 -1.718983203172683716e-01 1.834459751844406128e-01 8.773089945316314697e-02
1.733221560716629028e-01 -2.399333715438842773e-01 7.742800563573837280e-02 -1.085637360811233521e-01
1.745931208133697510e-01 -2.403084933757781982e-01 8.667559176683425903e-02 -1.157426387071609497e-01
1.353128254413604736e-01 -2.384172379970550537e-01 9.246979653835296631e-02 -1.312000304460525513e-01
1.402357965707778931e-01 -2.692669332027435303e-01 6.707596033811569214e-02 -8.882234245538711548e-02
2.002905607223510742e-01 -2.309920787811279297e-01 8.353316038846969604e-02 -1.248751133680343628e-01
2.306619733572006226e-01 -1.982253789901733398e-01 2.216976322233676910e-02 -1.052464395761489868e-01
1.128273233771324158e-01 -2.954409122467041016e-01 5.917607620358467102e-02 -7.839080691337585449e-02
2.706633508205413818e-01 1.967150419950485229e-01 5.591277480125427246e-01 -5.550134778022766113e-01
1.752815097570419312e-01 -2.367430627346038818e-01 7.379553467035293579e-02 -1.160282045602798462e-01
8.650527894496917725e-02 -2.483714222908020020e-01 1.167305335402488708e-01 -1.056295931339263916e-01
1.973323971033096313e-01 -2.199112474918365479e-01 6.561431288719177246e-02 -1.156394556164741516e-01
2.323052138090133667e-01 -1.743913143873214722e-01 2.143452130258083344e-02 -1.137036606669425964e-01
2.575905919075012207e-01 -1.284728944301605225e-01 4.045612737536430359e-02 -1.416926532983779907e-01
2.037466466426849365e-01 -2.376520484685897827e-01 5.630275979638099670e-02 -1.306094378232955933e-01
7.346525043249130249e-02 -3.396202623844146729e-01 -2.347764074802398682e-01 -1.634493321180343628e-01
1.759033948183059692e-01 -2.442194372415542603e-01 7.621205598115921021e-02 -1.202883943915367126e-01
1.821572482585906982e-01 -2.160786241292953491e-01 7.207369804382324219e-02 -1.413613408803939819e-01
9.802976995706558228e-02 -2.090284377336502075e-01 1.822145879268646240e-01 -1.026205942034721375e-01
2.557113468647003174e-01 -2.509967051446437836e-02 -1.061461418867111206e-01 -3.401442766189575195e-01
9.730421751737594604e-02 -2.312793135643005371e-01 5.582482367753982544e-02 -1.896163225173950195e-01
1.429615914821624756e-01 -2.711252570152282715e-01 9.516103565692901611e-02 -1.419761031866073608e-01
2.935947775840759277e-01 -1.883137375116348267e-01 6.505448371171951294e-02 -3.977094888687133789e-01
1.545292735099792480e-01 -2.780292928218841553e-01 7.806310802698135376e-02 -1.179061308503150940e-01
1.230691075325012207e-01 -2.420843392610549927e-01 1.036790758371353149e-01 -1.122654676437377930e-01
2.024077773094177246e-01 -2.364649027585983276e-01 8.009643852710723877e-02 -1.218409612774848938e-01
3.789708912372589111e-01 -8.903237432241439819e-02 5.393280833959579468e-02 -1.978840529918670654e-01
2.588737905025482178e-01 -1.200011894106864929e-01 2.098765522241592407e-01 -1.157620698213577271e-01
2.138933241367340088e-01 -2.182378023862838745e-01 6.403784453868865967e-02 -1.056457087397575378e-01
2.373781353235244751e-01 -4.635908082127571106e-02 1.330017298460006714e-01 -2.153914980590343475e-02
1.516371816396713257e-01 -2.433195114135742188e-01 9.899178892374038696e-02 -1.214880347251892090e-01
8.252769708633422852e-02 -3.534555137157440186e-01 -9.811686724424362183e-02 -6.691750884056091309e-02
2.049445509910583496e-01 -2.039332985877990723e-01 7.913908362388610840e-02 -1.320279687643051147e-01
2.196977883577346802e-01 -2.187769562005996704e-01 7.696341723203659058e-02 -1.208972334861755371e-01
1.826594173908233643e-01 -2.458452731370925903e-01 7.435040175914764404e-02 -1.183105409145355225e-01
2.173811942338943481e-01 -2.040371745824813843e-01 6.269231438636779785e-02 -1.024196296930313110e-01
2.114812433719635010e-01 -2.154415547847747803e-01 7.071337848901748657e-02 -1.249974519014358521e-01
2.410123348236083984e-01 -7.619861513376235962e-02 -1.847066283226013184e-01 -8.280277252197265625e-02
2.170392274856567383e-01 -2.339047789573669434e-01 6.081134453415870667e-02 -1.103280633687973022e-01
4.306825250387191772e-02 -2.284156382083892822e-01 1.942066401243209839e-01 1.288348585367202759e-01
1.379600316286087036e-01 -2.494358122348785400e-01 1.197053641080856323e-01 -1.047763600945472717e-01
1.004999652504920959e-01 -3.245493769645690918e-01 1.699236929416656494e-01 -9.144021198153495789e-03
1.519874483346939087e-01 -2.409039288759231567e-01 9.213215857744216919e-02 -1.360263824462890625e-01
1.623200476169586182e-01 -2.446877509355545044e-01 7.332423329353332520e-02 -1.421436220407485962e-01
2.345090657472610474e-01 -1.410702764987945557e-01 1.140109896659851074e-01 -1.438501626253128052e-01
1.034788936376571655e-01 -2.287721186876296997e-01 1.388532072305679321e-01 -6.619986891746520996e-02
2.218835651874542236e-01 -1.925451904535293579e-01 1.216879952698945999e-02 -9.600570797920227051e-02
2.195031195878982544e-01 -2.405227124691009521e-01 4.221558943390846252e-02 -1.210931688547134399e-01
1.602931469678878784e-01 -2.414543181657791138e-01 7.991479337215423584e-02 -1.109279766678810120e-01
2.104834616184234619e-01 -2.223132103681564331e-01 5.340497940778732300e-02 -1.370687931776046753e-01
1.827912330627441406e-01 -2.273613661527633667e-01 7.130791991949081421e-02 -1.389676481485366821e-01
2.220620363950729370e-01 -1.732669621706008911e-01 2.762843295931816101e-02 -7.848574966192245483e-02
2.299168407917022705e-01 -1.417524181306362152e-03 1.520036011934280396e-01 -1.107421368360519409e-01
-5.326705053448677063e-03 -6.053376197814941406e-02 3.025889396667480469e-01 1.809595227241516113e-01
1.483992040157318115e-01 -2.657049596309661865e-01 7.029420137405395508e-02 -1.093907207250595093e-01
2.685501575469970703e-01 -2.067527025938034058e-01 -1.587903313338756561e-02 -1.698932647705078125e-01
2.378958910703659058e-01 -1.844757497310638428e-01 7.873942703008651733e-02 -1.560519188642501831e-01
2.793737053871154785e-01 -7.226470857858657837e-02 2.701457738876342773e-01 -1.798499077558517456e-01
2.505341768264770508e-01 -1.674808412790298462e-01 1.037321463227272034e-01 -1.247047781944274902e-01
6.970239430665969849e-02 -1.797333657741546631e-01 1.574883908033370972e-01 -6.379295140504837036e-02
2.102743089199066162e-01 -2.174977213144302368e-01 6.690262258052825928e-02 -1.249125897884368896e-01
1.258270740509033203e-01 -2.522667944431304932e-01 1.547844707965850830e-01 -9.789095073938369751e-02
2.161911875009536743e-01 -2.292811125516891479e-01 8.984432369470596313e-02 -1.392350494861602783e-01
1.963833719491958618e-01 -2.456768155097961426e-01 7.855638116598129272e-02 -1.273040324449539185e-01
2.421522736549377441e-01 -1.829504668712615967e-01 5.926036741584539413e-03 -1.753840595483779907e-01
2.089058756828308105e-01 -2.108399718999862671e-01 8.604355901479721069e-02 -9.465951472520828247e-02
6.674061715602874756e-02 -2.069092988967895508e-01 2.118796110153198242e-01 -1.996093839406967163e-01
1.010396629571914673e-01 -2.755487263202667236e-01 4.247792065143585205e-02 5.957769230008125305e-02
2.213019132614135742e-01 -1.310081183910369873e-01 4.408576339483261108e-02 -1.177847757935523987e-01
1.608515232801437378e-01 -2.340706288814544678e-01 1.042309403419494629e-01 -1.191944852471351624e-01
9.318635612726211548e-02 -2.454321533441543579e-01 9.641095250844955444e-02 -3.736151009798049927e-02
2.178805172443389893e-01 -1.996337771415710449e-01 8.323833346366882324e-02 -1.259354501962661743e-01
1.587746143341064453e-01 -2.523426711559295654e-01 1.032379567623138428e-01 -1.087070330977439880e-01
6.070341914892196655e-02 -1.297780424356460571e-01 3.094639070332050323e-02 -1.486660689115524292e-01
7.092858105897903442e-02 -2.914235293865203857e-01 1.201010271906852722e-01 -9.338168054819107056e-02
7.551563531160354614e-02 -2.100290060043334961e-01 2.548795342445373535e-01 3.815304487943649292e-03
2.555384635925292969e-01 -2.119080275297164917e-01 1.206412389874458313e-01 -1.748883873224258423e-01
2.350427806377410889e-01 1.621883511543273926e-01 -1.432528346776962280e-01 -4.057623445987701416e-02
2.319516241550445557e-01 -1.845905780792236328e-01 4.073524102568626404e-02 -1.245216503739356995e-01
1.970371901988983154e-01 -2.351762950420379639e-01 6.918807327747344971e-02 -1.251834183931350708e-01
1.600465625524520874e-01 -2.387267351150512695e-01 6.835878640413284302e-02 -1.126362085342407227e-01
1.057943403720855713e-01 -2.794387340545654297e-01 1.104713007807731628e-01 -1.405093669891357422e-01
1.669884473085403442e-01 -2.293182462453842163e-01 7.861971110105514526e-02 -1.212029680609703064e-01
1.586936563253402710e-01 -2.387406527996063232e-01 9.215455502271652222e-02 -1.195034086704254150e-01
2.041500061750411987e-01 -2.088968157768249512e-01 7.211395353078842163e-02 -1.067638322710990906e-01
1.188953071832656860e-01 -2.884566485881805420e-01 6.672301888465881348e-02 -1.129773706197738647e-01
9.896560013294219971e-02 -2.299608886241912842e-01 1.036433726549148560e-01 -3.842543577775359154e-03
1.102548390626907349e-01 -3.597750663757324219e-01 3.030351400375366211e-01 -4.764094948768615723e-02
2.477547228336334229e-01 -1.806003004312515259e-01 6.914570182561874390e-02 -1.274287253618240356e-01
1.388059556484222412e-01 -2.461416721343994141e-01 1.040557026863098145e-01 -1.325216144323348999e-01
2.094010114669799805e-01 -2.279969900846481323e-01 5.581324920058250427e-02 -1.007479652762413025e-01
2.596141695976257324e-01 -1.797777116298675537e-01 -1.338000874966382980e-02 -1.090855225920677185e-01
2.443683296442031860e-01 -1.101356521248817444e-01 2.834612503647804260e-02 -8.562876284122467041e-02
2.436009943485260010e-01 -2.211998254060745239e-01 1.770816743373870850e-02 -1.349994540214538574e-01
2.489752918481826782e-01 -1.443963348865509033e-01 1.385415494441986084e-01 -1.024646461009979248e-01
2.764186263084411621e-01 -9.752477705478668213e-02 -2.478113770484924316e-02 -2.311347275972366333e-01
1.509657949209213257e-01 -2.724923193454742432e-01 8.540720492601394653e-02 -1.168407201766967773e-01
1.124671474099159241e-01 -2.366841286420822144e-01 1.281615048646926880e-01 -1.023131757974624634e-01
2.199047952890396118e-01 -1.995405107736587524e-01 6.664998829364776611e-02 -8.878935128450393677e-02
1.768667846918106079e-01 -2.228441685438156128e-01 7.878621667623519897e-02 -1.264694631099700928e-01
1.537850946187973022e-01 -2.510538995265960693e-01 7.121562957763671875e-02 -1.110060736536979675e-01
1.795691251754760742e-01 -2.328429222106933594e-01 9.266904741525650024e-02 -1.317924708127975464e-01
1.231900379061698914e-01 -2.445730715990066528e-01 4.869021847844123840e-02 -1.185072213411331177e-01
2.413930594921112061e-01 -1.650287955999374390e-01 9.745141118764877319e-02 -1.665946394205093384e-01
8.806260675191879272e-02 -3.945815563201904297e-01 -1.462739706039428711e-02 1.370605677366256714e-01
1.742016226053237915e-01 -2.499010413885116577e-01 9.083169698715209961e-02 -1.249958798289299011e-01
1.340872347354888916e-01 -2.588295638561248779e-01 8.312657475471496582e-02 -1.561017036437988281e-01
1.940138638019561768e-01 -2.308126389980316162e-01 8.154600858688354492e-02 -1.318337619304656982e-01
2.571248710155487061e-01 -1.347430944442749023e-01 -4.148131608963012695e-02 -4.661346226930618286e-02
2.564047276973724365e-01 6.207718327641487122e-02 -2.641083598136901855e-01 -1.979753375053405762e-01
2.198806852102279663e-01 -2.383902668952941895e-01 6.239194422960281372e-02 -1.311653703451156616e-01
1.389891058206558228e-01 -2.427048832178115845e-01 8.794900774955749512e-02 -1.109102144837379456e-01
2.292760908603668213e-01 8.765070140361785889e-02 8.225009590387344360e-02 -1.037389263510704041e-01
1.006071716547012329e-01 -2.140714079141616821e-01 9.879329055547714233e-02 -1.735288649797439575e-01
1.486261337995529175e-01 -2.604211568832397461e-01 9.763745963573455811e-02 -9.231688082218170166e-02
1.200246736407279968e-01 -2.965109944343566895e-01 1.550775617361068726e-01 -1.090970188379287720e-01
1.874034702777862549e-01 -2.274738550186157227e-01 7.436689734458923340e-02 -1.154092475771903992e-01
1.915351003408432007e-01 -2.009502500295639038e-01 8.109818398952484131e-02 -1.073211655020713806e-01
2.549667656421661377e-01 -2.382129058241844177e-02 2.709710896015167236e-01 2.373653054237365723e-01
1.558004170656204224e-01 -2.567375302314758301e-01 8.838377892971038818e-02 -1.132869124412536621e-01
1.898851245641708374e-01 -2.021166235208511353e-01 5.946540459990501404e-02 -1.187327653169631958e-01
1.928216516971588135e-01 -2.091159671545028687e-01 6.684138625860214233e-02 -1.376052647829055786e-01
2.645238637924194336e-01 -1.529693305492401123e-01 -5.270889773964881897e-02 -3.711336255073547363e-01
1.296244263648986816e-01 -2.331145107746124268e-01 6.013613939285278320e-02 -8.837629109621047974e-02
2.223638743162155151e-01 -2.124508917331695557e-01 9.937997907400131226e-02 -1.266657263040542603e-01
2.560877501964569092e-01 -1.951367408037185669e-01 6.148689426481723785e-03 -6.658421456813812256e-02
1.942985951900482178e-01 -2.276303768157958984e-01 7.170073688030242920e-02 -1.131438463926315308e-01
1.314590424299240112e-01 -2.735674679279327393e-01 9.106343239545822144e-02 -7.775308936834335327e-02
3.387468755245208740e-01 -2.883563637733459473e-01 -3.860948085784912109e-01 -3.567214310169219971e-01
2.219658643007278442e-01 -2.262666523456573486e-01 5.200152099132537842e-02 -1.285609304904937744e-01
2.345606982707977295e-01 -1.869654953479766846e-01 5.426780506968498230e-02 -1.001175269484519958e-01
2.812261879444122314e-01 -7.775191217660903931e-02 -9.269990772008895874e-02 -3.798528909683227539e-01
9.410695731639862061e-02 -2.789746820926666260e-01 -4.563523456454277039e-03 -2.944177202880382538e-02
9.735874086618423462e-02 -2.141545861959457397e-01 4.055138304829597473e-02 -6.523752212524414062e-02
2.498925477266311646e-01 -6.757830828428268433e-02 1.543140858411788940e-01 6.485655903816223145e-02
1.343129295855760574e-02 -9.197922796010971069e-02 4.119838178157806396e-01 -4.290026053786277771e-02
6.504101306200027466e-02 -2.133275866508483887e-01 -4.346209112554788589e-03 3.155875951051712036e-02
1.295907348394393921e-01 -2.760617434978485107e-01 1.142962351441383362e-01 -1.183295473456382751e-01
6.164103001356124878e-02 -1.717202961444854736e-01 2.524122036993503571e-02 -1.621236056089401245e-01
1.906383931636810303e-01 -2.248856723308563232e-01 9.314534813165664673e-02 -1.127560064196586609e-01
1.702712923288345337e-01 -2.459695041179656982e-01 9.367083013057708740e-02 -1.167613565921783447e-01
1.391444504261016846e-01 -2.502084374427795410e-01 9.384310990571975708e-02 -1.086093932390213013e-01
2.994444966316223145e-01 -2.238810658454895020e-01 -1.959385275840759277e-01 -1.828996539115905762e-01
1.572299450635910034e-01 -2.644657790660858154e-01 7.383409887552261353e-02 -1.208413839340209961e-01
1.573286503553390503e-01 -2.611033618450164795e-01 9.715459495782852173e-02 -1.088594719767570496e-01
8.157164603471755981e-02 -1.975875347852706909e-01 1.082148551940917969e-01 -1.397329419851303101e-01
2.780656516551971436e-01 -1.202697157859802246e-01 -3.617096319794654846e-02 5.551501736044883728e-02
2.223684936761856079e-01 -1.716006100177764893e-01 7.301716506481170654e-02 -1.163512840867042542e-01
2.073970139026641846e-01 -1.988099813461303711e-01 6.207736209034919739e-02 -1.173261404037475586e-01
1.769198030233383179e-01 -2.339394390583038330e-01 7.873602956533432007e-02 -1.159577146172523499e-01
2.163045406341552734e-01 -1.974651515483856201e-01 4.432999342679977417e-02 -1.267272680997848511e-01
2.086523920297622681e-01 -2.068808823823928833e-01 4.915856942534446716e-02 -1.287452727556228638e-01
2.911911904811859131e-01 -2.501625716686248779e-01 8.205390721559524536e-02 1.901125069707632065e-03
1.238745898008346558e-01 -2.365746051073074341e-01 8.355218172073364258e-02 -1.703401803970336914e-01
8.017801493406295776e-02 -2.555821537971496582e-01 2.363076210021972656e-01 2.217000909149646759e-02
2.390682399272918701e-01 -1.711877435445785522e-01 4.761603102087974548e-02 -1.289702951908111572e-01
6.392274051904678345e-02 -1.968545019626617432e-01 9.136465936899185181e-02 -4.483273252844810486e-02
1.565119177103042603e-01 -2.421489506959915161e-01 1.020931527018547058e-01 -1.111673712730407715e-01
2.131486088037490845e-01 -2.026125192642211914e-01 4.615368694067001343e-02 -1.263989806175231934e-01
1.812026500701904297e-01 -2.621733546257019043e-01 9.076187759637832642e-02 -1.211419478058815002e-01
8.970018476247787476e-02 -2.270638495683670044e-01 9.391275048255920410e-02 -9.445454180240631104e-02
1.611378490924835205e-01 -2.556604146957397461e-01 7.898488640785217285e-02 -1.080326437950134277e-01
2.237981855869293213e-01 -1.975192278623580933e-01 7.209254056215286255e-02 -1.333452165126800537e-01
2.512173652648925781e-01 -1.586033850908279419e-01 1.176490411162376404e-01 -1.270978003740310669e-01
1.082448437809944153e-01 -2.384580820798873901e-01 1.375704407691955566e-01 -1.112641245126724243e-01
9.077846258878707886e-02 -3.630261123180389404e-01 3.824171051383018494e-02 5.739682540297508240e-02
1.345701813697814941e-01 -2.827467918395996094e-01 6.344099342823028564e-02 -7.751538604497909546e-02
3.640240430831909180e-02 -1.362362504005432129e-01 -1.811506897211074829e-01 -1.649660021066665649e-01
2.052850425243377686e-01 -2.196209728717803955e-01 7.284828275442123413e-02 -1.033899858593940735e-01
7.182804495096206665e-02 -1.686423420906066895e-01 2.432432323694229126e-01 -2.249805927276611328e-01
2.080297768115997314e-01 -1.971433013677597046e-01 8.134678751230239868e-02 -1.051751747727394104e-01
3.612456470727920532e-02 -1.827640384435653687e-01 -3.916606009006500244e-01 -2.263578027486801147e-01
1.584545075893402100e-01 -2.415114641189575195e-01 1.092835217714309692e-01 -1.075998395681381226e-01
2.828484401106834412e-02 -8.933268487453460693e-02 -6.626397371292114258e-03 -2.111951708793640137e-01
1.593402028083801270e-01 -2.514785826206207275e-01 8.917851001024246216e-02 -1.172922775149345398e-01
2.374212890863418579e-01 -6.775097548961639404e-02 -1.302772015333175659e-01 -1.766336113214492798e-01
1.902066171169281006e-01 -2.184944301843643188e-01 6.671151518821716309e-02 -1.193712353706359863e-01
2.464712411165237427e-01 -1.993289142847061157e-01 5.207476019859313965e-02 -1.119348704814910889e-01
1.279101818799972534e-01 -2.593382894992828369e-01 1.154269650578498840e-01 -9.152773022651672363e-02
2.697369158267974854e-01 -3.213509544730186462e-02 1.528142690658569336e-01 -2.656314671039581299e-01
2.513767778873443604e-01 -1.195874363183975220e-01 1.054433733224868774e-01 -7.153812795877456665e-02
2.593662738800048828e-01 -1.937380880117416382e-01 -6.632819306105375290e-03 -1.805320233106613159e-01
1.641856729984283447e-01 -2.528712749481201172e-01 8.431922644376754761e-02 -1.407626122236251831e-01
2.282805144786834717e-01 -2.107607275247573853e-01 4.867653548717498779e-02 -9.348902851343154907e-02
1.187132447957992554e-01 -2.347696572542190552e-01 6.563708186149597168e-02 -1.292831152677536011e-01
6.486495584249496460e-02 -2.233054488897323608e-01 2.157663255929946899e-01 -2.214477956295013428e-02
1.512870341539382935e-01 -2.548564374446868896e-01 1.131144315004348755e-01 -9.964206069707870483e-02
2.361083179712295532e-01 -1.921605616807937622e-01 5.322791635990142822e-02 -8.089429140090942383e-02
2.250163406133651733e-01 -1.931030005216598511e-01 6.264962255954742432e-02 -1.453293263912200928e-01
1.602468341588973999e-01 -2.611357569694519043e-01 8.379931002855300903e-02 -1.300270408391952515e-01
2.181433737277984619e-01 -1.992621719837188721e-01 5.952364206314086914e-02 -1.285778433084487915e-01
1.783678680658340454e-01 -2.347335219383239746e-01 6.063460558652877808e-02 -1.242899000644683838e-01
1.218618080019950867e-01 -2.453852444887161255e-01 1.088537871837615967e-01 -1.145952492952346802e-01
2.043518871068954468e-01 -2.301988005638122559e-01 6.250510364770889282e-02 -1.313430666923522949e-01
2.208701968193054199e-01 -1.041004210710525513e-01 1.186368390917778015e-01 -1.569770276546478271e-01
9.565778821706771851e-02 -2.856775224208831787e-01 -1.043633148074150085e-01 -1.869797259569168091e-01
2.629644572734832764e-01 -2.168095707893371582e-01 7.353458553552627563e-02 -7.981294393539428711e-02
2.019668184220790863e-02 -5.515484139323234558e-02 1.811172813177108765e-01 -1.398262679576873779e-01
1.653239279985427856e-01 -2.591092884540557861e-01 8.681797236204147339e-02 -1.214635744690895081e-01
2.556134462356567383e-01 -1.294855475425720215e-01 1.590502411127090454e-01 3.697466477751731873e-02
2.550178170204162598e-01 -1.618130207061767578e-01 9.627871215343475342e-02 9.230151772499084473e-05
2.034470736980438232e-01 -2.295666933059692383e-01 6.360967457294464111e-02 -1.197863519191741943e-01
9.522387385368347168e-02 -3.129432499408721924e-01 4.634062945842742920e-02 -5.552027374505996704e-02
2.346075028181076050e-01 -1.059680432081222534e-01 -2.222753688693046570e-02 -1.817725598812103271e-01
1.805423647165298462e-01 -2.458306252956390381e-01 7.827350497245788574e-02 -1.278855055570602417e-01
2.423012554645538330e-01 -1.219112053513526917e-01 1.216302365064620972e-01 -1.632361710071563721e-01
1.524223536252975464e-01 -2.615183889865875244e-01 8.525989949703216553e-02 -1.254715472459793091e-01
2.131853103637695312e-01 -2.001375555992126465e-01 4.784604161977767944e-02 -1.277525871992111206e-01
1.867733597755432129e-01 -2.577733397483825684e-01 8.461203426122665405e-02 -1.278626024723052979e-01
1.613003760576248169e-01 -2.536190748214721680e-01 8.010869473218917847e-02 -1.086805537343025208e-01
4.163818433880805969e-02 -1.725412905216217041e-01 2.325804680585861206e-01 4.155958443880081177e-02
9.067720174789428711e-02 -2.391911745071411133e-01 1.897091418504714966e-01 -9.267242252826690674e-02
1.245362386107444763e-01 -2.142973989248275757e-01 1.110598519444465637e-01 -1.219525262713432312e-01
2.202846109867095947e-01 -1.731258779764175415e-01 6.316444277763366699e-02 -1.367405951023101807e-01
2.548571825027465820e-01 -2.395500056445598602e-02 -3.163053989410400391e-01 7.730317115783691406e-02
2.221789509057998657e-01 2.230512350797653198e-01 2.016945742070674896e-02 -3.952703773975372314e-01
1.594888716936111450e-01 -2.558518052101135254e-01 6.506586819887161255e-02 -8.709441870450973511e-02
3.619089722633361816e-02 -1.073633879423141479e-01 -1.715097874402999878e-01 -2.110029757022857666e-01
1.975697129964828491e-01 -2.191068530082702637e-01 8.034470677375793457e-02 -1.171105057001113892e-01
1.864875108003616333e-01 -2.462242543697357178e-01 6.699770689010620117e-02 -1.121943518519401550e-01
1.560354828834533691e-01 -2.554423213005065918e-01 8.010817319154739380e-02 -1.081197559833526611e-01
1.386363357305526733e-01 -2.622333467006683350e-01 1.002845317125320435e-01 -1.189450174570083618e-01
2.507768571376800537e-01 -1.583030223846435547e-01 4.185520112514495850e-02 -1.621282398700714111e-01
1.965875774621963501e-01 -2.418644726276397705e-01 6.971735507249832153e-02 -1.245015263557434082e-01
2.101478278636932373e-01 -2.273028045892715454e-01 7.077517360448837280e-02 -1.246695220470428467e-01
2.124331146478652954e-01 -2.022740393877029419e-01 2.584251202642917633e-02 -1.201732605695724487e-01
1.476982086896896362e-01 -2.979281246662139893e-01 7.324527204036712646e-02 -1.233745217323303223e-01
2.306520640850067139e-01 -1.945560425519943237e-01 1.630379259586334229e-02 -1.622862815856933594e-01
2.053434103727340698e-01 -2.213439792394638062e-01 7.354470342397689819e-02 -1.216301843523979187e-01
6.688016653060913086e-02 -1.113462746143341064e-01 1.598411202430725098e-01 -1.261286437511444092e-01
1.156334280967712402e-01 -2.749822437763214111e-01 1.014525368809700012e-01 -8.226373791694641113e-02
1.366781443357467651e-01 -2.379083037376403809e-01 9.333683550357818604e-02 -9.375774115324020386e-02
1.886404901742935181e-01 -2.255555987358093262e-01 7.603168487548828125e-02 -1.293918043375015259e-01
2.407532036304473877e-01 -1.724679321050643921e-01 6.288096308708190918e-02 -1.411625891923904419e-01
1.923249810934066772e-01 -2.168072313070297241e-01 7.450412213802337646e-02 -1.050252392888069153e-01
2.234624028205871582e-01 -2.066433429718017578e-01 4.955186322331428528e-02 -1.168354526162147522e-01
1.442241072654724121e-01 -2.789143025875091553e-01 7.210188359022140503e-02 -1.158040985465049744e-01
1.766576766967773438e-01 -2.459395527839660645e-01 8.589757978916168213e-02 -1.208077743649482727e-01
1.008565649390220642e-01 -2.924225628376007080e-01 -3.339231759309768677e-02 -1.578111350536346436e-01
1.643692851066589355e-01 -2.723503410816192627e-01 6.588473170995712280e-02 -9.802992641925811768e-02
2.129128575325012207e-01 -2.111980766057968140e-01 7.679345458745956421e-02 -1.211191713809967041e-01
2.794483304023742676e-01 -1.352144628763198853e-01 1.399821490049362183e-01 -2.766136229038238525e-01
2.143198698759078979e-01 -2.029839456081390381e-01 7.647858560085296631e-02 -1.233640164136886597e-01
2.387986481189727783e-01 -2.245483547449111938e-01 6.086518988013267517e-02 -1.214692220091819763e-01
2.079422026872634888e-01 -2.238489240407943726e-01 7.844875007867813110e-02 -1.085666343569755554e-01
2.210142314434051514e-01 -2.413808852434158325e-01 3.186038881540298462e-02 -1.256805360317230225e-01
1.556100398302078247e-01 -2.589615583419799805e-01 8.736941963434219360e-02 -9.594967216253280640e-02
2.146946340799331665e-01 -2.237869799137115479e-01 5.625858530402183533e-02 -1.454588621854782104e-01
1.803532689809799194e-01 -2.373575419187545776e-01 8.088891208171844482e-02 -1.268809288740158081e-01
8.474533259868621826e-02 -2.386285513639450073e-01 -3.142875060439109802e-02 -2.099021822214126587e-01
1.358970552682876587e-01 -2.733364701271057129e-01 1.063202396035194397e-01 -1.048037335276603699e-01
2.712027430534362793e-01 -1.647885739803314209e-01 -4.231436178088188171e-02 -2.076751291751861572e-01
2.239606380462646484e-01 -1.532641202211380005e-01 4.584022238850593567e-02 -1.058872938156127930e-01
2.532419264316558838e-01 -7.189624756574630737e-02 -1.071547865867614746e-01 -7.903528958559036255e-02
9.591708332300186157e-02 -2.899426519870758057e-01 2.491581290960311890e-01 -9.009467065334320068e-02
6.427957117557525635e-02 -2.666958272457122803e-01 1.254663765430450439e-01 -2.884442918002605438e-02
1.267080456018447876e-01 -2.415721267461776733e-01 1.183278486132621765e-01 -1.296828836202621460e-01
1.767895966768264771e-01 -2.563658356666564941e-01 8.671133220195770264e-02 -1.197261586785316467e-01
6.319859623908996582e-02 -2.740246057510375977e-01 9.793728590011596680e-03 -5.931157991290092468e-02
1.421628892421722412e-01 -2.512720227241516113e-01 1.018459051847457886e-01 -1.134965047240257263e-01
1.244430765509605408e-01 -3.003092408180236816e-01 1.528345197439193726e-01 -7.282190024852752686e-02
7.938151061534881592e-02 -2.721875011920928955e-01 -6.198723241686820984e-02 -1.963269859552383423e-01
2.133077830076217651e-01 -2.205233871936798096e-01 7.626386731863021851e-02 -1.280662417411804199e-01
1.755499392747879028e-01 -2.251444458961486816e-01 7.795649766921997070e-02 -1.163932606577873230e-01
2.061684578657150269e-01 -2.203664332628250122e-01 7.967685908079147339e-02 -1.335883885622024536e-01
1.108832061290740967e-01 -2.519873380661010742e-01 1.400005221366882324e-01 -9.447409212589263916e-02
2.308748066425323486e-01 -1.062197014689445496e-01 1.371212154626846313e-01 -1.473359614610671997e-01
2.322824001312255859e-01 -2.879795059561729431e-02 1.096046194434165955e-01 1.478082383982837200e-03
2.639219462871551514e-01 -1.545428186655044556e-01 -4.473874717950820923e-02 4.531516507267951965e-02
2.464924305677413940e-01 -1.847985535860061646e-01 1.391391269862651825e-03 -1.513607501983642578e-01
2.503987252712249756e-01 -1.711215525865554810e-01 7.105907797813415527e-02 -1.066552028059959412e-01
2.330219745635986328e-01 4.758932814002037048e-02 1.453084200620651245e-01 -2.016790509223937988e-01
1.469743102788925171e-01 -2.423893660306930542e-01 9.694816917181015015e-02 -1.446087360382080078e-01
5.265226960182189941e-02 -2.699092626571655273e-01 -4.966595470905303955e-01 -4.055753648281097412e-01
2.642178237438201904e-01 -1.856785416603088379e-01 1.076749991625547409e-03 -8.327160030603408813e-02
2.115513235330581665e-01 -2.129893749952316284e-01 8.133181929588317871e-02 -1.464155018329620361e-01
1.231053918600082397e-01 -2.366309314966201782e-01 8.111733943223953247e-02 -1.062206551432609558e-01
1.874526590108871460e-01 -2.316494882106781006e-01 5.238594114780426025e-02 -1.278530359268188477e-01
2.117659896612167358e-01 -2.103265523910522461e-01 7.048337161540985107e-02 -1.267826706171035767e-01
2.377945631742477417e-01 -1.844910681247711182e-01 5.120523273944854736e-03 -1.734072715044021606e-01
1.716941744089126587e-01 -2.283245325088500977e-01 9.260330349206924438e-02 -1.301162689924240112e-01
1.873425394296646118e-01 -2.168545275926589966e-01 7.732541859149932861e-02 -1.291948109865188599e-01
2.851809263229370117e-01 -1.860103905200958252e-01 5.888973176479339600e-02 -2.508848011493682861e-01
1.843447685241699219e-01 -2.613776922225952148e-01 8.094912767410278320e-02 -1.170754134654998779e-01
2.382675111293792725e-01 -1.659737378358840942e-01 4.485762864351272583e-02 -1.187718436121940613e-01
1.770214289426803589e-01 -2.523100972175598145e-01 7.334857434034347534e-02 -1.199944168329238892e-01
1.678957343101501465e-01 -2.584562301635742188e-01 8.926285803318023682e-02 -1.086108610033988953e-01
2.627539038658142090e-01 -1.147640794515609741e-01 1.637990325689315796e-01 -2.308349162340164185e-01
1.648041307926177979e-01 -2.507444620132446289e-01 7.181877642869949341e-02 -1.100037246942520142e-01
2.004284858703613281e-01 -2.410472184419631958e-01 7.330001145601272583e-02 -1.235905513167381287e-01
2.013791352510452271e-01 -2.266191840171813965e-01 7.701434940099716187e-02 -1.300447583198547363e-01
1.957044154405593872e-01 -2.513063549995422363e-01 7.515516132116317749e-02 -1.278229504823684692e-01
1.942331641912460327e-01 -2.308161705732345581e-01 6.901466846466064453e-02 -1.271066665649414062e-01
2.717883288860321045e-01 -2.297238111495971680e-01 -7.769898325204849243e-02 -1.830437630414962769e-01
2.116248607635498047e-01 -2.386188507080078125e-01 5.042523145675659180e-02 -1.248454526066780090e-01
1.830513626337051392e-01 -2.438541203737258911e-01 8.327285945415496826e-02 -1.255595833063125610e-01
2.062114328145980835e-01 -2.025781124830245972e-01 7.402721792459487915e-02 -1.244156137108802795e-01
1.807005554437637329e-01 -2.473329007625579834e-01 8.052495867013931274e-02 -1.251380741596221924e-01
1.235327199101448059e-01 -2.585910558700561523e-01 1.426885724067687988e-01 -9.875752031803131104e-02
1.892188191413879395e-01 -2.362348288297653198e-01 8.605896681547164917e-02 -1.276901960372924805e-01
2.404749989509582520e-01 -1.813879609107971191e-01 8.400600403547286987e-02 -1.018339022994041443e-01
2.561714649200439453e-01 -1.425060629844665527e-01 -9.862456470727920532e-02 -1.362423300743103027e-01
2.539170384407043457e-01 -1.733011603355407715e-01 4.042581468820571899e-02 -7.874664664268493652e-02
1.262484490871429443e-01 -2.699744403362274170e-01 1.058251410722732544e-01 -7.046683877706527710e-02
8.015340566635131836e-02 -2.318514883518218994e-01 1.153145581483840942e-01 -2.556360363960266113e-01
2.259143292903900146e-01 -1.592240780591964722e-01 7.138543576002120972e-02 -9.370931237936019897e-02
2.319983989000320435e-01 -9.339581429958343506e-02 -8.353351615369319916e-03 -1.626297682523727417e-01
1.368220597505569458e-01 -2.757995724678039551e-01 5.285000428557395935e-02 -9.179448336362838745e-02
1.474166959524154663e-01 -2.486090958118438721e-01 6.821618974208831787e-02 -1.454484611749649048e-01
2.377733141183853149e-01 -2.048705965280532837e-01 8.364216983318328857e-02 -1.425043791532516479e-01
1.674441844224929810e-01 -2.326346635818481445e-01 8.000949770212173462e-02 -1.047380417585372925e-01
1.904781013727188110e-01 -2.189314663410186768e-01 8.284795284271240234e-02 -1.108169332146644592e-01
2.562626302242279053e-01 -1.626346856355667114e-01 1.106198802590370178e-01 -3.566069528460502625e-02
2.440474480390548706e-01 -1.929349750280380249e-01 7.589389383792877197e-02 -1.228659749031066895e-01
2.783783972263336182e-01 -1.993403136730194092e-01 -2.664039097726345062e-02 6.289869546890258789e-02
2.182543277740478516e-01 -2.135944217443466187e-01 3.406984359025955200e-02 -1.231070682406425476e-01
2.556577920913696289e-01 -8.436484634876251221e-02 -5.818085372447967529e-02 4.691491834819316864e-03
1.446347683668136597e-01 -2.355737835168838501e-01 8.744554221630096436e-02 -1.285801231861114502e-01
2.128684967756271362e-01 -2.371343821287155151e-01 7.182902097702026367e-02 -1.241949200630187988e-01
2.393482923507690430e-01 -1.089631915092468262e-01 1.403605490922927856e-01 -5.870179459452629089e-02
9.623504430055618286e-02 -2.614500522613525391e-01 3.568305447697639465e-02 -1.545732617378234863e-01
9.933684021234512329e-02 -2.663522064685821533e-01 1.828339397907257080e-01 -9.476719796657562256e-02
2.052064239978790283e-01 -2.390525192022323608e-01 7.391284406185150146e-02 -1.279507279396057129e-01
2.094279080629348755e-01 -2.099131196737289429e-01 7.130995392799377441e-02 -1.064330860972404480e-01
2.445459216833114624e-01 -5.237560346722602844e-02 6.081610172986984253e-02 -2.096045762300491333e-02
2.165075242519378662e-01 -1.955215483903884888e-01 9.033417701721191406e-02 -1.310258954763412476e-01
1.925158947706222534e-01 -2.532789111137390137e-01 6.737016141414642334e-02 -1.304939687252044678e-01
1.744478046894073486e-01 -2.276969701051712036e-01 7.521232962608337402e-02 -1.293806880712509155e-01
1.701183021068572998e-01 -2.426632344722747803e-01 8.000291138887405396e-02 -1.316995620727539062e-01
1.085084527730941772e-01 -2.170526236295700073e-01 6.834161281585693359e-02 -1.161165535449981689e-01
1.065787449479103088e-01 -2.779398262500762939e-01 2.924692817032337189e-02 -8.278299868106842041e-02
2.341141849756240845e-01 3.940468281507492065e-02 -2.744194120168685913e-02 -1.276274770498275757e-01
1.769945174455642700e-01 -2.433024346828460693e-01 9.589399397373199463e-02 -1.230918318033218384e-01
3.622112795710563660e-02 -1.857946664094924927e-01 3.624522089958190918e-01 4.405830428004264832e-02
1.226907819509506226e-01 -2.896889746189117432e-01 5.736141279339790344e-02 -1.404054313898086548e-01
2.176127284765243530e-01 -2.023494243621826172e-01 7.361489534378051758e-02 -1.349499374628067017e-01
2.027328759431838989e-01 -2.329983264207839966e-01 5.864300951361656189e-02 -1.194216907024383545e-01
2.000186294317245483e-01 -2.320687770843505859e-01 8.301994949579238892e-02 -1.189520806074142456e-01
2.716687917709350586e-01 -2.304550558328628540e-01 -6.809712946414947510e-02 -7.030419260263442993e-02
1.730149090290069580e-01 -2.577875554561614990e-01 8.170293271541595459e-02 -1.214631050825119019e-01
-4.226702451705932617e-02 4.089869186282157898e-02 1.929554790258407593e-01 -4.542767710518091917e-04
2.607294023036956787e-01 -1.942074149847030640e-01 9.819494187831878662e-02 -3.174427151679992676e-02
1.904540657997131348e-01 -2.049775421619415283e-01 7.188215851783752441e-02 -1.218071505427360535e-01
1.174163445830345154e-01 -2.330272942781448364e-01 1.041761040687561035e-01 -1.943521797657012939e-01
1.715923696756362915e-01 -2.552235722541809082e-01 7.767792046070098877e-02 -1.087269783020019531e-01
1.330054551362991333e-01 -2.619206309318542480e-01 8.321096003055572510e-02 -6.801072508096694946e-02
-2.229491993784904480e-02 6.572020798921585083e-02 -3.213499858975410461e-02 -1.139773353934288025e-01
1.213444843888282776e-01 -2.375296205282211304e-01 1.337998360395431519e-01 -1.223757937550544739e-01
5.542051792144775391e-02 -1.563685834407806396e-01 1.327984631061553955e-01 -1.498761177062988281e-01
1.280381083488464355e-01 -2.636008560657501221e-01 9.456849098205566406e-02 -9.987109154462814331e-02
1.478576362133026123e-01 -2.635254859924316406e-01 6.572525948286056519e-02 -1.211771667003631592e-01
1.658989191055297852e-01 -2.325206398963928223e-01 6.481509655714035034e-02 -1.363816708326339722e-01
1.903295367956161499e-01 -2.326216846704483032e-01 7.172069698572158813e-02 -1.215861067175865173e-01
1.883483529090881348e-01 -2.470765560865402222e-01 7.898993045091629028e-02 -1.241695433855056763e-01
2.183566391468048096e-01 -1.943280994892120361e-01 4.993226751685142517e-02 -9.953789412975311279e-02
1.633850038051605225e-01 -2.503591477870941162e-01 1.001625284552574158e-01 -1.096473857760429382e-01
2.602233290672302246e-01 -1.074243634939193726e-01 1.352416127920150757e-01 -4.825344309210777283e-02
1.316080540418624878e-01 -2.327436655759811401e-01 7.717829942703247070e-02 -1.233168467879295349e-01
1.722173243761062622e-01 -2.402114123106002808e-01 9.971215575933456421e-02 -1.132963597774505615e-01
1.444147229194641113e-01 -2.785727679729461670e-01 1.057596281170845032e-01 -1.217373758554458618e-01
2.043100148439407349e-01 -2.330121099948883057e-01 6.916648894548416138e-02 -1.219142079353332520e-01
1.963805556297302246e-01 -2.106947302818298340e-01 7.155915349721908569e-02 -1.276850700378417969e-01
2.612995207309722900e-01 -1.937734782695770264e-01 4.062667489051818848e-03 -1.775914728641510010e-01
2.626196742057800293e-01 -1.468301117420196533e-01 -1.226150617003440857e-02 -1.647501140832901001e-01
2.452273815870285034e-01 -1.101078540086746216e-01 2.654337137937545776e-02 -1.099072862416505814e-02
1.726480424404144287e-01 -2.684675753116607666e-01 9.385569393634796143e-02 -1.093649715185165405e-01
1.310194283723831177e-01 -2.582807838916778564e-01 1.161448061466217041e-01 -1.201839596033096313e-01
1.380371451377868652e-01 -2.719024717807769775e-01 7.852911949157714844e-02 -1.120189055800437927e-01
1.750986427068710327e-01 -2.385722994804382324e-01 8.940239995718002319e-02 -1.306273937225341797e-01
2.481087446212768555e-01 -1.954477280378341675e-02 -7.462840527296066284e-02 -2.334707677364349365e-01
1.400599926710128784e-01 -2.326704859733581543e-01 8.971291035413742065e-02 -1.364593207836151123e-01
2.490753680467605591e-01 5.004140548408031464e-03 -1.028487011790275574e-01 -2.524318099021911621e-01
9.507200866937637329e-02 -2.643736898899078369e-01 1.499527543783187866e-01 -2.767373919486999512e-01
1.793264895677566528e-01 -2.490764558315277100e-01 8.931963890790939331e-02 -1.049883738160133362e-01
3.244586661458015442e-02 -1.442822068929672241e-01 1.287591606378555298e-01 -1.257466524839401245e-02
1.027635931968688965e-01 -2.266094237565994263e-01 1.433628201484680176e-01 -9.303429722785949707e-02
2.648249864578247070e-01 -9.477150440216064453e-02 1.046791076660156250e-01 -1.714784651994705200e-01
1.943300217390060425e-01 -2.447554767131805420e-01 7.994285970926284790e-02 -1.059290021657943726e-01
1.202015727758407593e-01 -2.370551973581314087e-01 1.017764806747436523e-01 -1.573274582624435425e-01
1.266953051090240479e-01 -2.957459986209869385e-01 6.738890707492828369e-02 -6.326435506343841553e-02
1.555828750133514404e-01 -2.657800912857055664e-01 9.840013831853866577e-02 -1.091099157929420471e-01
1.937552243471145630e-01 -2.118009626865386963e-01 7.819193601608276367e-02 -1.261360049247741699e-01
9.093904495239257812e-02 -3.438819050788879395e-01 -1.558478642255067825e-02 -2.216922044754028320e-01
7.666157186031341553e-02 -2.102237492799758911e-01 1.060688048601150513e-01 -2.383205294609069824e-01
1.470234990119934082e-01 -2.481799125671386719e-01 9.052848070859909058e-02 -1.058531850576400757e-01
2.248964458703994751e-01 -2.292624264955520630e-01 5.876884236931800842e-02 -9.623015671968460083e-02
2.652022838592529297e-01 -1.928369700908660889e-01 -8.755560964345932007e-02 -6.226143613457679749e-02
1.463776081800460815e-01 -2.492129504680633545e-01 8.098528534173965454e-02 -1.235234439373016357e-01
2.438069730997085571e-01 -2.212875336408615112e-01 4.965478926897048950e-02 -1.456618756055831909e-01
2.467725574970245361e-01 -1.862426698207855225e-01 8.390134316869080067e-04 -1.156173497438430786e-01
1.723048090934753418e-01 -2.315423041582107544e-01 9.635628759860992432e-02 -1.189492344856262207e-01
2.080376893281936646e-01 -1.941066086292266846e-01 5.769512057304382324e-02 -1.559971570968627930e-01
2.381058335304260254e-01 -1.223548576235771179e-01 -4.557975381612777710e-02 -1.546502858400344849e-01
6.263945996761322021e-02 -1.517549902200698853e-01 5.197850521653890610e-03 -2.386664003133773804e-01
2.495715320110321045e-01 -1.471370309591293335e-01 -2.494773268699645996e-02 -1.608008444309234619e-01
2.625534534454345703e-01 -1.521948873996734619e-01 6.263305246829986572e-02 -1.307903379201889038e-01
1.667490005493164062e-01 -2.430944591760635376e-01 9.249176084995269775e-02 -1.183130368590354919e-01
6.966004520654678345e-02 -2.152891308069229126e-01 3.203928098082542419e-02 -1.332868933677673340e-01
7.179436087608337402e-02 -2.206228375434875488e-01 1.422042101621627808e-01 -2.510447204113006592e-01
2.617702484130859375e-01 -1.131785213947296143e-01 9.884393215179443359e-02 -5.655783787369728088e-02
1.908575147390365601e-01 -2.399356216192245483e-01 7.792536169290542603e-02 -1.159334406256675720e-01
1.600157767534255981e-01 -2.678127884864807129e-01 7.189963012933731079e-02 -1.007857099175453186e-01
2.262308746576309204e-01 -1.651274412870407104e-01 5.405513197183609009e-02 -8.501087129116058350e-02
2.172295451164245605e-01 -2.281373441219329834e-01 6.692934036254882812e-02 -1.068075448274612427e-01
1.594153493642807007e-01 -2.561375796794891357e-01 9.570231288671493530e-02 -1.233225986361503601e-01
2.003015875816345215e-01 -2.144367843866348267e-01 5.830039829015731812e-02 -1.157256141304969788e-01
2.147458791732788086e-01 -2.236754298210144043e-01 5.719717592000961304e-02 -1.157581433653831482e-01
3.067112714052200317e-02 -2.024152874946594238e-01 -2.085843682289123535e-02 3.089053332805633545e-01
2.031716257333755493e-01 -2.396773397922515869e-01 7.452467083930969238e-02 -1.243651211261749268e-01
2.256464064121246338e-01 -2.352976351976394653e-01 5.769634619355201721e-02 -1.231635510921478271e-01
1.223516315221786499e-01 -2.411479949951171875e-01 6.546601653099060059e-02 -1.167591661214828491e-01
2.679869234561920166e-01 -2.266334146261215210e-01 3.124047815799713135e-02 -1.730970889329910278e-01
2.385821938514709473e-01 -1.932772696018218994e-01 1.389160379767417908e-02 -1.507962942123413086e-01
1.766621321439743042e-01 -2.596405446529388428e-01 7.070057839155197144e-02 -1.322057098150253296e-01
1.183175891637802124e-01 -3.010864257812500000e-01 7.684496790170669556e-02 -1.339300125837326050e-01
1.721800267696380615e-01 -2.467588186264038086e-01 8.454932272434234619e-02 -1.205818578600883484e-01
2.087608128786087036e-01 -2.119536846876144409e-01 3.651047870516777039e-02 -1.220343187451362610e-01
2.018659561872482300e-01 -2.389183342456817627e-01 9.747155010700225830e-02 -1.183336451649665833e-01
2.466939389705657959e-01 -1.605270504951477051e-01 8.403361588716506958e-02 -1.568360030651092529e-01
1.408567577600479126e-01 -2.288308292627334595e-01 1.121972426772117615e-01 -1.006872877478599548e-01
2.038157284259796143e-01 -2.336478978395462036e-01 6.623527407646179199e-02 -1.167584806680679321e-01
1.969994455575942993e-01 -2.293672263622283936e-01 7.350818067789077759e-02 -1.249700486660003662e-01
4.294977337121963501e-02 -8.117618411779403687e-02 1.101028993725776672e-01 -3.706556558609008789e-02
2.299883067607879639e-01 -1.598670519888401031e-02 1.274001598358154297e-01 -1.132941897958517075e-02
1.625526547431945801e-01 -2.658601701259613037e-01 9.832131117582321167e-02 -1.055309996008872986e-01
2.214794307947158813e-01 -1.739692389965057373e-01 5.266325175762176514e-02 -8.527336269617080688e-02
2.129442095756530762e-01 -2.078117132186889648e-01 5.240253359079360962e-02 -1.312215477228164673e-01
1.370594799518585205e-01 -2.522589266300201416e-01 1.023568660020828247e-01 -9.744370728731155396e-02
1.903537064790725708e-01 -2.488942146301269531e-01 6.990262120962142944e-02 -1.204908266663551331e-01
2.534097731113433838e-01 -1.142888292670249939e-01 9.717424958944320679e-02 -6.172809749841690063e-02
1.075381338596343994e-01 -2.419113218784332275e-01 8.466427773237228394e-02 -1.379817575216293335e-01
7.732611894607543945e-02 -3.107104897499084473e-01 -5.537704005837440491e-02 3.247410804033279419e-02
2.319640666246414185e-01 -1.998250931501388550e-01 3.781001269817352295e-02 -1.270244419574737549e-01
1.628700792789459229e-01 -2.510026693344116211e-01 7.968851178884506226e-02 -1.308233141899108887e-01
2.438134551048278809e-01 -1.652313768863677979e-01 8.125987648963928223e-02 -1.436258554458618164e-01
5.694518983364105225e-02 -2.134130895137786865e-01 6.977072358131408691e-02 -1.738393157720565796e-01
1.353389918804168701e-01 -2.692434489727020264e-01 1.063785627484321594e-01 -9.187162667512893677e-02
2.233854383230209351e-01 -1.898439079523086548e-01 4.573030024766921997e-02 -1.647055745124816895e-01
8.975663781166076660e-02 -2.070295661687850952e-01 8.592391759157180786e-02 -2.145347893238067627e-01
2.412084788084030151e-01 -2.002345770597457886e-01 8.355138450860977173e-02 -1.741259545087814331e-01
2.169726788997650146e-01 -2.475468069314956665e-01 7.500136643648147583e-02 -1.307589411735534668e-01
2.512752413749694824e-01 -1.640350371599197388e-01 1.323293428868055344e-02 -1.606336981058120728e-01
1.980725228786468506e-01 -2.347423285245895386e-01 6.798712909221649170e-02 -1.232262477278709412e-01
1.799100190401077271e-01 -2.405818551778793335e-01 7.699851691722869873e-02 -1.180446371436119080e-01
1.388574838638305664e-01 -2.493679821491241455e-01 8.479101955890655518e-02 -1.417333334684371948e-01
1.318030357360839844e-01 -2.328832596540451050e-01 8.898100256919860840e-02 -1.275906711816787720e-01
2.557286024093627930e-01 -1.494258493185043335e-01 -9.220349602401256561e-03 -5.299920216202735901e-02
1.944980770349502563e-01 -2.206356674432754517e-01 8.153122663497924805e-02 -1.255617886781692505e-01
1.328696906566619873e-01 -2.449091970920562744e-01 1.218678280711174011e-01 -1.422088146209716797e-01
2.119217067956924438e-01 -2.165608257055282593e-01 6.244588643312454224e-02 -1.105345264077186584e-01
1.313697695732116699e-01 -2.493177950382232666e-01 1.164935976266860962e-01 -1.285877376794815063e-01
8.357465267181396484e-02 -2.720431983470916748e-01 1.215437650680541992e-01 -2.276740372180938721e-01
1.908442378044128418e-01 -2.445544302463531494e-01 6.720201671123504639e-02 -1.193935275077819824e-01
2.365214079618453979e-01 -1.827556490898132324e-01 4.599203914403915405e-02 -1.387086361646652222e-01
9.727153182029724121e-02 -2.113363593816757202e-01 1.501885950565338135e-01 -1.383482366800308228e-01
2.537842690944671631e-01 1.660588383674621582e-02 4.502207934856414795e-01 -9.947383403778076172e-02
1.608674228191375732e-01 -2.702940702438354492e-01 8.508624136447906494e-02 -1.079157516360282898e-01
2.386034727096557617e-01 1.690842397511005402e-02 -1.496933102607727051e-01 -1.460758000612258911e-01
2.347552776336669922e-01 6.359717994928359985e-02 1.285237222909927368e-01 8.306353539228439331e-02
1.679984182119369507e-01 -2.542956769466400146e-01 8.473996818065643311e-02 -1.419966369867324829e-01
1.561585366725921631e-01 -2.525327801704406738e-01 8.646284788846969604e-02 -1.198162510991096497e-01
1.416613459587097168e-01 -2.564826905727386475e-01 9.427322447299957275e-02 -1.187900304794311523e-01
2.118190228939056396e-01 -2.317238152027130127e-01 7.026688754558563232e-02 -1.190721616148948669e-01
1.464819908142089844e-01 -2.567341029644012451e-01 8.844803273677825928e-02 -1.345483809709548950e-01
1.394421309232711792e-01 -2.353677004575729370e-01 6.946174800395965576e-02 -1.329798102378845215e-01
1.027216315269470215e-01 -2.501329481601715088e-01 1.017375066876411438e-01 -1.337858289480209351e-01
2.666875720024108887e-01 -2.231874465942382812e-01 8.929203450679779053e-02 -2.674946486949920654e-01
1.942543983459472656e-01 -2.259493917226791382e-01 6.958021968603134155e-02 -1.137697920203208923e-01
1.365194618701934814e-01 -2.407601922750473022e-01 9.713985770940780640e-02 -1.224277541041374207e-01
1.584785133600234985e-01 -2.410419434309005737e-01 9.144674241542816162e-02 -1.150505170226097107e-01
2.484071254730224609e-01 -1.410643160343170166e-01 -8.186002820730209351e-02 -7.218896597623825073e-02
1.289116144180297852e-01 -2.521972656250000000e-01 9.949532896280288696e-02 -1.009973362088203430e-01
2.539891600608825684e-01 -1.689488291740417480e-01 9.861761331558227539e-02 -1.295102834701538086e-01
1.934635788202285767e-01 -2.511842548847198486e-01 8.420775085687637329e-02 -1.286639720201492310e-01
1.728445738554000854e-01 -2.513026297092437744e-01 8.623683452606201172e-02 -1.100684329867362976e-01
1.498359441757202148e-01 -2.703836560249328613e-01 1.185323074460029602e-01 -8.991476148366928101e-02
1.773099303245544434e-01 -2.344239056110382080e-01 8.653092384338378906e-02 -1.238010376691818237e-01
1.930684745311737061e-01 -2.224995642900466919e-01 9.010020643472671509e-02 -1.235116794705390930e-01
2.466410994529724121e-01 -1.602139174938201904e-01 -2.169662714004516602e-02 -1.903903633356094360e-01
2.286327332258224487e-01 -1.337511539459228516e-01 1.042042151093482971e-01 -8.697842061519622803e-02
2.195058912038803101e-01 -2.289614826440811157e-01 3.842677921056747437e-02 -1.319985389709472656e-01
8.372430503368377686e-02 -2.749903500080108643e-01 1.229306459426879883e-01 -7.713592797517776489e-02
2.326258122920989990e-01 -1.962109059095382690e-01 8.939522504806518555e-02 -1.463336944580078125e-01
2.545906007289886475e-01 -7.003618031740188599e-02 2.220339179039001465e-01 -5.897798761725425720e-02
5.367256700992584229e-02 -1.579418182373046875e-01 -4.179060831665992737e-02 -1.776691377162933350e-01
1.206918582320213318e-01 -2.456194013357162476e-01 1.585910916328430176e-01 -1.181659176945686340e-01
1.486600041389465332e-01 -2.570899426937103271e-01 5.784380435943603516e-02 -1.092559024691581726e-01
6.039645895361900330e-02 -1.850931644439697266e-01 6.658858060836791992e-02 1.068177223205566406e-01
2.363003939390182495e-01 -5.034629255533218384e-02 1.424096822738647461e-01 -2.497610002756118774e-01
9.793215990066528320e-02 -2.211784869432449341e-01 1.128514669835567474e-02 -1.957009434700012207e-01
1.329547613859176636e-01 -2.424124181270599365e-01 1.171855255961418152e-01 -1.128779202699661255e-01
2.288819700479507446e-01 -1.779388040304183960e-01 6.252861022949218750e-02 -1.294966191053390503e-01
2.468512058258056641e-01 -7.218790799379348755e-02 -2.670959569513797760e-02 -1.754388064146041870e-01
2.263547480106353760e-01 -1.098235547542572021e-01 8.168377727270126343e-02 -1.345378160476684570e-01
4.928699880838394165e-02 -2.487432211637496948e-01 2.469260394573211670e-01 -4.547622501850128174e-01
2.259463816881179810e-01 -2.020470798015594482e-01 7.585976272821426392e-02 -1.204117462038993835e-01
1.163898855447769165e-01 -2.425040453672409058e-01 9.665660560131072998e-02 -8.818535506725311279e-02
2.553187012672424316e-01 -8.895974606275558472e-03 2.518943510949611664e-02 -2.947928011417388916e-01
1.495357453823089600e-01 -2.716229259967803955e-01 1.032151132822036743e-01 -1.030177995562553406e-01
2.609209418296813965e-01 -8.185923844575881958e-02 1.336738914251327515e-01 -1.584087163209915161e-01
2.474393248558044434e-01 -1.489565819501876831e-01 5.221762880682945251e-02 -1.528937369585037231e-01
1.150909215211868286e-01 -2.278097569942474365e-01 1.234839260578155518e-01 -1.101876422762870789e-01
2.249825596809387207e-01 -1.989917457103729248e-01 5.802268162369728088e-02 -9.742595255374908447e-02
2.765769958496093750e-01 -1.521098315715789795e-01 -2.853439748287200928e-01 -2.107475996017456055e-01
1.702034473419189453e-01 -2.417099028825759888e-01 8.117653429508209229e-02 -1.265418827533721924e-01
2.228226214647293091e-01 -2.318951338529586792e-01 3.082332201302051544e-02 -1.381174027919769287e-01
9.619891643524169922e-02 -2.456638216972351074e-01 1.650728285312652588e-01 -1.688969582319259644e-01
2.860014140605926514e-01 -1.652513742446899414e-01 1.146962270140647888e-01 -2.400335371494293213e-01
1.099505200982093811e-01 -2.198599278926849365e-01 1.560913622379302979e-01 -1.088268607854843140e-01
1.184889003634452820e-01 -2.258363068103790283e-01 7.006970793008804321e-02 -1.134349033236503601e-01
1.420789957046508789e-01 -2.688276469707489014e-01 8.391726016998291016e-02 -1.337336748838424683e-01
2.311175614595413208e-01 -1.657918989658355713e-01 8.336919546127319336e-02 -1.011117026209831238e-01
1.090575754642486572e-01 -2.944341897964477539e-01 1.576624959707260132e-01 -4.016799852252006531e-02
1.341928243637084961e-01 -2.562640011310577393e-01 8.782815933227539062e-02 -9.223752468824386597e-02
2.760465741157531738e-01 -8.594077080488204956e-02 2.827650606632232666e-01 -1.232607588171958923e-01
1.122171878814697266e-01 -3.283845186233520508e-01 9.598921984434127808e-02 -4.534463211894035339e-02
2.780232429504394531e-01 -1.283932328224182129e-01 -5.651823058724403381e-02 -2.034534364938735962e-01
1.879401057958602905e-01 -2.443973422050476074e-01 7.217987626791000366e-02 -1.185231357812881470e-01
1.893238127231597900e-01 -2.192586660385131836e-01 6.919346004724502563e-02 -1.168012022972106934e-01
1.851068735122680664e-01 -2.301698178052902222e-01 7.509478926658630371e-02 -1.176195591688156128e-01
1.818055510520935059e-01 -2.659972906112670898e-01 8.694966137409210205e-02 -1.267773360013961792e-01
2.324820756912231445e-01 -7.644435018301010132e-02 1.195732057094573975e-01 -1.436098814010620117e-01
7.892084866762161255e-02 -2.192989885807037354e-01 -3.823040425777435303e-02 -1.214947924017906189e-01
1.836700737476348877e-01 -2.155306786298751831e-01 6.509011238813400269e-02 -1.083730831742286682e-01
2.483897954225540161e-01 -1.454291939735412598e-01 -5.986639112234115601e-02 -1.701042652130126953e-01
1.621149629354476929e-01 -2.293277084827423096e-01 8.754479140043258667e-02 -1.395687311887741089e-01
2.605831027030944824e-01 -1.969135701656341553e-01 1.571180671453475952e-02 -2.199113368988037109e-02
2.289944291114807129e-01 -1.143986433744430542e-01 5.618814751505851746e-02 -7.724168896675109863e-02
2.266494035720825195e-01 -1.923961490392684937e-01 3.813007473945617676e-02 -1.317477971315383911e-01
9.706669300794601440e-02 -2.044287770986557007e-01 9.829057008028030396e-02 -1.215917468070983887e-01
2.503723502159118652e-01 -1.043226718902587891e-01 3.881884738802909851e-02 -1.874309927225112915e-01
2.449256926774978638e-01 -6.826960295438766479e-02 3.982140123844146729e-02 -4.672090988606214523e-03
1.746938526630401611e-01 -2.225718796253204346e-01 7.434107363224029541e-02 -1.206248626112937927e-01
1.590694040060043335e-01 -2.376613467931747437e-01 7.087519764900207520e-02 -1.159823238849639893e-01
2.059351950883865356e-01 -2.271105498075485229e-01 6.796835362911224365e-02 -1.496533751487731934e-01
9.531611949205398560e-02 -2.633755803108215332e-01 7.950928062200546265e-02 -1.352894455194473267e-01
1.606120914220809937e-01 -2.511037588119506836e-01 9.661322087049484253e-02 -1.367002576589584351e-01
1.209952905774116516e-01 -3.135615885257720947e-01 1.221068203449249268e-01 -5.454295501112937927e-02
2.123717777431011200e-02 -5.919656157493591309e-02 8.233306556940078735e-02 -4.891770705580711365e-02
2.259375602006912231e-01 -1.901393681764602661e-01 5.595250427722930908e-02 -7.062400877475738525e-02
2.380227744579315186e-01 -1.943401694297790527e-01 5.436320975422859192e-02 -1.189092621207237244e-01
1.930718868970870972e-01 -2.461637854576110840e-01 8.306638151407241821e-02 -1.134577170014381409e-01
1.891878545284271240e-01 -2.295055985450744629e-01 8.012574911117553711e-02 -1.255727112293243408e-01
1.181223914027214050e-01 -2.681251764297485352e-01 1.437108814716339111e-01 -4.838858544826507568e-02
1.396422088146209717e-01 -2.608490884304046631e-01 7.061307877302169800e-02 -9.989320486783981323e-02
1.578961461782455444e-01 -2.657113969326019287e-01 9.904719889163970947e-02 -1.169850006699562073e-01
1.921784430742263794e-01 -2.511654496192932129e-01 8.666232973337173462e-02 -1.201441213488578796e-01
1.723462343215942383e-01 -2.489953637123107910e-01 8.540520817041397095e-02 -1.250856518745422363e-01
1.198972687125205994e-01 -2.847566306591033936e-01 1.027006432414054871e-01 -1.735521256923675537e-01
2.268398553133010864e-01 -2.026531845331192017e-01 7.130425423383712769e-02 -1.308815181255340576e-01
2.588662207126617432e-01 3.945333510637283325e-02 -1.240796446800231934e-01 2.895961701869964600e-01
2.306910157203674316e-01 -1.620667427778244019e-01 4.877211898565292358e-02 -1.772504597902297974e-01
1.994145661592483521e-01 2.884508073329925537e-01 2.268564999103546143e-01 -1.072150021791458130e-01
2.598019540309906006e-01 -1.136060580611228943e-01 -3.877408802509307861e-02 -6.538220494985580444e-02
6.783843040466308594e-02 -2.329093217849731445e-01 2.490672841668128967e-02 2.996292524039745331e-02
2.473141700029373169e-01 3.087154030799865723e-02 1.461417507380247116e-02 3.906865045428276062e-02
2.208211869001388550e-01 -1.885467022657394409e-01 5.578696727752685547e-02 -1.225196942687034607e-01
2.052606642246246338e-01 -2.468587011098861694e-01 8.480734378099441528e-02 -1.168354824185371399e-01
1.583306491374969482e-01 -2.705143690109252930e-01 6.085556373000144958e-02 -1.108741089701652527e-01
7.445160299539566040e-02 -1.829293966293334961e-01 1.697465777397155762e-01 -1.628021001815795898e-01
1.907760351896286011e-01 -2.262761145830154419e-01 6.237696483731269836e-02 -1.386275291442871094e-01
1.543666422367095947e-01 -2.451407462358474731e-01 8.645845949649810791e-02 -1.184537783265113831e-01
2.061822563409805298e-01 -2.117107361555099487e-01 9.398382902145385742e-02 -1.244805604219436646e-01
2.259578406810760498e-01 -1.775795966386795044e-01 5.486231297254562378e-02 -9.254899621009826660e-02
9.774149954319000244e-02 -2.529557347297668457e-01 9.351059049367904663e-02 -1.434443295001983643e-01
1.221012622117996216e-01 -2.307453751564025879e-01 1.078391969203948975e-01 -7.228027284145355225e-02
1.603778153657913208e-01 -2.612006664276123047e-01 9.987833350896835327e-02 -1.176179572939872742e-01
1.889440864324569702e-01 -2.345081716775894165e-01 5.603560432791709900e-02 -1.071488335728645325e-01
2.397673875093460083e-01 -1.895633339881896973e-01 6.304660439491271973e-02 -1.084017977118492126e-01
2.250138670206069946e-01 -1.698489487171173096e-01 9.027019143104553223e-02 -9.858649224042892456e-02
2.341080158948898315e-01 -1.574363708496093750e-01 6.798128038644790649e-02 -1.221589818596839905e-01
-1.389135792851448059e-02 -4.758001491427421570e-02 -4.125790297985076904e-01 -4.180071055889129639e-01
1.768513917922973633e-01 -2.542426884174346924e-01 8.758884668350219727e-02 -1.147352531552314758e-01
1.980545818805694580e-01 -2.423965185880661011e-01 6.906732916831970215e-02 -1.257585287094116211e-01
2.727121114730834961e-01 -1.482068598270416260e-01 -1.855500340461730957e-01 -2.803168594837188721e-01
1.839255988597869873e-01 -2.407541126012802124e-01 7.257986813783645630e-02 -1.247126385569572449e-01
1.789730638265609741e-01 -2.671672701835632324e-01 8.732848614454269409e-02 -1.156464591622352600e-01
2.146565020084381104e-01 -2.193813771009445190e-01 3.343788534402847290e-02 -1.036374419927597046e-01
1.364049166440963745e-01 -2.520260214805603027e-01 9.119324386119842529e-02 -1.072522699832916260e-01
2.426164448261260986e-01 -4.436201974749565125e-02 -3.919861838221549988e-02 -8.781071752309799194e-02
8.606926351785659790e-02 -2.654968500137329102e-01 3.302249312400817871e-01 -1.335105448961257935e-01
2.548945546150207520e-01 -1.507397741079330444e-01 -9.298264980316162109e-03 -2.057176828384399414e-01
1.005130186676979065e-01 -2.119754701852798462e-01 1.480919122695922852e-01 -1.202689781785011292e-01
2.475250810384750366e-01 -8.810848742723464966e-02 9.469895064830780029e-02 -1.054176092147827148e-01
9.170474857091903687e-02 -2.331573367118835449e-01 7.978206872940063477e-02 -1.193774491548538208e-01
2.945922017097473145e-01 -1.258906573057174683e-01 -5.252875089645385742e-01 -3.144417107105255127e-01
2.156517356634140015e-01 -2.071315348148345947e-01 6.108095869421958923e-02 -1.121763512492179871e-01
2.518139779567718506e-01 -5.112716183066368103e-02 -5.832836404442787170e-02 -2.351661175489425659e-01
1.205765306949615479e-01 -2.308254987001419067e-01 1.332387924194335938e-01 -1.129575222730636597e-01
2.421474158763885498e-01 -1.139289587736129761e-01 -1.101148128509521484e-01 -4.177734628319740295e-02
1.889200806617736816e-01 -2.244608104228973389e-01 7.762832939624786377e-02 -1.200826019048690796e-01
1.731309294700622559e-01 -2.406396567821502686e-01 8.515492081642150879e-02 -1.272548288106918335e-01
1.729002743959426880e-01 -2.435063421726226807e-01 9.224265068769454956e-02 -1.241318136453628540e-01
2.408251538872718811e-02 -1.494980603456497192e-01 -2.431899160146713257e-01 -4.548092186450958252e-01
1.143987625837326050e-01 -2.276407629251480103e-01 9.578040987253189087e-02 -5.633871629834175110e-02
2.408969551324844360e-01 -1.984200030565261841e-01 4.312109202146530151e-02 -8.100988715887069702e-02
2.504130899906158447e-01 -1.093808487057685852e-01 1.442753225564956665e-01 -3.126667067408561707e-02
1.824183762073516846e-01 -2.291064709424972534e-01 9.954069554805755615e-02 -1.130768135190010071e-01
2.465937882661819458e-01 -2.146947681903839111e-01 -1.007888116873800755e-03 -1.274718642234802246e-01
2.127637565135955811e-01 -2.114590704441070557e-01 8.553279191255569458e-02 -1.028249412775039673e-01
2.269251644611358643e-01 -1.896394193172454834e-01 4.764042422175407410e-02 -1.132998093962669373e-01
2.358541786670684814e-01 -1.819560974836349487e-01 6.928567588329315186e-02 -1.203651875257492065e-01
2.813898921012878418e-01 -1.368243694305419922e-01 -1.799367517232894897e-01 -9.569063782691955566e-02
1.913041174411773682e-01 -2.460981607437133789e-01 8.307628333568572998e-02 -1.216891705989837646e-01
1.890147626399993896e-01 -2.485473304986953735e-01 7.568061351776123047e-02 -1.252999901771545410e-01
2.659080028533935547e-01 -1.781292706727981567e-01 -1.005586162209510803e-01 -1.218956187367439270e-01
1.710440218448638916e-01 -2.517257034778594971e-01 7.578692585229873657e-02 -1.108798384666442871e-01
2.307415455579757690e-01 3.264717292040586472e-03 4.721649736166000366e-02 5.000368505716323853e-02
9.338085353374481201e-02 -2.538578212261199951e-01 7.656087726354598999e-02 -1.060699820518493652e-01
8.427099138498306274e-02 -2.222610265016555786e-01 1.020424365997314453e-01 -3.730842843651771545e-02
2.313511520624160767e-01 -1.884273886680603027e-01 8.092379570007324219e-02 -9.842315316200256348e-02
1.987403929233551025e-01 -2.220820635557174683e-01 8.038142323493957520e-02 -1.152051091194152832e-01
1.171832084655761719e-01 -2.577217817306518555e-01 5.785791203379631042e-02 -1.554087698459625244e-01
1.386716216802597046e-01 -2.387284189462661743e-01 9.899995476007461548e-02 -1.197363734245300293e-01
2.379167824983596802e-01 -1.765612512826919556e-02 3.006749786436557770e-02 -8.998517692089080811e-02
6.586302816867828369e-02 -1.010445281863212585e-01 -3.886552900075912476e-02 -3.189179897308349609e-01
2.154405564069747925e-01 -2.087236493825912476e-01 6.784871220588684082e-02 -1.089236065745353699e-01
2.262340039014816284e-01 -1.845823675394058228e-01 8.853882551193237305e-03 -1.341404765844345093e-01
1.381134241819381714e-01 -2.629926800727844238e-01 8.861605823040008545e-02 -1.352098137140274048e-01
2.305476367473602295e-01 -1.496586948633193970e-01 1.228941306471824646e-01 -9.226709604263305664e-02
-1.473629660904407501e-02 -3.096604160964488983e-02 1.572961919009685516e-02 -6.292671561241149902e-01
2.176260650157928467e-01 -1.605246067047119141e-01 9.556975215673446655e-02 -1.001426428556442261e-01
2.324067056179046631e-01 -1.789747923612594604e-01 6.130470335483551025e-02 -1.236541494727134705e-01
1.545559316873550415e-01 -2.463725954294204712e-01 9.999798983335494995e-02 -1.217400133609771729e-01
1.209478378295898438e-01 -2.742701470851898193e-01 1.064083874225616455e-01 -9.341455996036529541e-02
1.717647612094879150e-01 -2.601710557937622070e-01 7.104798406362533569e-02 -1.106708422303199768e-01
2.158679813146591187e-01 -2.386468946933746338e-01 5.923088267445564270e-02 -1.485536694526672363e-01
1.515965461730957031e-01 -2.496999055147171021e-01 8.081576973199844360e-02 -1.020311266183853149e-01
2.227257341146469116e-01 -7.063580304384231567e-02 1.160597205162048340e-01 -2.225393950939178467e-01
1.303202360868453979e-01 -2.284147739410400391e-01 9.630782902240753174e-02 -1.071350947022438049e-01
1.596381068229675293e-01 -2.475623339414596558e-01 9.025157243013381958e-02 -1.047248244285583496e-01
6.875283271074295044e-02 -2.308147400617599487e-01 5.578473955392837524e-02 -2.813496626913547516e-02
2.527358233928680420e-01 -1.731617748737335205e-01 -1.859308918938040733e-03 -5.037951096892356873e-02
1.587320119142532349e-01 -2.640656232833862305e-01 9.958134591579437256e-02 -1.291962713003158569e-01
1.695521175861358643e-01 -2.430646270513534546e-01 9.085814654827117920e-02 -1.204581484198570251e-01
-4.099885001778602600e-02 8.007729053497314453e-02 -1.641113311052322388e-01 -3.799566626548767090e-01
1.485319584608078003e-01 -2.590892016887664795e-01 1.089940667152404785e-01 -1.155613958835601807e-01
2.818747162818908691e-01 -8.237872272729873657e-02 -4.164239019155502319e-02 -2.029980123043060303e-01
2.391588389873504639e-01 -3.291667252779006958e-02 -1.264407187700271606e-01 -1.664894521236419678e-01
1.817816197872161865e-01 -2.468285262584686279e-01 8.289301395416259766e-02 -1.192292794585227966e-01
6.155895441770553589e-02 -1.612512171268463135e-01 2.045692205429077148e-01 2.450753189623355865e-02
1.259509623050689697e-01 -2.710096538066864014e-01 6.573566049337387085e-02 -1.023369655013084412e-01
6.503003090620040894e-02 -1.703182756900787354e-01 -3.390017896890640259e-02 -1.489976644515991211e-01
2.066065818071365356e-01 -2.176295965909957886e-01 5.578782036900520325e-02 -1.046107858419418335e-01
1.344784279353916645e-03 1.403954718261957169e-02 4.787839353084564209e-01 -1.191084310412406921e-01
2.506231665611267090e-01 -5.708179995417594910e-02 -5.335698276758193970e-02 1.697599291801452637e-01
1.496749818325042725e-01 -2.860709428787231445e-01 1.211020499467849731e-01 -8.988199383020401001e-02
1.520896423608064651e-02 -4.154846072196960449e-02 1.781144440174102783e-01 -4.179375767707824707e-01
2.235478907823562622e-01 -2.006863206624984741e-01 7.142838090658187866e-02 -1.089909225702285767e-01
1.441388428211212158e-01 -2.483090013265609741e-01 9.748010337352752686e-02 -1.322176009416580200e-01
2.190124988555908203e-01 -1.670113056898117065e-01 7.809378206729888916e-02 -1.212335526943206787e-01
7.673787325620651245e-02 -2.264749705791473389e-01 4.617852345108985901e-02 1.564084202982485294e-03
1.430963426828384399e-01 -2.672754526138305664e-01 1.171221509575843811e-01 -9.605500847101211548e-02
3.319318890571594238e-01 -2.384105622768402100e-01 -3.474411666393280029e-01 -4.286230206489562988e-01
1.976700425148010254e-01 -2.266821861267089844e-01 8.001972734928131104e-02 -1.140693724155426025e-01
1.776436865329742432e-01 -2.314099967479705811e-01 7.594294846057891846e-02 -1.187840104103088379e-01
2.185238897800445557e-01 -1.934757679700851440e-01 8.447870612144470215e-02 -1.178550720214843750e-01
1.559227108955383301e-01 -2.599710524082183838e-01 6.742846220731735229e-02 -1.291971951723098755e-01
1.884613335132598877e-01 -2.369214594364166260e-01 8.439726382493972778e-02 -1.247644647955894470e-01
7.246299833059310913e-02 -1.613465845584869385e-01 5.720954015851020813e-02 -1.531048119068145752e-01
2.070758640766143799e-01 -2.017615288496017456e-01 8.470366150140762329e-02 -1.565525382757186890e-01
1.303164958953857422e-01 -2.659902572631835938e-01 6.193099543452262878e-02 -8.830384910106658936e-02
1.983539611101150513e-01 1.769112050533294678e-01 1.976655125617980957e-01 6.358817964792251587e-02
5.015126988291740417e-02 -1.831311732530593872e-01 1.347288191318511963e-01 -1.591902226209640503e-01
1.994947046041488647e-01 -2.284531146287918091e-01 5.239190906286239624e-02 -1.190677434206008911e-01
1.267664432525634766e-01 -2.531840205192565918e-01 9.221853315830230713e-02 -1.026455238461494446e-01
1.081646829843521118e-01 -2.097879797220230103e-01 8.472459018230438232e-02 -1.045361459255218506e-01
4.486010596156120300e-02 -1.201121062040328979e-01 -4.492878541350364685e-02 -1.816531568765640259e-01
1.624855101108551025e-01 -2.264387011528015137e-01 8.348206430673599243e-02 -1.056905016303062439e-01
1.298848390579223633e-01 -2.636024355888366699e-01 6.652300804853439331e-02 -1.439097970724105835e-01
2.352006286382675171e-01 -1.799377650022506714e-01 7.608397305011749268e-02 -1.583988517522811890e-01
2.610590457916259766e-01 -1.612081527709960938e-01 8.062779903411865234e-02 -2.022871673107147217e-01
2.171514332294464111e-01 -2.002440392971038818e-01 6.420385837554931641e-02 -1.228167116641998291e-01
2.231861203908920288e-01 -2.009377032518386841e-01 4.874143004417419434e-02 -8.976313471794128418e-02
-3.062580712139606476e-02 -3.531925976276397705e-01 1.519700437784194946e-01 -1.089963540434837341e-01
7.762402296066284180e-02 -2.250200361013412476e-01 1.204771250486373901e-01 -1.396184563636779785e-01
2.399611175060272217e-01 -1.465499699115753174e-01 1.454035788774490356e-01 -1.206125915050506592e-01
1.816811263561248779e-01 -2.236656993627548218e-01 6.915111839771270752e-02 -1.219332218170166016e-01
1.862572878599166870e-01 -2.343063801527023315e-01 9.278576076030731201e-02 -9.823314845561981201e-02
2.731241881847381592e-01 -2.793947160243988037e-01 1.744766347110271454e-02 -1.106785088777542114e-01
2.402827143669128418e-01 -2.217532098293304443e-01 5.675347521901130676e-02 -1.537850052118301392e-01
3.841045498847961426e-02 -8.213361352682113647e-02 2.038244456052780151e-01 2.914050407707691193e-02
1.516399830579757690e-01 -2.498454302549362183e-01 8.755633234977722168e-02 -1.226754635572433472e-01
2.554157078266143799e-01 -1.863147169351577759e-01 -1.136918440461158752e-01 -9.598338603973388672e-02
2.072095274925231934e-01 -2.356787770986557007e-01 7.402329146862030029e-02 -9.598047286272048950e-02
1.523820310831069946e-01 -2.420849949121475220e-01 6.743174791336059570e-02 -1.154697239398956299e-01
1.480986475944519043e-01 -2.376016080379486084e-01 1.034338995814323425e-01 -1.341533958911895752e-01
1.550870686769485474e-01 -2.667604088783264160e-01 9.871959686279296875e-02 -1.010052189230918884e-01
2.062851488590240479e-01 -2.216871082782745361e-01 8.361669629812240601e-02 -1.168270558118820190e-01
1.382531970739364624e-01 -2.606900334358215332e-01 1.111584529280662537e-01 -9.636503458023071289e-02
1.890599131584167480e-01 -2.477353066205978394e-01 7.433073222637176514e-02 -1.268851459026336670e-01
2.033589184284210205e-01 -2.151008099317550659e-01 5.290013924241065979e-02 -1.340960413217544556e-01
2.002528458833694458e-01 -2.346294075250625610e-01 6.572435796260833740e-02 -1.286686211824417114e-01
2.191498577594757080e-01 -2.091598957777023315e-01 3.792736679315567017e-02 -1.126936301589012146e-01
1.167688518762588501e-01 -2.705685794353485107e-01 1.082664132118225098e-01 -1.341369748115539551e-01
1.712059378623962402e-01 -2.361846566200256348e-01 8.583928644657135010e-02 -1.224648728966712952e-01
2.730636894702911377e-01 -1.274356842041015625e-01 -1.265401691198348999e-01 -3.259671032428741455e-01
2.309377491474151611e-01 -2.126831859350204468e-01 6.840692460536956787e-02 -1.204670667648315430e-01
4.739780351519584656e-02 -3.356259465217590332e-01 8.968757838010787964e-02 2.690890729427337646e-01
2.203850746154785156e-01 -2.065954655408859253e-01 7.220350205898284912e-02 -1.307615190744400024e-01
1.966723352670669556e-01 -2.267772704362869263e-01 7.822304964065551758e-02 -1.349217742681503296e-01
2.739493250846862793e-01 -8.585835993289947510e-02 2.719004154205322266e-01 -2.241536229848861694e-02
2.458189278841018677e-01 -2.070945203304290771e-01 -1.909782923758029938e-02 -1.101974621415138245e-01
2.333972156047821045e-01 -1.844964325428009033e-01 7.092113792896270752e-02 -1.301248818635940552e-01
2.755702733993530273e-01 -1.362180411815643311e-01 2.638086080551147461e-01 -1.647360995411872864e-02
2.399456202983856201e-01 -1.297475546598434448e-01 1.588103733956813812e-02 -1.779588609933853149e-01
-4.371472448110580444e-02 1.735823899507522583e-01 1.935950070619583130e-01 -5.934306383132934570e-01
2.006987482309341431e-01 -2.290154099464416504e-01 6.293779611587524414e-02 -1.262578219175338745e-01
1.638780981302261353e-01 -2.555045783519744873e-01 8.492321521043777466e-02 -1.070642471313476562e-01
2.467922866344451904e-01 -2.177745103836059570e-01 1.928911171853542328e-02 -1.466316133737564087e-01
-9.125158190727233887e-03 -3.382076919078826904e-01 1.931078545749187469e-02 -3.530828654766082764e-01
1.911644637584686279e-01 -2.254017740488052368e-01 6.533392518758773804e-02 -1.216589137911796570e-01
1.823402345180511475e-01 -2.324147969484329224e-01 7.854872196912765503e-02 -1.251937747001647949e-01
1.154683679342269897e-01 -2.788244485855102539e-01 8.796092122793197632e-02 -1.766660362482070923e-01
1.929733306169509888e-01 -2.246040254831314087e-01 6.117414683103561401e-02 -1.345841139554977417e-01
1.985030919313430786e-01 -2.240832746028900146e-01 6.632605195045471191e-02 -1.268794983625411987e-01
1.937907338142395020e-01 -2.320336252450942993e-01 8.112045377492904663e-02 -1.186415180563926697e-01
2.249023020267486572e-01 -2.271728217601776123e-01 9.172122925519943237e-02 -1.201748251914978027e-01
2.437746822834014893e-01 -2.318416237831115723e-01 7.210713624954223633e-02 -9.109006822109222412e-02
2.099657505750656128e-01 -1.897215098142623901e-01 4.770972952246665955e-02 -1.210582777857780457e-01
6.357501447200775146e-02 -1.983075439929962158e-01 2.261807769536972046e-01 -3.702943399548530579e-02
2.088236659765243530e-01 -2.099215239286422729e-01 6.450705230236053467e-02 -1.310403794050216675e-01
8.253102749586105347e-02 -2.655404806137084961e-01 -2.005029655992984772e-02 -1.695244759321212769e-01
1.280557662248611450e-01 -2.694936096668243408e-01 7.280248403549194336e-02 -1.356149911880493164e-01
2.587858438491821289e-01 2.057372219860553741e-02 1.005010455846786499e-01 -2.087948322296142578e-01
2.263689488172531128e-01 8.735106885433197021e-02 1.554598361253738403e-01 2.185381650924682617e-01
2.423690110445022583e-01 -4.765585437417030334e-02 3.622503206133842468e-02 -1.604531407356262207e-01
1.911572664976119995e-01 -2.099609076976776123e-01 6.751755625009536743e-02 -1.180083602666854858e-01
2.439950853586196899e-01 -1.482166349887847900e-01 3.217381983995437622e-02 -2.288855910301208496e-01
1.928714513778686523e-01 -2.446496486663818359e-01 7.598536461591720581e-02 -1.187860667705535889e-01
2.068361937999725342e-01 -2.192488163709640503e-01 4.998823627829551697e-02 -1.523467749357223511e-01
8.159588277339935303e-02 -2.293983101844787598e-01 1.604040861129760742e-01 -1.319251507520675659e-01
2.158727496862411499e-01 1.628773957490921021e-01 3.397703766822814941e-01 5.237335339188575745e-02
1.584806889295578003e-01 -2.415976673364639282e-01 7.047802209854125977e-02 -1.135963052511215210e-01
1.012344658374786377e-01 -2.041064798831939697e-01 5.821922793984413147e-02 -9.307646751403808594e-02
1.347959935665130615e-01 -2.618720233440399170e-01 9.020591527223587036e-02 -1.179326698184013367e-01
2.250632792711257935e-01 -2.276886403560638428e-01 4.692525416612625122e-02 -1.404454857110977173e-01
1.741926223039627075e-01 -2.572140097618103027e-01 8.686920255422592163e-02 -1.163731217384338379e-01
1.066236868500709534e-01 -2.374310642480850220e-01 6.362690776586532593e-02 -5.827510356903076172e-02
1.772077530622482300e-01 -2.151790112257003784e-01 7.600462436676025391e-02 -1.172852814197540283e-01
1.728608459234237671e-01 -2.344773709774017334e-01 7.641112804412841797e-02 -1.199904382228851318e-01
1.368795484304428101e-01 -2.822773456573486328e-01 9.131730347871780396e-02 -1.346216052770614624e-01
1.089700385928153992e-01 -2.672266662120819092e-01 6.373699754476547241e-02 -1.236721798777580261e-01
2.418717592954635620e-01 -1.695328503847122192e-01 2.051467262208461761e-02 -7.528991252183914185e-02
2.885075211524963379e-01 -1.428242474794387817e-01 -2.720081014558672905e-03 -3.727343976497650146e-01
1.745220273733139038e-01 -2.354474365711212158e-01 9.478552639484405518e-02 -1.219133958220481873e-01
2.537358105182647705e-01 -1.100445091724395752e-01 -8.626277744770050049e-02 -1.552819609642028809e-01
1.815329939126968384e-01 -2.430604994297027588e-01 6.674490123987197876e-02 -1.187941953539848328e-01
1.690472364425659180e-01 -2.405363470315933228e-01 9.297215938568115234e-02 -1.101567223668098450e-01
1.627460122108459473e-01 -2.336535751819610596e-01 7.495440542697906494e-02 -1.211288347840309143e-01
2.176779508590698242e-01 -2.168078869581222534e-01 4.998170956969261169e-02 -1.301356106996536255e-01
2.486905157566070557e-01 -2.178391218185424805e-01 -2.135534025728702545e-02 -1.639013439416885376e-01
1.547906994819641113e-01 -2.604417502880096436e-01 6.839181482791900635e-02 -1.222319602966308594e-01
1.968053430318832397e-01 -2.175945490598678589e-01 6.408929079771041870e-02 -1.170435771346092224e-01
9.884855896234512329e-02 -2.197165936231613159e-01 6.436060369014739990e-02 -4.207830876111984253e-02
9.149433672428131104e-02 -2.192618399858474731e-01 7.689421623945236206e-02 -9.116524457931518555e-02
2.730422914028167725e-01 -7.218658179044723511e-02 -1.706842035055160522e-01 -2.888992726802825928e-01
1.121847033500671387e-01 -3.000320196151733398e-01 1.102937981486320496e-01 -1.148289367556571960e-01
2.200969159603118896e-01 -1.908713728189468384e-01 7.787797600030899048e-02 -9.798782318830490112e-02
1.597600430250167847e-01 -2.508553266525268555e-01 9.783324599266052246e-02 -1.191747337579727173e-01
2.211048752069473267e-01 -2.025801986455917358e-01 6.311215460300445557e-02 -1.445916295051574707e-01
1.867679059505462646e-01 -2.146096825599670410e-01 6.694622337818145752e-02 -1.252032816410064697e-01
2.438079267740249634e-01 -1.569289267063140869e-01 1.753610558807849884e-02 -6.520083546638488770e-02
2.625335156917572021e-01 -1.878389567136764526e-01 7.954055815935134888e-02 -1.454792916774749756e-01
2.341914027929306030e-01 -2.059918828308582306e-02 1.363019198179244995e-01 -2.345466017723083496e-01
1.318978816270828247e-01 -2.873141765594482422e-01 4.360210895538330078e-02 -1.069946065545082092e-01
1.792861819267272949e-01 -2.357873916625976562e-01 8.426499366760253906e-02 -1.182218343019485474e-01
1.890227198600769043e-01 -2.480394691228866577e-01 8.419930934906005859e-02 -1.167126968502998352e-01
1.634024083614349365e-01 -2.570979595184326172e-01 7.703480124473571777e-02 -1.188182830810546875e-01
2.379615008831024170e-01 -2.154392451047897339e-01 3.313536569476127625e-02 -1.076357513666152954e-01
2.038591802120208740e-01 2.806516587734222412e-01 4.369956851005554199e-01 6.179631501436233521e-02
2.452096492052078247e-01 -7.319491356611251831e-02 5.936091393232345581e-02 -1.795873790979385376e-01
2.040279060602188110e-01 -2.235351204872131348e-01 8.118845522403717041e-02 -1.172703728079795837e-01
9.887920320034027100e-02 -2.262894362211227417e-01 1.303189694881439209e-01 -1.456619352102279663e-01
1.893415749073028564e-01 -2.351463884115219116e-01 6.679486483335494995e-02 -1.186687722802162170e-01
1.380173563957214355e-01 -2.299720197916030884e-01 1.032893732190132141e-01 -9.557869285345077515e-02
3.591274842619895935e-02 -9.936226159334182739e-02 4.007770717144012451e-01 -3.035088777542114258e-01
1.072742044925689697e-01 -3.212941586971282959e-01 8.143305033445358276e-02 -1.197916790843009949e-01
9.735882282257080078e-02 -2.039587795734405518e-01 1.259463280439376831e-01 -1.868027001619338989e-01
2.476404458284378052e-01 -1.695072948932647705e-01 6.172765046358108521e-02 -1.666389107704162598e-01
1.519613564014434814e-01 -2.474519461393356323e-01 9.056109935045242310e-02 -1.343312859535217285e-01
8.189687877893447876e-02 -2.018056958913803101e-01 1.578975915908813477e-01 -1.647379994392395020e-01
1.780012547969818115e-01 -2.432523071765899658e-01 8.049408346414566040e-02 -1.222373917698860168e-01
2.381227463483810425e-01 -2.095984369516372681e-01 5.574962496757507324e-02 -1.057442724704742432e-01
8.442082256078720093e-02 -2.315393239259719849e-01 1.074511110782623291e-01 -4.500160738825798035e-02
1.414262652397155762e-01 -2.341391593217849731e-01 8.621727675199508667e-02 -1.069249510765075684e-01
2.116583734750747681e-01 -2.071915417909622192e-01 3.284025564789772034e-02 -1.335706710815429688e-01
2.108748704195022583e-01 -2.090775072574615479e-01 6.953046470880508423e-02 -1.257811188697814941e-01
2.411561459302902222e-01 -1.374340951442718506e-01 8.150354772806167603e-02 -5.405242741107940674e-02
1.504114419221878052e-01 -2.572011947631835938e-01 8.816704154014587402e-02 -9.674438089132308960e-02
1.930761039257049561e-01 -2.157289981842041016e-01 7.416073977947235107e-02 -1.249174624681472778e-01
1.051065474748611450e-01 -2.316135615110397339e-01 1.187522634863853455e-01 -1.477561891078948975e-01
2.778339385986328125e-01 -1.774652451276779175e-01 -1.428115833550691605e-02 -1.199906468391418457e-01
4.802119359374046326e-02 -2.255365103483200073e-01 -1.423652321100234985e-01 -1.739841885864734650e-02
1.152459979057312012e-01 -2.896589040756225586e-01 1.414017006754875183e-02 -1.540416181087493896e-01
1.897584050893783569e-01 -2.361153066158294678e-01 7.263319939374923706e-02 -1.158816441893577576e-01
1.556591540575027466e-01 -2.485527545213699341e-01 8.212853223085403442e-02 -1.235003694891929626e-01
1.435984969139099121e-01 -2.921070754528045654e-01 9.088229387998580933e-02 -1.393612772226333618e-01
2.642034292221069336e-01 -9.593256562948226929e-02 -5.462208390235900879e-02 -2.447663545608520508e-01
1.616625040769577026e-01 -2.407009452581405640e-01 7.889226078987121582e-02 -1.053083315491676331e-01
8.990176767110824585e-02 -2.431149035692214966e-01 1.459827572107315063e-01 -1.735534816980361938e-01
2.474619597196578979e-01 -1.396010667085647583e-01 8.727272599935531616e-02 -1.151430904865264893e-01
2.649582326412200928e-01 -8.117506653070449829e-02 -2.235084027051925659e-01 -3.525422811508178711e-01
2.724165618419647217e-01 -1.198015362024307251e-01 1.173313558101654053e-01 -1.541242003440856934e-01
1.191464141011238098e-01 -2.336051613092422485e-01 1.079875752329826355e-01 -1.420093029737472534e-01
7.507601380348205566e-02 -1.538597643375396729e-01 1.930058449506759644e-01 -1.617065370082855225e-01
1.606141626834869385e-01 -2.652541399002075195e-01 7.740215957164764404e-02 -9.076833724975585938e-02
1.055722013115882874e-01 -2.582840025424957275e-01 7.355178147554397583e-02 -1.183792725205421448e-01
7.726094126701354980e-02 -2.123524695634841919e-01 3.550744354724884033e-01 -1.175954043865203857e-01
1.520980596542358398e-01 -2.419998496770858765e-01 9.666835516691207886e-02 -1.117907762527465820e-01
9.306908398866653442e-02 -2.576790452003479004e-01 1.319395601749420166e-01 -1.811723411083221436e-02
2.241061031818389893e-01 -2.130281478166580200e-01 6.923130154609680176e-02 -1.171146333217620850e-01
2.656764686107635498e-01 5.792966578155755997e-03 -1.660504937171936035e-01 -3.082614243030548096e-01
2.357542142271995544e-02 -1.075200270861387253e-02 -1.617989037185907364e-03 -3.382657468318939209e-01
1.135577782988548279e-01 -2.406202852725982666e-01 1.125515252351760864e-01 -7.045189291238784790e-02
2.333129793405532837e-01 -1.847914159297943115e-01 8.370198309421539307e-02 -1.048718467354774475e-01
2.447577416896820068e-01 7.854264974594116211e-02 4.049184024333953857e-01 4.411163553595542908e-02
1.848942488431930542e-01 -2.152531147003173828e-01 7.398209720849990845e-02 -1.137815266847610474e-01
2.560780942440032959e-01 -2.106510698795318604e-01 6.036164611577987671e-02 -1.256023496389389038e-01
2.368303984403610229e-01 -1.715854704380035400e-01 3.295059548690915108e-03 -1.808201670646667480e-01
3.535596653819084167e-02 -1.897670030593872070e-01 -1.232763007283210754e-01 1.499118357896804810e-01
5.585575476288795471e-02 -2.279050350189208984e-01 -1.437423527240753174e-01 -3.489589989185333252e-01
2.453121989965438843e-01 -2.167188525199890137e-01 4.572260379791259766e-02 -1.386454552412033081e-01
2.266767472028732300e-01 -1.616516262292861938e-01 1.091744378209114075e-01 -1.145406514406204224e-01
2.540233731269836426e-01 -1.641281545162200928e-01 3.574833646416664124e-02 -2.081227451562881470e-01
1.998058110475540161e-01 -2.312456071376800537e-01 6.551447510719299316e-02 -1.349851936101913452e-01
2.293989509344100952e-01 -2.122422605752944946e-01 6.270308047533035278e-02 -1.237480491399765015e-01
9.590854495763778687e-02 -2.473712861537933350e-01 1.841549724340438843e-01 -7.418579608201980591e-02
1.088935807347297668e-01 -2.165894657373428345e-01 1.420859098434448242e-01 -9.447602927684783936e-02
2.418184578418731689e-01 -1.436820775270462036e-01 8.783941715955734253e-02 -1.140211969614028931e-01
7.730292528867721558e-02 -1.989995241165161133e-01 1.731346547603607178e-01 -2.546959221363067627e-01
2.283045053482055664e-01 -2.021389007568359375e-01 6.309510022401809692e-02 -1.271201074123382568e-01
1.032987702637910843e-02 -9.492924064397811890e-02 -5.667963624000549316e-02 -2.723651230335235596e-01
1.256310194730758667e-01 -2.986312806606292725e-01 1.215355917811393738e-01 -8.534812182188034058e-02
2.150736749172210693e-01 -2.303970605134963989e-01 5.244424939155578613e-02 -1.285539567470550537e-01
2.150377333164215088e-01 -1.858393400907516479e-01 6.623762845993041992e-02 -1.029149815440177917e-01
6.293931603431701660e-02 -1.278273612260818481e-01 2.038836292922496796e-02 -1.944928765296936035e-01
1.989936232566833496e-01 -2.284488230943679810e-01 5.885177478194236755e-02 -1.052157878875732422e-01
1.856302171945571899e-01 -2.270551472902297974e-01 8.157137781381607056e-02 -9.573448449373245239e-02
8.258336782455444336e-02 -2.507725954055786133e-01 1.175470650196075439e-01 -1.542936563491821289e-01
5.801839753985404968e-02 -1.284482628107070923e-01 1.614985615015029907e-01 -6.189666688442230225e-02
1.892283409833908081e-01 -2.518355250358581543e-01 7.293140888214111328e-02 -1.137526854872703552e-01
1.961119621992111206e-01 -2.443433403968811035e-01 4.790600761771202087e-02 -1.108679994940757751e-01
1.595626771450042725e-01 -2.471714168787002563e-01 1.103392913937568665e-01 -1.225254610180854797e-01
1.556407809257507324e-01 -2.590397894382476807e-01 9.498932957649230957e-02 -1.177377998828887939e-01
1.766091436147689819e-01 -2.451274394989013672e-01 9.710839390754699707e-02 -1.239662989974021912e-01
1.873229146003723145e-01 -2.241345942020416260e-01 7.663317769765853882e-02 -1.141790449619293213e-01
7.006608694791793823e-02 -2.417101263999938965e-01 -8.858697116374969482e-02 -8.114868402481079102e-02
2.308007627725601196e-01 -1.948712319135665894e-01 7.691103219985961914e-02 -1.258998960256576538e-01
1.681486666202545166e-01 -2.304688543081283569e-01 9.160666912794113159e-02 -1.170527040958404541e-01
1.579554677009582520e-01 -2.384667843580245972e-01 1.122918352484703064e-01 -1.131929084658622742e-01
1.255023926496505737e-01 -2.729208171367645264e-01 1.214079931378364563e-01 -8.941723406314849854e-02
1.317850351333618164e-01 -2.720293998718261719e-01 9.458883851766586304e-02 -1.317179948091506958e-01
1.999305635690689087e-01 -2.151339203119277954e-01 7.159671187400817871e-02 -1.321481466293334961e-01
2.449266165494918823e-01 1.318684127181768417e-02 3.090763688087463379e-01 -1.547956019639968872e-01
2.641752064228057861e-01 -1.505034565925598145e-01 2.205873727798461914e-01 -5.639703199267387390e-02
1.714633852243423462e-01 -2.472908645868301392e-01 9.051147103309631348e-02 -1.169520244002342224e-01
1.087978854775428772e-01 -2.797325253486633301e-01 7.857429236173629761e-02 -8.789025247097015381e-02
8.091847598552703857e-02 -1.558792889118194580e-01 5.317310616374015808e-02 -1.948513984680175781e-01
1.966090500354766846e-01 -2.282912582159042358e-01 8.116696029901504517e-02 -1.166202947497367859e-01
2.273884564638137817e-01 -2.267305552959442139e-01 5.474203079938888550e-02 -1.191764101386070251e-01
2.564714550971984863e-01 -4.586292430758476257e-02 8.541533350944519043e-02 3.665457367897033691e-01
1.591905206441879272e-01 -2.434066236019134521e-01 9.938334673643112183e-02 -1.183263063430786133e-01
1.448882669210433960e-01 -2.731659710407257080e-01 9.550371766090393066e-02 -1.311619728803634644e-01
1.182801574468612671e-01 -2.952417135238647461e-01 7.689981907606124878e-02 -5.962695926427841187e-02
2.107619941234588623e-01 -1.974218636751174927e-01 6.988116353750228882e-02 -1.297247111797332764e-01
2.063589096069335938e-01 -2.130303084850311279e-01 6.306559592485427856e-02 -1.295293420553207397e-01
1.672287285327911377e-01 -2.648755013942718506e-01 1.041910275816917419e-01 -1.108827218413352966e-01
3.938933834433555603e-02 -2.036781907081604004e-01 -6.694819778203964233e-02 -2.539391219615936279e-01
2.214998900890350342e-01 -2.044786661863327026e-01 7.124684751033782959e-02 -1.124665662646293640e-01
2.419034242630004883e-01 -2.049146741628646851e-01 -1.750445109792053699e-03 -1.095020323991775513e-01
1.943453699350357056e-01 -2.222110182046890259e-01 6.677538901567459106e-02 -1.247262358665466309e-01
1.827960759401321411e-01 -2.344635576009750366e-01 7.286265492439270020e-02 -1.030240058898925781e-01
1.657199263572692871e-01 -2.504533827304840088e-01 8.249937742948532104e-02 -1.120747327804565430e-01
2.183216512203216553e-01 -2.229852676391601562e-01 3.773983567953109741e-02 -1.319729387760162354e-01
1.618385463953018188e-01 -2.265206575393676758e-01 7.878403365612030029e-02 -1.246441304683685303e-01
7.263254374265670776e-02 -3.147842288017272949e-01 1.212436258792877197e-01 1.498944461345672607e-01
2.437159568071365356e-01 -9.450789541006088257e-02 2.656210400164127350e-02 -1.206423863768577576e-01
