-8.231772184371948242e-01
-9.557758569717407227e-01
-8.117746114730834961e-01
-3.271336555480957031e-01
-6.782685518264770508e-01
-8.599356412887573242e-01
1.861455887556076050e-01
-9.513019323348999023e-01
-3.345096409320831299e-01
-1.356481015682220459e-01
-6.244047880172729492e-01
-8.430818319320678711e-01
4.121202044188976288e-03
1.703304238617420197e-02
-8.520304560661315918e-01
-9.875737428665161133e-01
7.393925786018371582e-01
7.177091669291257858e-03
-9.477600455284118652e-01
7.081101536750793457e-01
-2.791972160339355469e-01
7.177771627902984619e-02
-7.738682627677917480e-01
8.492068387567996979e-03
-5.212338566780090332e-01
-9.623832106590270996e-01
-7.290796041488647461e-01
-8.163266777992248535e-01
-3.742848709225654602e-02
-2.926216274499893188e-02
-5.806957483291625977e-01
-8.835973143577575684e-01
-5.139394402503967285e-01
3.002079436555504799e-03
-6.986064910888671875e-01
-2.895893454551696777e-01
-6.459672451019287109e-01
-8.558333665132522583e-02
-8.326892256736755371e-01
-9.421389102935791016e-01
-8.388152718544006348e-01
-3.845628499984741211e-01
-8.960501551628112793e-01
-7.034021615982055664e-01
-1.585601717233657837e-01
-8.225970864295959473e-01
-3.007539808750152588e-01
-7.899326086044311523e-01
-8.169324994087219238e-01
-8.345424532890319824e-01
-9.113568067550659180e-01
-7.368418574333190918e-01
-8.459417223930358887e-01
-4.857048988342285156e-01
-7.283611893653869629e-01
-3.051972389221191406e-01
-9.362733960151672363e-01
-3.303752839565277100e-01
-8.242123723030090332e-01
-8.733403682708740234e-01
-1.766340732574462891e-01
-6.667776703834533691e-01
1.960443705320358276e-01
-7.136579155921936035e-01
-8.487993478775024414e-01
-2.874912023544311523e-01
-8.217598795890808105e-01
-6.182208061218261719e-01
-1.947460174560546875e-01
1.721514202654361725e-02
8.998143672943115234e-01
-5.846365690231323242e-01
-3.433750569820404053e-01
-7.034343481063842773e-01
-8.265724778175354004e-01
-6.954320669174194336e-01
-7.114083766937255859e-01
6.626340150833129883e-01
2.699664793908596039e-02
-3.273160755634307861e-01
-3.362238705158233643e-01
-8.806397914886474609e-01
-7.083682417869567871e-01
-1.764872819185256958e-01
-4.215232431888580322e-01
-7.798461914062500000e-01
-1.735365949571132660e-02
-6.914326548576354980e-01
6.852018833160400391e-01
-2.013605087995529175e-01
-5.372325703501701355e-02
-6.433156877756118774e-02
-3.199487030506134033e-01
-1.869250535964965820e-01
9.282340407371520996e-01
-3.171685636043548584e-01
5.792974829673767090e-01
-8.515287041664123535e-01
-5.970902442932128906e-01
7.136741653084754944e-03
-9.023587703704833984e-01
-6.678372621536254883e-01
-3.368735015392303467e-01
-4.587397277355194092e-01
5.990613102912902832e-01
-8.201458454132080078e-01
-7.462758421897888184e-01
-1.851784735918045044e-01
-9.773408174514770508e-01
1.089048087596893311e-01
-6.144297122955322266e-01
3.463730812072753906e-01
4.181393608450889587e-02
-2.595047056674957275e-01
-2.070925384759902954e-02
-3.336146175861358643e-01
-7.979280948638916016e-01
-7.751563191413879395e-01
-9.494172930717468262e-01
-2.986357510089874268e-01
6.907685399055480957e-01
-1.674262583255767822e-01
-3.195384740829467773e-01
-9.901036024093627930e-01
9.189030155539512634e-03
8.004507422447204590e-02
-3.073088526725769043e-01
9.968219995498657227e-01
2.773155272006988525e-01
-5.155436396598815918e-01
-6.241309046745300293e-01
5.762943625450134277e-01
-8.579993247985839844e-01
1.378038525581359863e-01
-2.274920344352722168e-01
-6.938035041093826294e-02
-6.832270026206970215e-01
-3.411288857460021973e-01
2.691668272018432617e-01
-6.435648202896118164e-01
-6.411215066909790039e-01
-8.449398279190063477e-01
-8.011415004730224609e-01
-1.984368860721588135e-01
9.707093238830566406e-01
-8.102276325225830078e-01
-1.210912317037582397e-02
-2.574329972267150879e-01
-5.193349719047546387e-01
-7.308247685432434082e-01
-7.951725125312805176e-01
-8.800362348556518555e-01
-5.044807121157646179e-02
-8.709243535995483398e-01
9.320319294929504395e-01
-4.876556396484375000e-01
-9.873926639556884766e-01
-3.217449784278869629e-01
6.543774604797363281e-01
-8.690931797027587891e-01
-5.433144569396972656e-01
-9.527129530906677246e-01
-6.162834763526916504e-01
-8.006159663200378418e-01
-8.532862067222595215e-01
1.543108969926834106e-01
-9.004078507423400879e-01
2.448271512985229492e-01
-9.560509920120239258e-01
-7.850403189659118652e-01
-7.534132599830627441e-01
1.732720434665679932e-01
-8.400386571884155273e-01
-7.449504137039184570e-01
-8.283811807632446289e-01
-1.521056294441223145e-01
-7.486902475357055664e-01
-7.945069074630737305e-01
-8.061516880989074707e-01
-8.424151539802551270e-01
