-1.619214266538619995e-01 -9.894306957721710205e-02 -3.802315518260002136e-02 1.691327840089797974e-01 4.031191766262054443e-01
-7.095727324485778809e-02 1.633890271186828613e-01 2.238076180219650269e-01 1.760268211364746094e-02 4.902649521827697754e-01
4.862919822335243225e-02 -3.644673852249979973e-03 -6.588679552078247070e-02 1.215386241674423218e-01 3.675056397914886475e-01
-1.339897513389587402e-01 3.138821944594383240e-02 -1.822972595691680908e-01 -7.907588034868240356e-02 1.506701260805130005e-01
-1.286609768867492676e-01 -2.409121990203857422e-01 6.859593838453292847e-02 3.283669948577880859e-01 2.057661563158035278e-01
-3.938706517219543457e-01 4.131174646317958832e-03 1.290598511695861816e-01 4.127418696880340576e-01 4.531933963298797607e-01
-1.849363744258880615e-01 5.027737841010093689e-02 -1.529262959957122803e-01 -1.186320930719375610e-01 -3.674632012844085693e-01
-1.080493852496147156e-01 -5.931689590215682983e-02 2.019138336181640625e-01 1.769989542663097382e-02 4.293735027313232422e-01
1.902235001325607300e-01 -2.222194373607635498e-01 -2.977736294269561768e-01 -2.059409618377685547e-01 1.286313086748123169e-01
1.973957121372222900e-01 2.038454562425613403e-01 3.612397909164428711e-01 -2.920758128166198730e-01 2.205203026533126831e-01
8.756770193576812744e-02 -3.960045576095581055e-01 2.158715128898620605e-01 2.415850460529327393e-01 9.082653373479843140e-02
-2.142623066902160645e-01 -7.980731874704360962e-02 1.872919150628149509e-03 1.773137748241424561e-01 4.366221725940704346e-01
-1.359131634235382080e-01 2.540984153747558594e-01 4.016859456896781921e-02 1.804456114768981934e-04 -2.651234865188598633e-01
8.808490633964538574e-02 -6.731942296028137207e-02 7.078555226325988770e-02 1.844918131828308105e-01 -2.813111245632171631e-01
-1.921581104397773743e-02 1.710812300443649292e-01 -8.375810831785202026e-02 8.379574120044708252e-02 4.833598136901855469e-01
-2.725475234910845757e-03 -3.011824190616607666e-01 2.092868238687515259e-01 -3.395394086837768555e-01 1.993787735700607300e-01
-6.800308357924222946e-03 5.737832188606262207e-01 1.619578897953033447e-01 -1.233413219451904297e-01 -2.846333384513854980e-01
1.405732147395610809e-02 3.031607717275619507e-02 1.224572807550430298e-01 2.094082236289978027e-01 -2.380840033292770386e-01
-1.228128224611282349e-01 2.344218343496322632e-01 1.326348334550857544e-01 6.593360751867294312e-02 4.696758389472961426e-01
3.033892214298248291e-01 5.687047243118286133e-01 6.876639276742935181e-02 -1.386970579624176025e-01 -3.176687955856323242e-01
-9.921662509441375732e-02 1.855016201734542847e-01 -3.289482891559600830e-01 -2.960509359836578369e-01 -2.169485539197921753e-01
-3.602546155452728271e-01 -2.703302912414073944e-02 -2.745018899440765381e-01 1.011832281947135925e-01 -4.652061760425567627e-01
2.567764930427074432e-02 -7.678564637899398804e-02 -1.418023407459259033e-01 1.507354378700256348e-01 4.079498052597045898e-01
-3.064463846385478973e-02 -1.001816987991333008e-02 1.184469610452651978e-01 3.379325941205024719e-02 -2.914778888225555420e-01
1.338997930288314819e-01 -3.428213298320770264e-01 2.124092429876327515e-01 2.277867943048477173e-01 -1.053865030407905579e-01
-2.466900199651718140e-01 -1.620471477508544922e-01 3.610927164554595947e-01 1.285324692726135254e-01 3.575976490974426270e-01
2.819557301700115204e-02 -1.641395390033721924e-01 -1.258853524923324585e-01 1.718480288982391357e-01 3.225407600402832031e-01
-1.414872854948043823e-01 5.885735899209976196e-02 -7.471894472837448120e-02 3.001981079578399658e-01 4.684198796749114990e-01
-2.215728014707565308e-01 2.863890305161476135e-02 3.891113996505737305e-01 -1.414148956537246704e-01 -2.590070962905883789e-01
2.305429801344871521e-02 -2.906168811023235321e-02 3.120258152484893799e-01 1.393325179815292358e-01 -8.730790764093399048e-02
2.429801523685455322e-01 -2.327266931533813477e-01 3.384836018085479736e-01 2.366436272859573364e-01 9.549646824598312378e-02
-3.044760227203369141e-01 1.187295913696289062e-01 1.412355341017246246e-03 1.467960029840469360e-01 3.960803151130676270e-01
2.548577189445495605e-01 -2.444723695516586304e-01 2.455272078514099121e-01 2.892365455627441406e-01 -1.440960466861724854e-01
-1.812123209238052368e-01 1.996785216033458710e-02 1.632789969444274902e-01 8.725643903017044067e-02 -2.676550149917602539e-01
1.121392399072647095e-01 -1.597431898117065430e-01 -8.091092109680175781e-02 1.351139098405838013e-01 2.937259972095489502e-01
-3.228492438793182373e-01 2.605879306793212891e-02 -2.232971936464309692e-01 -2.655800879001617432e-01 -1.345088481903076172e-01
1.400569826364517212e-01 -4.096255600452423096e-01 7.844754308462142944e-02 2.329912036657333374e-01 7.473982870578765869e-02
5.180941224098205566e-01 2.073141187429428101e-01 2.256111055612564087e-01 -3.133690655231475830e-01 1.747698336839675903e-01
-1.946685463190078735e-01 -1.173023730516433716e-01 9.739390574395656586e-03 1.833989322185516357e-01 4.079263210296630859e-01
-8.763642609119415283e-02 -1.375965625047683716e-01 6.165846064686775208e-02 -1.495970338582992554e-01 3.025671541690826416e-01
-1.756215989589691162e-01 -1.896006613969802856e-01 1.333648413419723511e-01 2.487665712833404541e-01 3.999552726745605469e-01
-9.855792671442031860e-02 -3.137922883033752441e-01 -7.829079777002334595e-02 1.687591522932052612e-01 -2.076689302921295166e-01
-2.547394633293151855e-01 -9.178653359413146973e-02 1.643137186765670776e-01 1.909064650535583496e-01 4.766567051410675049e-01
2.552963197231292725e-01 -1.226722300052642822e-01 -2.178945094347000122e-01 1.315221041440963745e-01 2.610291838645935059e-01
1.152510643005371094e-01 1.731514930725097656e-05 3.919069766998291016e-01 -3.782574236392974854e-01 2.700023651123046875e-01
-3.663579002022743225e-02 -6.047068163752555847e-02 -2.695861645042896271e-02 1.074889376759529114e-01 3.473914265632629395e-01
6.092043220996856689e-02 -1.202824860811233521e-01 -2.008235007524490356e-01 -2.804493308067321777e-01 -1.563502550125122070e-01
3.563807159662246704e-02 -6.610006839036941528e-02 -1.154783740639686584e-01 1.021738126873970032e-01 4.303997159004211426e-01
-6.154377385973930359e-02 1.173271611332893372e-01 -1.969964951276779175e-01 2.251466549932956696e-02 3.190136253833770752e-01
-4.075133204460144043e-01 -1.408163011074066162e-01 7.735706865787506104e-02 3.104000687599182129e-01 3.360072076320648193e-01
-8.499264717102050781e-02 6.202441453933715820e-02 1.125984266400337219e-01 1.100923568010330200e-01 5.165910124778747559e-01
4.540690779685974121e-02 -8.407188206911087036e-02 -7.918009161949157715e-02 1.542928218841552734e-01 2.979970276355743408e-01
-9.840133599936962128e-03 6.049786508083343506e-02 -1.248959749937057495e-01 -2.616174146533012390e-02 4.330135583877563477e-01
4.393430054187774658e-01 -4.297565519809722900e-01 7.701194286346435547e-02 3.526457846164703369e-01 -1.046420484781265259e-01
1.487181484699249268e-01 5.483436584472656250e-02 -2.886123955249786377e-01 9.551229327917098999e-02 2.591403126716613770e-01
-1.986774206161499023e-01 -5.390604957938194275e-02 -2.985260784626007080e-01 -1.435845494270324707e-01 -2.226797640323638916e-01
6.969417631626129150e-02 -1.192459464073181152e-01 2.229055911302566528e-01 4.537118971347808838e-02 4.070999622344970703e-01
5.131905898451805115e-02 -1.187616959214210510e-01 -2.912026643753051758e-01 -1.731262058019638062e-01 1.420219987630844116e-01
1.825700514018535614e-02 4.113285616040229797e-02 -7.846000790596008301e-02 1.062705665826797485e-01 3.605045080184936523e-01
1.842999272048473358e-02 -1.036427840590476990e-01 6.544256210327148438e-02 8.816952258348464966e-02 4.638294577598571777e-01
5.884472280740737915e-02 -2.990900278091430664e-01 2.675394117832183838e-01 -3.842259943485260010e-01 5.664866417646408081e-02
1.972846537828445435e-01 -1.971586346626281738e-01 2.199256606400012970e-02 1.665092706680297852e-01 2.896160185337066650e-01
-3.228293657302856445e-01 2.494424730539321899e-01 -2.052247971296310425e-01 -2.051808238029479980e-01 -4.700606465339660645e-01
3.077120892703533173e-02 -1.871623471379280090e-02 -1.982792466878890991e-01 4.761134833097457886e-02 2.225862592458724976e-01
2.615110576152801514e-02 1.794139668345451355e-02 -6.936113536357879639e-02 4.997429996728897095e-02 3.725335001945495605e-01
6.266202032566070557e-02 -1.242850646376609802e-01 -1.530237942934036255e-01 -3.559130430221557617e-01 -1.841172128915786743e-01
-5.706228688359260559e-02 -8.298005908727645874e-02 -9.032699465751647949e-02 4.369069263339042664e-02 3.914049565792083740e-01
1.766938567161560059e-01 -2.325916737318038940e-01 2.301439940929412842e-01 1.869466602802276611e-01 1.815663278102874756e-01
-2.914366722106933594e-01 -4.103234410285949707e-01 3.530013263225555420e-01 -3.588813543319702148e-01 -1.593936979770660400e-01
-1.770044676959514618e-02 5.721182562410831451e-03 5.783831328153610229e-02 5.031521990895271301e-02 -3.118503689765930176e-01
5.425564646720886230e-01 5.223063230514526367e-01 2.186372578144073486e-01 -1.309642046689987183e-01 -1.855877786874771118e-02
9.028398245573043823e-02 -3.916445672512054443e-01 3.519596159458160400e-01 2.435525059700012207e-01 2.766484208405017853e-02
1.819552630186080933e-01 -4.221329689025878906e-01 -4.185996949672698975e-01 -2.141682952642440796e-01 -1.309470385313034058e-01
5.424480885267257690e-02 -1.749807298183441162e-01 3.398229926824569702e-02 1.948255598545074463e-01 4.087390005588531494e-01
-3.768000379204750061e-02 -6.388229876756668091e-02 -1.694257371127605438e-02 1.027167588472366333e-01 3.568316400051116943e-01
2.587493322789669037e-02 -1.549580693244934082e-02 -5.715679749846458435e-02 3.326219320297241211e-01 3.135715723037719727e-01
2.209280431270599365e-02 -2.658141590654850006e-02 -1.201347336173057556e-01 3.295062780380249023e-01 3.055530488491058350e-01
1.845418661832809448e-01 5.221217274665832520e-01 3.086286783218383789e-02 1.217385679483413696e-01 -4.183036386966705322e-01
-4.524372890591621399e-02 -6.522595137357711792e-02 -4.999820142984390259e-02 -1.141935121268033981e-03 -3.283115327358245850e-01
-1.655334234237670898e-01 -2.892345935106277466e-02 -1.946811974048614502e-01 -1.042080149054527283e-01 1.500912159681320190e-01
-1.345068961381912231e-01 -2.273171842098236084e-01 -2.828836441040039062e-01 -2.668144367635250092e-02 -2.643651515245437622e-02
-7.448134571313858032e-02 9.961877018213272095e-02 6.136499345302581787e-02 2.330278754234313965e-01 5.282173156738281250e-01
1.419937908649444580e-01 -5.259601771831512451e-02 -4.955892264842987061e-02 2.055966705083847046e-01 4.261821806430816650e-01
-1.317005455493927002e-01 -1.443478912115097046e-01 2.552051544189453125e-01 -2.063711583614349365e-01 7.204094529151916504e-02
3.197982609272003174e-01 -4.410773515701293945e-01 -1.350419819355010986e-01 2.634268999099731445e-01 -2.325525879859924316e-01
1.647830940783023834e-02 -1.018432155251502991e-01 -1.072745248675346375e-01 1.262260973453521729e-01 4.066372513771057129e-01
9.302364289760589600e-02 6.289142370223999023e-02 2.386017292737960815e-01 1.393671780824661255e-01 -1.639306694269180298e-01
8.965188264846801758e-02 -1.234019026160240173e-01 -5.909342691302299500e-02 1.844152063131332397e-01 2.745051085948944092e-01
-1.798958480358123779e-01 2.677054405212402344e-01 8.673287183046340942e-02 1.014289483428001404e-01 -5.030444860458374023e-01
-1.930511295795440674e-01 -8.131418377161026001e-02 1.745364069938659668e-02 -2.763853669166564941e-01 -7.047057151794433594e-02
1.793854981660842896e-01 5.100118741393089294e-02 3.021697103977203369e-01 -2.756229043006896973e-01 -9.237190335988998413e-02
4.516186118125915527e-01 2.544594705104827881e-01 2.420385181903839111e-01 -2.598767876625061035e-01 -2.670809626579284668e-04
-1.907853335142135620e-01 -1.259064376354217529e-01 -1.187674999237060547e-01 -2.154987752437591553e-01 1.233726665377616882e-01
-3.869283199310302734e-01 -2.621825039386749268e-01 4.258396625518798828e-01 -3.773773610591888428e-01 -1.197095066308975220e-01
2.155341356992721558e-01 1.768068224191665649e-01 2.620956003665924072e-01 1.259386837482452393e-01 -1.883943080902099609e-01
-1.409232467412948608e-01 -1.802749484777450562e-01 -1.910636126995086670e-01 -7.754441350698471069e-02 -2.032912969589233398e-01
2.086468040943145752e-01 4.378485083580017090e-01 -5.676129832863807678e-02 4.143635332584381104e-01 -5.070967078208923340e-01
-6.301577389240264893e-02 1.331491470336914062e-01 -1.281157601624727249e-02 2.074182033538818359e-01 3.961474895477294922e-01
-4.124243929982185364e-02 -3.259066045284271240e-01 3.767855167388916016e-01 2.986738383769989014e-01 7.421107590198516846e-02
-1.937931030988693237e-01 -1.160719990730285645e-01 1.765390634536743164e-01 -8.660418540239334106e-02 -3.560816049575805664e-01
-1.517053246498107910e-01 4.988430440425872803e-02 1.362828165292739868e-01 2.323587685823440552e-01 5.154217481613159180e-01
2.023845762014389038e-01 -4.536981880664825439e-01 -8.356131613254547119e-02 1.150012239813804626e-01 2.836038917303085327e-02
1.042128801345825195e-01 -1.108395531773567200e-01 -5.444175601005554199e-01 -1.177186369895935059e-01 -5.444215238094329834e-02
2.253746986389160156e-01 -3.660598099231719971e-01 4.249672964215278625e-02 3.845264017581939697e-01 -2.467720210552215576e-01
1.937094628810882568e-01 4.562816321849822998e-01 -5.747717618942260742e-02 3.407631814479827881e-01 -4.990263581275939941e-01
-1.684068590402603149e-01 5.272183194756507874e-02 -2.896820753812789917e-02 3.646526336669921875e-01 4.399636089801788330e-01
1.010587364435195923e-01 -1.101456880569458008e-01 -2.747625708580017090e-01 -8.196028880774974823e-03 2.840630710124969482e-01
-2.839196622371673584e-01 -2.522558569908142090e-01 8.801901340484619141e-02 -2.333921790122985840e-01 1.041514351963996887e-01
-2.097723037004470825e-01 -1.990103423595428467e-01 2.414143532514572144e-01 -1.866173595190048218e-01 2.634387910366058350e-01
8.948698639869689941e-03 -1.794627010822296143e-01 -3.673056960105895996e-01 2.279867380857467651e-01 -4.420738518238067627e-01
-1.752336919307708740e-01 -2.202696502208709717e-01 4.427366554737091064e-01 2.105500549077987671e-01 1.745189130306243896e-01
-2.869285941123962402e-01 2.661823034286499023e-01 -1.258224844932556152e-01 8.829344063997268677e-02 -6.074140071868896484e-01
-6.528674066066741943e-02 7.698329538106918335e-02 -7.097837328910827637e-02 1.327386200428009033e-01 -3.946135342121124268e-01
-4.437979459762573242e-01 1.798626631498336792e-01 -2.309161573648452759e-01 -3.064098656177520752e-01 -2.496754825115203857e-01
-1.135217025876045227e-02 1.318466365337371826e-01 1.833687871694564819e-01 -1.216036826372146606e-02 -1.630059331655502319e-01
9.686127305030822754e-02 -2.414238899946212769e-01 -2.968276441097259521e-01 -1.210637614130973816e-01 -1.360521614551544189e-01
-4.378649592399597168e-02 3.026983514428138733e-02 -1.672991067171096802e-01 1.811020374298095703e-01 4.384262859821319580e-01
-6.819425523281097412e-02 -1.442244052886962891e-01 -8.169917017221450806e-02 1.490830779075622559e-01 3.256569802761077881e-01
-2.985020875930786133e-01 -1.024896278977394104e-01 2.826485037803649902e-01 1.261186450719833374e-01 4.299377501010894775e-01
-1.278600469231605530e-02 1.103741452097892761e-01 -3.284453451633453369e-01 -3.048216104507446289e-01 -8.885002136230468750e-02
2.009147554636001587e-01 5.610366463661193848e-01 6.487791240215301514e-02 4.842340201139450073e-02 -2.792938947677612305e-01
-8.680632337927818298e-03 -1.333038210868835449e-01 3.326002359390258789e-01 -2.923754751682281494e-01 2.856990098953247070e-01
1.876830011606216431e-01 -1.319417059421539307e-01 -2.223981320858001709e-01 -3.785236775875091553e-01 1.039678305387496948e-01
-3.097839057445526123e-01 -1.622478663921356201e-01 2.782292068004608154e-01 -7.424434274435043335e-02 3.016668856143951416e-01
1.587297767400741577e-02 1.096435561776161194e-01 9.195760637521743774e-02 1.009808853268623352e-01 -2.686605751514434814e-01
-1.942592859268188477e-02 1.749811172485351562e-01 -2.511738836765289307e-01 3.988884687423706055e-01 -5.939362049102783203e-01
-2.082766294479370117e-01 -1.555610895156860352e-01 -1.152605116367340088e-01 -5.589308589696884155e-02 -2.384418845176696777e-01
4.631268382072448730e-01 3.970932066440582275e-01 2.686708569526672363e-01 3.424714803695678711e-01 -1.426427215337753296e-01
-2.976911664009094238e-01 1.776814609766006470e-01 -3.148159980773925781e-01 1.969405561685562134e-01 -6.081296205520629883e-01
1.671614050865173340e-01 -3.022435307502746582e-01 3.468039631843566895e-01 4.865806102752685547e-01 -1.162130162119865417e-01
2.469740621745586395e-02 -2.622514367103576660e-01 3.425013422966003418e-01 1.509228646755218506e-01 2.450761795043945312e-01
2.582105696201324463e-01 3.234092295169830322e-01 7.971658557653427124e-02 3.252546787261962891e-01 -3.725754320621490479e-01
-4.399076998233795166e-01 -2.734805047512054443e-01 2.540298402309417725e-01 4.091490209102630615e-01 3.144899010658264160e-01
2.788280546665191650e-01 -3.978621363639831543e-01 -4.788091182708740234e-01 2.119363397359848022e-01 -3.992991745471954346e-01
-5.133817344903945923e-02 -7.536729425191879272e-02 -4.161651432514190674e-02 -3.606272637844085693e-01 -2.318188697099685669e-01
1.605164259672164917e-01 1.612656004726886749e-02 4.236278235912322998e-01 -1.218092292547225952e-01 -1.779168844223022461e-02
2.719682753086090088e-01 -7.889838516712188721e-02 -1.410606503486633301e-01 3.052789866924285889e-01 2.788794934749603271e-01
-2.202930003404617310e-01 -2.805022597312927246e-01 -2.312219142913818359e-01 2.737168222665786743e-02 -1.852532327175140381e-01
-1.301994174718856812e-01 1.427955031394958496e-01 -2.028142064809799194e-01 2.595768570899963379e-01 -5.507879853248596191e-01
2.461205273866653442e-01 -2.287861257791519165e-01 9.556245803833007812e-02 1.942912638187408447e-01 2.458146959543228149e-01
4.440019130706787109e-01 -3.359934985637664795e-01 -1.288712397217750549e-02 1.760090589523315430e-01 1.422687321901321411e-01
-2.818168401718139648e-01 -2.443717978894710541e-02 -3.574346890673041344e-03 2.107708901166915894e-01 4.510523974895477295e-01
-1.894605308771133423e-01 3.695451095700263977e-02 -3.588952869176864624e-02 3.196839690208435059e-01 3.310137689113616943e-01
-3.646869659423828125e-01 -1.700898855924606323e-01 1.877506077289581299e-01 -2.176799178123474121e-01 -1.198354437947273254e-01
3.181006908416748047e-01 2.695338726043701172e-01 1.995612233877182007e-01 1.590836644172668457e-01 -2.069246917963027954e-01
3.093014657497406006e-02 1.611099392175674438e-02 -1.057800501585006714e-01 9.304972738027572632e-02 3.357338011264801025e-01
-2.780401110649108887e-01 2.900011278688907623e-02 2.337430268526077271e-01 4.223258234560489655e-03 -2.845920920372009277e-01
-2.243032753467559814e-01 -4.238306581974029541e-01 3.767031133174896240e-01 -3.606831133365631104e-01 -2.543035447597503662e-01
6.472712010145187378e-02 -3.668523430824279785e-01 3.393293619155883789e-01 2.140697985887527466e-01 4.960997030138969421e-02
-1.809756457805633545e-01 -1.790823042392730713e-02 1.402000039815902710e-01 4.221368730068206787e-01 3.678179681301116943e-01
7.489347457885742188e-02 1.105746403336524963e-01 -1.061769574880599976e-01 2.290189117193222046e-01 4.182730019092559814e-01
-1.853612810373306274e-01 7.619872689247131348e-02 1.630764007568359375e-01 4.126332104206085205e-01 3.994776308536529541e-01
-2.105810940265655518e-01 -1.090449243783950806e-01 6.107154116034507751e-02 -6.362069398164749146e-02 -3.095246255397796631e-01
-1.559350788593292236e-01 1.719848364591598511e-01 3.648751974105834961e-02 3.268099129199981689e-01 4.272184669971466064e-01
2.719908356666564941e-01 2.497501820325851440e-01 1.194079592823982239e-01 4.545277953147888184e-01 -3.783787786960601807e-01
2.826764881610870361e-01 -3.078756332397460938e-01 1.575006693601608276e-01 2.815465033054351807e-01 -1.648430824279785156e-01
1.043293476104736328e-01 -9.937380254268646240e-02 3.105796277523040771e-01 -2.431506514549255371e-01 2.683991491794586182e-01
6.529211252927780151e-02 -3.118171356618404388e-02 -2.781066000461578369e-01 -3.951731324195861816e-02 7.902718335390090942e-02
1.773680150508880615e-01 2.256657481193542480e-01 -7.882133126258850098e-02 5.269128680229187012e-01 -5.286605358123779297e-01
-5.683477595448493958e-02 -9.237144887447357178e-02 1.111956462264060974e-01 1.731151342391967773e-01 3.618823289871215820e-01
-1.323715299367904663e-01 -2.062132507562637329e-01 1.598524451255798340e-01 -2.891520857810974121e-01 5.562210828065872192e-02
-2.423712909221649170e-01 1.692488193511962891e-01 2.804267108440399170e-01 1.514772176742553711e-01 4.880995154380798340e-01
-2.427856028079986572e-01 -9.499519318342208862e-02 2.790987491607666016e-05 -1.685729622840881348e-01 1.367347091436386108e-01
6.616590917110443115e-02 1.307726204395294189e-01 -1.481480151414871216e-01 1.896969974040985107e-01 3.749088943004608154e-01
-4.636269211769104004e-01 -1.214400455355644226e-01 9.696867316961288452e-02 3.014509975910186768e-01 3.815413117408752441e-01
-3.524348372593522072e-03 2.062987163662910461e-02 2.619431316852569580e-01 1.681494116783142090e-01 -1.342023015022277832e-01
2.713268995285034180e-02 7.257446646690368652e-02 5.897397175431251526e-02 8.542646467685699463e-02 4.418843984603881836e-01
2.540452964603900909e-02 -1.995066553354263306e-01 4.662953019142150879e-01 3.096976578235626221e-01 1.817820477299392223e-03
-3.736621439456939697e-01 -9.046717733144760132e-02 2.822146713733673096e-01 1.123562753200531006e-01 4.323694109916687012e-01
3.532695770263671875e-02 -3.408413380384445190e-02 -2.049513459205627441e-01 1.374216973781585693e-01 3.919969499111175537e-01
-5.252572521567344666e-02 -5.232521891593933105e-02 -1.409306526184082031e-01 -3.258289769291877747e-02 2.414244115352630615e-01
-7.688370998948812485e-03 2.872850559651851654e-02 -9.085130691528320312e-02 1.247347444295883179e-01 -4.437413513660430908e-01
-2.218199521303176880e-01 1.499248296022415161e-01 -4.417008161544799805e-02 2.377978563308715820e-01 4.155669510364532471e-01
6.814817339181900024e-02 -8.220791071653366089e-02 -2.129316478967666626e-01 4.334290325641632080e-02 2.539010345935821533e-01
-1.483058482408523560e-01 -9.227461367845535278e-02 -4.769968986511230469e-02 1.372468322515487671e-01 4.025503098964691162e-01
-2.538020024076104164e-03 -4.101673960685729980e-01 -3.602458536624908447e-01 -1.419525593519210815e-01 -2.083680033683776855e-01
-8.863679133355617523e-03 -6.179556623101234436e-02 -1.674787849187850952e-01 2.280034720897674561e-01 2.477089762687683105e-01
-7.032287865877151489e-02 -1.185164898633956909e-01 -3.151012584567070007e-02 1.274868994951248169e-01 3.299453556537628174e-01
1.534073799848556519e-02 -8.436078578233718872e-02 -8.984115719795227051e-02 5.505906790494918823e-02 4.082870781421661377e-01
-7.156156301498413086e-01 -2.995781004428863525e-01 3.068090379238128662e-01 4.542515277862548828e-01 3.539430499076843262e-01
