# Epoch   training loss   validation loss
0 0.011184973642230034 0.010871957056224346
1000 2.1254225430311635e-05 4.152343171881512e-05
2000 1.904805685626343e-05 3.503545667626895e-05
3000 1.5528392395935953e-05 3.188825576216914e-05
4000 1.181219340651296e-05 2.6369525585323572e-05
5000 8.712204362382181e-06 2.306720125488937e-05
6000 1.0053398909803946e-05 2.2744086891179904e-05
7000 7.053462013573153e-06 2.0852306988672353e-05
8000 7.584354534628801e-06 2.0428060452104546e-05
9000 5.573552698479034e-06 1.9328384951222688e-05
10000 5.082423740532249e-06 1.8504419131204486e-05
11000 6.173571819090284e-06 1.8831495253834873e-05
12000 5.244264684733935e-06 1.8516500858822837e-05
13000 6.345825113385217e-06 1.9661621990962885e-05
14000 4.818909928872017e-06 1.849197542469483e-05
15000 4.969077508576447e-06 1.8821847334038466e-05
16000 4.200372131890617e-06 1.8436099708196707e-05
17000 4.495924258662853e-06 1.838256503106095e-05
18000 4.080358849023469e-06 1.8786633518175222e-05
19000 3.02264561469201e-06 1.8108668882632628e-05
20000 4.5973624764883425e-06 1.9786699340329506e-05
21000 3.448062670940999e-06 1.862427598098293e-05
22000 3.3545156838954426e-06 1.8260110664414242e-05
23000 3.1279805625672452e-06 1.8505092157283798e-05
24000 3.3027840800059494e-06 1.9067496396019123e-05
25000 3.900176125171129e-06 1.9232496924814768e-05
26000 3.4308347949263407e-06 1.8752145479083993e-05
27000 2.759304152277764e-06 1.8071594240609556e-05
28000 4.121035090065561e-06 1.9304348825244233e-05
29000 2.923495458162506e-06 1.866559796326328e-05
30000 3.0650912776764017e-06 1.8473043382982723e-05
31000 2.844015170921921e-06 1.8688304407987744e-05
32000 3.4440627132426016e-06 1.9041041014133953e-05
33000 2.6891602828982286e-06 1.8281343727721833e-05
34000 3.1649115044274367e-06 1.9032187992706895e-05
35000 3.6623850974137895e-06 1.9076547687291168e-05
36000 3.122071348116151e-06 1.9332357624080032e-05
37000 2.3804720967746107e-06 1.8566137441666797e-05
38000 3.0794096801400883e-06 1.9573380996007472e-05
39000 3.2821044442243874e-06 1.9553079255274497e-05
40000 2.48961555371352e-06 1.884692392195575e-05
41000 3.192114490957465e-06 1.9544915630831383e-05
42000 2.6803099899552763e-06 1.9184304619557224e-05
43000 3.111098521912936e-06 1.9456470909062773e-05
44000 2.7734049581340514e-06 1.9686900486703962e-05
45000 2.5211825231963303e-06 1.944973337231204e-05
46000 2.4099449547065888e-06 1.9487537429085933e-05
47000 2.28531462198589e-06 1.945586336660199e-05
48000 2.2964125037105987e-06 1.962629539775662e-05
49000 2.5068040940823266e-06 1.9999863070552237e-05
50000 2.2638689642917598e-06 1.996165156015195e-05
51000 2.3269865323527483e-06 1.9896971934940666e-05
52000 2.5126089440163923e-06 2.018960913119372e-05
53000 2.3885104383225553e-06 2.004363341256976e-05
54000 2.656057631611475e-06 2.0259942175471224e-05
55000 2.2445146896643564e-06 1.9890927433152683e-05
56000 3.4950821827806067e-06 2.1348416339606047e-05
57000 2.522511522329296e-06 2.027217487921007e-05
58000 2.5097015168284997e-06 2.021191357926e-05
59000 2.4751689124968834e-06 2.060085716948379e-05
60000 2.296207412655349e-06 2.006634349527303e-05
61000 2.198353058702196e-06 2.020635292865336e-05
62000 2.2927249574422603e-06 2.0284354832256213e-05
63000 2.5883914531732444e-06 2.035885518125724e-05
64000 2.1844123239134206e-06 2.028427115874365e-05
65000 2.3221284664032282e-06 2.027892151090782e-05
66000 2.767411388049368e-06 2.0502700863289647e-05
67000 2.18166496779304e-06 2.015667087107431e-05
68000 2.183023980251164e-06 2.0206685803714208e-05
69000 2.50711877924914e-06 2.0194556782371365e-05
70000 2.58908175965189e-06 2.0666722775786184e-05
71000 2.0484242213569814e-06 1.9700666598509997e-05
72000 2.0346249129943317e-06 1.9866647562594153e-05
73000 2.563027919677552e-06 2.0169583876850083e-05
74000 2.0167128695902647e-06 1.991117278521415e-05
75000 2.2578924472327344e-06 2.029343340836931e-05
76000 2.3031598175293766e-06 2.017480983340647e-05
77000 2.1563080281339353e-06 2.0077883164049126e-05
78000 1.9855619939335156e-06 1.9822455215035006e-05
79000 1.878471948657534e-06 1.9647683075163513e-05
80000 2.0665383999585174e-06 1.9805796910077333e-05
81000 1.844136932049878e-06 1.9625354980234988e-05
82000 1.8643736439116765e-06 2.009785566770006e-05
83000 2.5177582756441552e-06 2.060654151136987e-05
84000 1.8795981304720044e-06 1.9670624169521034e-05
85000 2.1114692572155036e-06 1.9833330952678807e-05
86000 1.7211964404850733e-06 1.9463652279227972e-05
87000 1.9961869384133024e-06 2.0031198801007122e-05
88000 1.84909470135608e-06 1.9566832634154707e-05
89000 2.134950591425877e-06 1.973600774363149e-05
90000 2.0940469767083414e-06 1.9877206796081737e-05
91000 2.179390321543906e-06 1.9856979633914307e-05
92000 1.8500808209864772e-06 1.9715404050657526e-05
93000 2.1810326416016323e-06 1.9572455130401067e-05
94000 1.9063651279793703e-06 1.974527731363196e-05
95000 1.9365165826457087e-06 1.97910048882477e-05
96000 1.7645264733801014e-06 1.9755345419980586e-05
97000 1.910211722133681e-06 1.9502893337630667e-05
98000 1.7385095816280227e-06 1.948451426869724e-05
99000 1.9986089228041237e-06 1.9679093384183943e-05
100000 1.8503911860534572e-06 1.9854742276947945e-05
101000 2.50034463533666e-06 2.0187240806990303e-05
102000 1.6083604350569658e-06 1.9443956261966377e-05
103000 1.8947126818602555e-06 1.9375882402528077e-05
104000 2.106752617692109e-06 2.0257428332115524e-05
105000 1.7613942873140331e-06 1.9691946363309398e-05
106000 1.9839726519421674e-06 1.988215808523819e-05
107000 1.6630652908133925e-06 1.9277917090221308e-05
108000 1.8879013623518404e-06 1.9532313672243617e-05
109000 2.0297104583733017e-06 1.985273411264643e-05
110000 1.4994096773079946e-06 1.9218676243326627e-05
111000 2.0217712517478503e-06 1.9868997696903534e-05
112000 2.103555061694351e-06 1.9890378098352812e-05
113000 1.6909152691368945e-06 1.9419177988311276e-05
114000 2.1630739865940996e-06 1.9756294932449237e-05
115000 2.0611560103134252e-06 1.9922894352930598e-05
116000 1.7919982155945036e-06 1.9676592273754068e-05
117000 1.845864403549058e-06 1.9569622963899747e-05
118000 1.477794285165146e-06 1.9055620214203373e-05
119000 1.7109406371673685e-06 1.9658651581266895e-05
120000 1.9619587874331046e-06 1.9428929590503685e-05
121000 1.70732994320133e-06 1.9639799575088546e-05
122000 1.5930874042169307e-06 1.9191302271792665e-05
123000 1.8700195596466074e-06 1.9695340597536415e-05
124000 2.2086901481088717e-06 1.9965254978160374e-05
125000 1.6340097772626905e-06 1.9454506400506943e-05
126000 2.401975734755979e-06 2.037582453340292e-05
127000 1.870255800895393e-06 1.9746161342482083e-05
128000 2.0093712009838782e-06 1.9490431441226974e-05
129000 2.0638124169636285e-06 1.952726779563818e-05
130000 1.7343265881208936e-06 1.9663277271320112e-05
131000 1.804808107408462e-06 1.982774119824171e-05
132000 1.69818463291449e-06 1.924989919643849e-05
133000 1.8266554207002628e-06 1.95176326087676e-05
134000 2.3453869744116673e-06 2.024826972046867e-05
135000 1.7073570006687078e-06 1.9161174350301735e-05
136000 1.6352393004126498e-06 1.946584598044865e-05
137000 1.6588008975304547e-06 1.9456922018434852e-05
138000 1.8041068869933952e-06 1.946817064890638e-05
139000 1.430034444638295e-06 1.9347722627571784e-05
140000 1.501065867159923e-06 1.9432834960753098e-05
141000 1.8925097720057238e-06 1.969121876754798e-05
142000 1.395408276039234e-06 1.9241573681938462e-05
143000 1.6554737385376939e-06 1.9808907381957397e-05
144000 1.8729801922745537e-06 1.99473652173765e-05
145000 2.1334601569833467e-06 1.9525290554156527e-05
146000 1.6464432519569527e-06 1.9444945792201906e-05
147000 1.6241866660493542e-06 1.9938193872803822e-05
148000 1.4396223377843853e-06 1.9549421267583966e-05
149000 1.5832376902835676e-06 1.9777968191192485e-05
150000 1.6126657556014834e-06 1.955268089659512e-05
151000 1.8920675302069867e-06 2.011568722082302e-05
152000 1.8761394358079997e-06 1.967974276340101e-05
153000 1.5791603118486819e-06 1.944696305145044e-05
154000 1.920491968121496e-06 2.012062213907484e-05
155000 1.4209866776582203e-06 1.9434450223343447e-05
156000 1.5091443401615834e-06 1.9791676095337607e-05
157000 1.639539050302119e-06 1.9962455553468317e-05
158000 1.6694341411493951e-06 1.9924640582758002e-05
159000 1.6371526498915046e-06 2.0022804164909758e-05
160000 1.5432468671860988e-06 1.9807081116596237e-05
161000 1.8111472854798194e-06 2.020656393142417e-05
162000 1.5429019413204514e-06 1.9805838746833615e-05
163000 1.8049031496047974e-06 2.0251125533832237e-05
164000 1.7053854435289395e-06 1.9983952370239422e-05
165000 1.7082625163311604e-06 1.9490376871544868e-05
166000 1.7997881514020264e-06 1.9950619389419444e-05
167000 1.8073967567033833e-06 2.0089424651814625e-05
168000 1.8761105593512184e-06 2.0326322555774823e-05
169000 1.4770292864341172e-06 2.0296760339988396e-05
170000 1.512605535936018e-06 2.0246912754373625e-05
171000 1.3024919098825194e-06 1.9903200154658407e-05
172000 1.6773111610746128e-06 1.971648816834204e-05
173000 1.5474228121092892e-06 2.0123949070693925e-05
174000 1.625134245841764e-06 2.0400528228492476e-05
175000 1.738545392981905e-06 2.0270834284019656e-05
176000 1.7136221686087083e-06 2.0601450160029344e-05
177000 1.5368711956398329e-06 2.0369834601297043e-05
178000 1.8698584653975558e-06 2.056065932265483e-05
179000 1.1358031315467088e-06 2.0061088434886187e-05
180000 1.7908690779222525e-06 2.0491870600380935e-05
181000 1.8534532273406512e-06 2.06836593861226e-05
182000 1.3142650914232945e-06 2.0263922124286182e-05
183000 1.5849620922381291e-06 2.063110332528595e-05
184000 1.7807974472816568e-06 2.059794860542752e-05
185000 2.073397354251938e-06 2.077037061098963e-05
186000 1.5319560588977765e-06 2.030104042205494e-05
187000 1.4606087006541202e-06 2.056396442640107e-05
188000 2.078518491543946e-06 2.0887662685709074e-05
189000 1.3889999763705418e-06 2.0414798200363293e-05
190000 2.1776622816105373e-06 2.156725531676784e-05
191000 1.8115720195055474e-06 2.1635634766425937e-05
192000 1.5206480838969583e-06 2.0770436094608158e-05
193000 1.8230291516374564e-06 2.1496314730029553e-05
194000 1.5889913811406586e-06 2.1008081603213213e-05
195000 1.8765990716929082e-06 2.0895327907055616e-05
196000 1.331279690930387e-06 2.0580831915140152e-05
197000 1.3261101230455097e-06 2.080560807371512e-05
198000 1.7838816575022065e-06 2.179368311772123e-05
199000 1.1397805792512372e-06 2.0633357053156942e-05
200000 1.3315241176314885e-06 2.0955201762262732e-05
201000 1.3837623100698693e-06 2.0968134776921943e-05
202000 1.6151634554262273e-06 2.1347070287447423e-05
203000 1.6000601590349106e-06 2.0976685846108012e-05
204000 1.679109573160531e-06 2.1466265025082976e-05
205000 1.966746822290588e-06 2.1721021767007187e-05
206000 1.813420908547414e-06 2.127835978171788e-05
207000 1.7130943206211668e-06 2.110228524543345e-05
208000 1.9597230220824713e-06 2.13190487556858e-05
209000 2.0622915144485887e-06 2.161886186513584e-05
210000 1.383584390168835e-06 2.1200628907536156e-05
211000 1.2533379276646883e-06 2.13532657653559e-05
212000 1.6452239606223884e-06 2.1140649550943635e-05
213000 1.7267780094698537e-06 2.1919091523159295e-05
214000 1.690115027486172e-06 2.148852581740357e-05
215000 1.7199431567860302e-06 2.1283392925397493e-05
216000 1.5544778761977796e-06 2.129944368789438e-05
217000 1.3991117384648533e-06 2.1504170945263468e-05
218000 1.1412860203563469e-06 2.1405599909485318e-05
219000 1.7372616412103525e-06 2.1745972844655626e-05
220000 1.4513931319015683e-06 2.1406425730674528e-05
221000 1.1283516414550832e-06 2.151184162357822e-05
222000 1.93742516785278e-06 2.256683183077257e-05
223000 1.4674120620838949e-06 2.1763707991340198e-05
224000 1.1719512258423492e-06 2.1564388589467853e-05
225000 1.7884984799820813e-06 2.2410693418351002e-05
226000 1.5772002370795235e-06 2.2239575628191233e-05
227000 1.1338324839016423e-06 2.1713984097004868e-05
228000 1.4322545212053228e-06 2.2100894057075493e-05
229000 1.3636215498991078e-06 2.1980826204526238e-05
230000 1.304786792388768e-06 2.199673508584965e-05
231000 1.1588850838961662e-06 2.192651118093636e-05
232000 1.1496094884932972e-06 2.199020491389092e-05
233000 2.354151320105302e-06 2.240099092887249e-05
234000 1.4031252248969395e-06 2.2375308617483824e-05
235000 1.756594656399102e-06 2.2595037080463953e-05
236000 1.2316666015976807e-06 2.2423490008804947e-05
237000 1.7182285318995127e-06 2.2808620997238904e-05
238000 1.3241921124063083e-06 2.2328653358272277e-05
239000 1.6900420405363548e-06 2.2652435291092843e-05
240000 1.8706864466366824e-06 2.2675156287732534e-05
241000 1.8352667439103243e-06 2.2465483198175207e-05
242000 1.3991920013722847e-06 2.263162241433747e-05
243000 1.7436569805795443e-06 2.336096622457262e-05
244000 2.1351302166294772e-06 2.29936031246325e-05
245000 1.2020002486679005e-06 2.2458925741375424e-05
246000 1.3335261428437661e-06 2.28732042160118e-05
247000 1.5707610145909712e-06 2.2932334104552865e-05
248000 1.117863689614751e-06 2.242991467937827e-05
249000 1.3701467196369777e-06 2.275645238114521e-05
250000 1.6194003364944365e-06 2.3215310648083687e-05
250000 1.575082137605932e-06 2.3274656996363774e-05
