-3.649851083755493164e-01 -7.482215166091918945e-01 8.607806563377380371e-01
-4.082539379596710205e-01 -7.071304917335510254e-01 -4.771151840686798096e-01
-9.845641851425170898e-01 1.737169548869132996e-02 1.368377059698104858e-01
-7.970559597015380859e-01 1.769819408655166626e-01 -8.180533647537231445e-01
-8.038255572319030762e-01 -5.421516299247741699e-01 -5.800122618675231934e-01
-2.624945715069770813e-02 -1.561911851167678833e-01 3.436486423015594482e-01
-9.927672743797302246e-01 5.398271679878234863e-01 8.500678539276123047e-01
8.387229442596435547e-01 2.600390017032623291e-01 8.620641827583312988e-01
-6.764945983886718750e-01 6.286696195602416992e-01 -3.662404790520668030e-02
2.169200479984283447e-01 9.736638069152832031e-01 -4.798642098903656006e-01
-7.411938309669494629e-01 -9.455347061157226562e-01 9.836688637733459473e-01
-8.403398990631103516e-01 -1.885233097709715366e-03 -8.001376986503601074e-01
7.008974552154541016e-01 -9.600045680999755859e-01 -7.231211662292480469e-01
-7.195854783058166504e-01 1.207637488842010498e-01 -3.072753250598907471e-01
-4.529192447662353516e-01 -2.872261106967926025e-01 1.186143830418586731e-01
5.170170068740844727e-01 -9.435018897056579590e-01 9.399291127920150757e-02
2.640151083469390869e-01 6.197006702423095703e-01 5.569985508918762207e-01
2.045991271734237671e-01 8.165484666824340820e-01 -4.390253424644470215e-01
-2.615558505058288574e-01 -3.642314374446868896e-01 -6.643413752317428589e-02
8.564428091049194336e-01 -3.803681433200836182e-01 3.294520378112792969e-01
-5.745958909392356873e-02 6.540817022323608398e-02 -7.233765721321105957e-01
-5.387120842933654785e-01 -8.499575257301330566e-01 -4.193938076496124268e-01
-2.263355106115341187e-01 -9.878799915313720703e-01 -2.533050179481506348e-01
2.760246396064758301e-01 -1.245083883404731750e-01 9.317898750305175781e-01
4.701260030269622803e-01 3.532074093818664551e-01 8.641125559806823730e-01
-2.989806830883026123e-01 -9.604390859603881836e-01 -3.158085942268371582e-01
9.125028252601623535e-01 6.978645920753479004e-01 -2.900376915931701660e-01
1.750258505344390869e-01 6.908350586891174316e-01 -3.065218627452850342e-01
-4.209397435188293457e-01 -8.860960006713867188e-01 6.339992880821228027e-01
-3.936818540096282959e-01 -8.418649435043334961e-01 -6.594805717468261719e-01
6.794937849044799805e-01 -5.216684341430664062e-01 -8.078494071960449219e-01
-8.111195564270019531e-01 -8.803210854530334473e-01 -2.364357858896255493e-01
-9.372314810752868652e-01 -3.082994520664215088e-01 -8.715205788612365723e-01
8.816249370574951172e-01 8.875043392181396484e-01 -6.876004338264465332e-01
7.232018709182739258e-01 9.827278852462768555e-01 5.830336809158325195e-01
4.612543880939483643e-01 -9.347727894783020020e-01 1.510147452354431152e-01
3.022623360157012939e-01 8.032504320144653320e-01 7.346424460411071777e-01
-8.015639781951904297e-01 5.219934582710266113e-01 -7.397949099540710449e-01
9.767725467681884766e-01 8.779407143592834473e-01 5.767142772674560547e-01
-8.005937933921813965e-01 2.954398691654205322e-01 5.237165093421936035e-01
-3.153982385993003845e-02 -9.298385381698608398e-01 -5.071762204170227051e-01
-4.830661714076995850e-01 -9.397047758102416992e-01 1.588734090328216553e-01
1.349423527717590332e-01 8.235759139060974121e-01 8.131393194198608398e-01
-4.920915067195892334e-01 -9.657882452011108398e-01 -6.163154244422912598e-01
1.257528215646743774e-01 1.821005195379257202e-01 -9.782636761665344238e-01
-4.568917155265808105e-01 -7.939942479133605957e-01 -6.758179664611816406e-01
-7.196151614189147949e-01 7.927209138870239258e-01 -8.459698557853698730e-01
9.275355935096740723e-01 7.944767475128173828e-01 -1.951821744441986084e-01
-4.762066900730133057e-01 6.345772147178649902e-01 -9.878198504447937012e-01
9.863731861114501953e-01 8.492310047149658203e-01 -7.518820166587829590e-01
-4.303462803363800049e-01 6.112864017486572266e-01 6.718521565198898315e-02
4.158760011196136475e-01 1.761982142925262451e-01 9.288612604141235352e-01
7.186362147331237793e-01 9.249728322029113770e-01 -6.687797307968139648e-01
-8.050007820129394531e-01 1.372262239456176758e-01 -5.587950348854064941e-01
-1.699694395065307617e-01 -7.103510499000549316e-01 8.749707341194152832e-01
-3.015287816524505615e-01 8.784241676330566406e-01 9.112434387207031250e-01
6.805599927902221680e-01 -5.293393731117248535e-01 -2.047614753246307373e-01
-2.472942769527435303e-01 7.660939097404479980e-01 -1.987199932336807251e-01
9.026346206665039062e-01 5.273928642272949219e-01 1.450435966253280640e-01
4.468600749969482422e-01 -7.437744140625000000e-01 6.001912057399749756e-02
-4.896299540996551514e-01 -6.390140652656555176e-01 -2.686651647090911865e-01
-9.508076310157775879e-01 4.629917442798614502e-02 5.746482014656066895e-01
4.635068178176879883e-01 4.428824186325073242e-01 8.603219389915466309e-01
-3.719964921474456787e-01 -6.716005802154541016e-01 -3.521222770214080811e-01
-2.081304937601089478e-01 9.634607434272766113e-01 -3.199457526206970215e-01
-8.544709682464599609e-01 -6.444942951202392578e-01 -7.389871478080749512e-01
7.843409776687622070e-01 3.445009887218475342e-01 -2.051423303782939911e-02
2.617774158716201782e-02 9.681676626205444336e-01 8.368936181068420410e-01
-9.194924831390380859e-01 -4.976541697978973389e-01 -4.696870446205139160e-01
-9.753110408782958984e-01 9.378558993339538574e-01 -5.748327821493148804e-03
8.689733147621154785e-01 8.321107029914855957e-01 1.551134139299392700e-02
5.333494544029235840e-01 -9.912872910499572754e-01 -9.049382209777832031e-01
9.943162798881530762e-01 -1.136865317821502686e-01 4.317906871438026428e-02
-5.529682040214538574e-01 2.225294113159179688e-01 2.391568571329116821e-01
8.261191248893737793e-01 -1.650451719760894775e-01 -4.772958159446716309e-01
8.452160954475402832e-01 -2.851164340972900391e-01 8.638348579406738281e-01
8.974505066871643066e-01 -3.200997710227966309e-01 -2.050972878932952881e-01
-4.247367084026336670e-01 -6.467681527137756348e-01 4.325878322124481201e-01
-3.938082158565521240e-01 -6.721516847610473633e-01 -5.081089138984680176e-01
-2.188959121704101562e-01 -9.641306400299072266e-01 -2.775404751300811768e-01
8.755111694335937500e-01 2.488413751125335693e-01 -9.055954962968826294e-02
1.567905396223068237e-01 2.810376882553100586e-01 5.732557177543640137e-01
-1.462410390377044678e-01 -3.614444136619567871e-01 -1.738414168357849121e-01
-4.737908244132995605e-01 -2.635218799114227295e-01 5.447336658835411072e-02
-8.862012624740600586e-01 -8.440141081809997559e-01 -9.768716096878051758e-01
-8.577637076377868652e-01 -7.088192552328109741e-02 -5.052785277366638184e-01
-6.642517447471618652e-01 -7.664862275123596191e-01 -5.105776786804199219e-01
-9.667083621025085449e-01 -3.564247190952301025e-01 -8.862894177436828613e-01
-2.954631149768829346e-01 -7.130606174468994141e-01 5.668688416481018066e-01
7.809681296348571777e-01 1.502536833286285400e-01 -6.535582542419433594e-01
7.377546429634094238e-01 -1.106770038604736328e-01 6.333941221237182617e-02
-5.311397463083267212e-02 8.736326694488525391e-01 8.065450191497802734e-01
-8.222816586494445801e-01 8.948097229003906250e-01 -4.335478544235229492e-01
-1.427360326051712036e-01 9.125899076461791992e-01 -2.708975672721862793e-01
9.832146763801574707e-01 1.660694926977157593e-02 3.222078680992126465e-01
1.650355458259582520e-01 -6.635419726371765137e-01 8.239927887916564941e-01
-3.494115173816680908e-01 -8.215881586074829102e-01 6.093816161155700684e-01
-6.769137382507324219e-01 -9.179313778877258301e-01 8.841409683227539062e-01
-7.582216858863830566e-01 -8.708303570747375488e-01 7.849231362342834473e-01
-4.458762407302856445e-01 -8.270278573036193848e-01 -3.080522119998931885e-01
-3.285880386829376221e-01 4.483048617839813232e-01 5.923686027526855469e-01
8.509508371353149414e-01 7.419517636299133301e-01 -5.699411630630493164e-01
-3.200947344303131104e-01 -9.606939554214477539e-01 -2.148663401603698730e-01
9.391648769378662109e-01 3.010023832321166992e-01 -4.794333577156066895e-01
7.730141878128051758e-01 9.393526911735534668e-01 8.452229499816894531e-01
9.855192303657531738e-01 -5.935229659080505371e-01 -8.048143386840820312e-01
8.355540633201599121e-01 -5.816729068756103516e-01 -8.454588651657104492e-01
-1.535562276840209961e-01 -7.369834184646606445e-01 5.682201385498046875e-01
1.154922172427177429e-01 1.145982742309570312e-01 -3.108838498592376709e-01
1.079627946019172668e-01 3.758876025676727295e-01 -9.100698828697204590e-01
-5.666942000389099121e-01 -9.609020948410034180e-01 2.792902290821075439e-01
-8.980430364608764648e-01 -1.018775403499603271e-01 -8.565409183502197266e-01
-8.710072636604309082e-01 -7.633474469184875488e-01 9.877381920814514160e-01
-5.482928752899169922e-01 -4.273760616779327393e-01 -6.093545816838741302e-03
9.455432295799255371e-01 1.998256742954254150e-01 2.842721343040466309e-01
7.512241005897521973e-01 -4.945015311241149902e-01 -5.477198362350463867e-01
-3.800200223922729492e-01 7.210642099380493164e-01 4.695538878440856934e-01
6.522303223609924316e-01 -9.677686691284179688e-01 3.012831509113311768e-01
8.102474212646484375e-01 -1.127079427242279053e-01 -3.362015783786773682e-01
-1.603722199797630310e-02 -4.083813130855560303e-01 -2.146054804325103760e-01
-3.459687530994415283e-01 -8.964477181434631348e-01 -3.143330216407775879e-01
-2.957023978233337402e-01 -5.772385001182556152e-01 4.943169355392456055e-01
3.149017095565795898e-01 7.407435178756713867e-01 -9.975951910018920898e-02
-5.672957301139831543e-01 9.122294783592224121e-01 -5.939581990242004395e-01
9.084354639053344727e-01 -9.524698555469512939e-02 -1.659142673015594482e-01
-2.382251769304275513e-01 7.453938722610473633e-01 3.161111474037170410e-01
3.060377836227416992e-01 4.273754358291625977e-02 -1.063600927591323853e-01
-5.242124795913696289e-01 7.946411371231079102e-01 -7.901036739349365234e-01
-4.623333215713500977e-01 -6.375831961631774902e-01 -4.417633116245269775e-01
5.260646939277648926e-01 9.064331650733947754e-01 7.581609487533569336e-01
-4.503202140331268311e-01 -6.759068965911865234e-01 -3.737692534923553467e-01
-4.466445744037628174e-01 -1.192381680011749268e-01 2.348033338785171509e-01
-1.132448837161064148e-01 -7.718150019645690918e-01 5.840464830398559570e-01
9.958111047744750977e-01 7.207995057106018066e-01 -7.960112094879150391e-01
-3.594414293766021729e-01 -6.043997406959533691e-01 6.861022114753723145e-01
-3.966773748397827148e-01 6.746319532394409180e-01 -4.347075223922729492e-01
9.816556572914123535e-01 8.331269025802612305e-01 -2.375618219375610352e-01
1.866182535886764526e-01 -6.123914122581481934e-01 4.920987039804458618e-02
8.164472579956054688e-01 -3.161163628101348877e-01 6.870998740196228027e-01
3.235149085521697998e-01 3.389373421669006348e-01 9.156117439270019531e-01
7.981359958648681641e-01 9.129030704498291016e-01 -1.464017927646636963e-01
-9.309082627296447754e-01 -2.356768101453781128e-01 -8.645594716072082520e-01
-7.709944844245910645e-01 -7.175680994987487793e-01 -9.220169186592102051e-01
-7.757744789123535156e-01 -4.505579769611358643e-01 -5.893190503120422363e-01
2.199138551950454712e-01 7.863256931304931641e-01 -1.653022170066833496e-01
-6.637804508209228516e-01 -7.293750643730163574e-01 -5.780614614486694336e-01
-2.305803447961807251e-01 -7.142256498336791992e-01 4.940527081489562988e-01
7.879137396812438965e-01 3.273668587207794189e-01 3.388213515281677246e-01
1.303554475307464600e-01 1.843987107276916504e-01 -1.866265982389450073e-01
-5.496055483818054199e-01 -6.119239330291748047e-01 -1.542054116725921631e-01
9.414023756980895996e-01 7.592790126800537109e-01 -2.084282487630844116e-01
6.624757051467895508e-01 -9.742672443389892578e-01 -8.208991289138793945e-01
3.275023028254508972e-02 -5.056664943695068359e-01 -2.589760422706604004e-01
9.504082202911376953e-01 3.044564425945281982e-01 1.569153517484664917e-01
8.456877470016479492e-01 8.326879739761352539e-01 9.125695228576660156e-01
8.358559012413024902e-01 2.393104285001754761e-01 7.223971486091613770e-01
-5.456765294075012207e-01 -3.684681653976440430e-02 2.658837437629699707e-01
9.428830742835998535e-01 -2.755354940891265869e-01 7.431597709655761719e-01
-9.714412093162536621e-01 -5.666767358779907227e-01 -3.641756474971771240e-01
-9.764894843101501465e-01 -6.323479413986206055e-01 9.727349877357482910e-01
-4.388331472873687744e-01 -9.284040331840515137e-01 9.273656010627746582e-01
-2.913163900375366211e-01 -7.194660902023315430e-01 -3.455337285995483398e-01
-6.806724518537521362e-02 6.735096573829650879e-01 -2.684602141380310059e-01
-7.591441273689270020e-01 8.086770772933959961e-01 -3.761552572250366211e-01
-4.388896748423576355e-02 9.135113954544067383e-01 7.903873920440673828e-01
4.304850399494171143e-01 8.819752335548400879e-01 4.041369557380676270e-01
-2.311582118272781372e-01 -9.298518300056457520e-01 5.117027163505554199e-01
-5.281590223312377930e-01 4.004175662994384766e-01 9.524098634719848633e-01
-7.672381401062011719e-01 -6.090750098228454590e-01 -7.157315611839294434e-01
-8.842014521360397339e-02 -7.342256307601928711e-01 5.553383827209472656e-01
5.644889473915100098e-01 3.881925046443939209e-01 6.236382722854614258e-01
3.621830940246582031e-01 -2.250985503196716309e-01 -1.239390298724174500e-01
-2.559219896793365479e-01 -9.736970663070678711e-01 5.410602092742919922e-01
-9.495944976806640625e-01 -5.712901353836059570e-01 -7.964135408401489258e-01
2.553513944149017334e-01 2.644358277320861816e-01 6.870811581611633301e-01
-6.797424703836441040e-02 -7.451186180114746094e-01 7.430942654609680176e-01
1.722307205200195312e-01 -8.952283859252929688e-01 -7.198306918144226074e-01
-3.365882635116577148e-01 3.647901490330696106e-02 2.958392202854156494e-01
8.407421112060546875e-01 -4.805145859718322754e-01 -7.178798317909240723e-01
9.210004210472106934e-01 9.237642884254455566e-01 -3.388781249523162842e-01
-2.651645541191101074e-01 1.848323270678520203e-02 2.685665786266326904e-01
-2.624118328094482422e-01 -9.479650259017944336e-01 -3.308079540729522705e-01
-6.540675759315490723e-01 -6.847441792488098145e-01 -7.536178231239318848e-01
-1.731791496276855469e-01 -9.934485554695129395e-01 4.886986315250396729e-01
-4.246666431427001953e-01 6.380738615989685059e-01 7.854047417640686035e-02
5.269404649734497070e-01 6.916463375091552734e-01 -7.091920077800750732e-02
-6.910313367843627930e-01 -4.964853525161743164e-01 -5.251964926719665527e-01
-7.713708281517028809e-01 -5.739819407463073730e-01 -7.485491037368774414e-01
-4.407534003257751465e-01 8.883225321769714355e-01 -5.987268090248107910e-01
9.647708535194396973e-01 3.172573745250701904e-01 -3.479698002338409424e-01
-6.831241771578788757e-03 7.256553173065185547e-01 7.161445021629333496e-01
-5.725823640823364258e-01 -6.599666178226470947e-02 3.856227099895477295e-01
1.678927391767501831e-01 7.838956117630004883e-01 -2.732348144054412842e-01
4.682806432247161865e-01 8.463829755783081055e-01 2.556037604808807373e-01
7.810890078544616699e-01 -9.585223346948623657e-02 1.066204980015754700e-01
-8.903847336769104004e-01 -8.759015798568725586e-01 -9.406886100769042969e-01
2.119532227516174316e-01 2.308603525161743164e-01 6.863323450088500977e-01
9.191672801971435547e-01 9.042314887046813965e-01 -6.972761154174804688e-01
1.017248854041099548e-01 -3.628166615962982178e-01 5.008270964026451111e-02
-6.690071225166320801e-01 2.790855169296264648e-01 7.088096737861633301e-01
1.441875398159027100e-01 8.808118700981140137e-01 -7.006491422653198242e-01
6.835197806358337402e-01 -2.503591775894165039e-01 1.070310845971107483e-01
-9.348634630441665649e-02 -4.426550567150115967e-01 -9.312738776206970215e-01
-9.902474880218505859e-01 9.955648332834243774e-02 1.295242905616760254e-01
9.623487591743469238e-01 3.684921860694885254e-01 3.726662695407867432e-01
-8.439736962318420410e-01 -3.064934015274047852e-01 -8.302029371261596680e-01
7.032229304313659668e-01 -7.415633201599121094e-01 7.144985198974609375e-01
-8.611938953399658203e-01 -6.837593317031860352e-01 -8.964449763298034668e-01
-6.545298695564270020e-01 -8.851487636566162109e-01 8.463557362556457520e-01
8.693035840988159180e-01 3.148520886898040771e-01 -3.203964233398437500e-01
-3.149940073490142822e-01 4.716208577156066895e-01 -8.432453125715255737e-02
-7.471203804016113281e-01 -4.329163432121276855e-01 -7.856368422508239746e-01
-5.019657015800476074e-01 -9.558621048927307129e-01 -6.495934724807739258e-01
-2.834877371788024902e-01 7.511196136474609375e-01 -7.808113098144531250e-01
-1.489322185516357422e-01 -9.083370566368103027e-01 -1.746597886085510254e-01
7.931876778602600098e-01 -2.064274549484252930e-01 8.224255442619323730e-01
-1.246904730796813965e-01 -9.547700881958007812e-01 4.973877221345901489e-03
-1.616644412279129028e-01 4.048651754856109619e-01 6.795391440391540527e-01
9.951707720756530762e-01 -2.843844592571258545e-01 -3.112171292304992676e-01
8.662566542625427246e-01 -4.601206183433532715e-01 1.050674468278884888e-01
-7.490641474723815918e-01 -4.755269885063171387e-01 -5.771605372428894043e-01
-3.324540704488754272e-02 -4.770196974277496338e-01 -8.511851429939270020e-01
-5.771301984786987305e-01 8.694227933883666992e-01 -6.501834988594055176e-01
1.502785533666610718e-01 9.824438691139221191e-01 -5.448364019393920898e-01
2.834056019783020020e-01 -3.550276532769203186e-02 8.113160133361816406e-01
-4.802229106426239014e-01 -7.501982450485229492e-01 -4.656186699867248535e-01
2.667482197284698486e-01 9.720576405525207520e-01 -4.860255420207977295e-01
8.421102166175842285e-01 3.245542347431182861e-01 -3.710919618606567383e-01
8.466823399066925049e-02 8.868629932403564453e-01 9.187005758285522461e-01
-9.855576753616333008e-01 -6.258533000946044922e-01 -8.851180076599121094e-01
-5.974147915840148926e-01 2.603221833705902100e-01 7.296638488769531250e-01
3.597287461161613464e-02 3.344551622867584229e-01 -8.871452510356903076e-02
1.365231424570083618e-01 5.411223173141479492e-01 4.454585015773773193e-01
8.240838646888732910e-01 2.963083684444427490e-01 -4.087028801441192627e-01
-2.980190515518188477e-01 1.941583305597305298e-01 7.164095640182495117e-01
-9.468042850494384766e-01 -8.861370086669921875e-01 -8.023034930229187012e-01
9.727758765220642090e-01 -2.622610330581665039e-01 7.605424523353576660e-01
-9.841004014015197754e-01 -5.996192097663879395e-01 -1.263163983821868896e-01
-9.046950340270996094e-01 -5.539559721946716309e-01 -8.101466298103332520e-01
1.557054370641708374e-01 8.886020183563232422e-01 1.717038452625274658e-01
5.723091959953308105e-01 9.087112545967102051e-01 -5.223215818405151367e-01
3.231116831302642822e-01 9.893128275871276855e-01 8.060359209775924683e-02
-6.046836972236633301e-01 7.853307127952575684e-01 -8.968041539192199707e-01
4.818726181983947754e-01 -5.511943697929382324e-01 -9.908401370048522949e-01
9.608999490737915039e-01 4.731803536415100098e-01 2.139926254749298096e-01
8.980521559715270996e-01 9.472880959510803223e-01 -7.822617888450622559e-01
-6.681287884712219238e-01 -2.520176395773887634e-02 1.674611419439315796e-01
1.844807565212249756e-01 5.388089418411254883e-01 4.285299777984619141e-01
7.622548937797546387e-01 -3.974829912185668945e-01 -6.189433932304382324e-01
2.621182799339294434e-01 -9.838283061981201172e-01 -9.085503220558166504e-01
2.688451297581195831e-02 8.658255934715270996e-01 8.222155570983886719e-01
6.990843415260314941e-01 8.909260630607604980e-01 8.600686192512512207e-01
-2.982915937900543213e-01 -7.107855677604675293e-01 -6.232948899269104004e-01
6.699521541595458984e-01 6.603992581367492676e-01 1.478463560342788696e-01
6.873704791069030762e-01 -7.875609397888183594e-02 2.967518270015716553e-01
-5.274908542633056641e-01 -5.298304557800292969e-01 -3.237024843692779541e-01
6.521815061569213867e-02 3.477124571800231934e-01 -4.849251359701156616e-02
1.488534361124038696e-01 -4.431567788124084473e-01 -1.753860712051391602e-01
9.139585494995117188e-02 -3.413555920124053955e-01 5.306756496429443359e-01
4.013479948043823242e-01 -3.691020980477333069e-02 7.594839334487915039e-01
8.542586565017700195e-01 4.066067337989807129e-01 6.945244669914245605e-01
-1.068072170019149780e-01 -8.841537833213806152e-01 5.576821565628051758e-01
9.751754999160766602e-01 -5.610789731144905090e-02 -9.569697082042694092e-02
-6.390945911407470703e-01 -8.438125848770141602e-01 -7.126827239990234375e-01
8.410834074020385742e-01 1.427036821842193604e-01 -6.559212207794189453e-01
-7.389847040176391602e-01 7.082756757736206055e-01 5.846129059791564941e-01
4.701705276966094971e-01 -4.005942940711975098e-01 -8.008286356925964355e-01
2.604629397392272949e-01 -9.223870038986206055e-01 -2.028718888759613037e-01
8.283062577247619629e-01 8.420900106430053711e-01 -1.915756016969680786e-01
-4.234740436077117920e-01 5.387548804283142090e-01 9.362276792526245117e-01
-4.082502722740173340e-01 -9.551090002059936523e-01 3.895334154367446899e-02
-6.966660022735595703e-01 -3.491323292255401611e-01 -3.803261816501617432e-01
3.903711913153529167e-03 -5.956181883811950684e-01 8.946834206581115723e-01
8.384166955947875977e-01 3.004700243473052979e-01 -3.229860663414001465e-01
6.238667368888854980e-01 8.651852011680603027e-01 7.459183335304260254e-01
7.623745799064636230e-01 -2.044738680124282837e-01 -1.036615371704101562e-01
-4.595475792884826660e-01 7.508578300476074219e-01 -6.745551228523254395e-01
-4.629065096378326416e-01 -3.960639536380767822e-01 -4.566614925861358643e-01
7.214763164520263672e-01 4.373001456260681152e-01 -5.875313878059387207e-01
8.454895019531250000e-01 -3.738168179988861084e-01 1.260016411542892456e-01
7.575553655624389648e-01 2.960432469844818115e-01 -2.616236209869384766e-01
5.473870635032653809e-01 -5.117813348770141602e-01 -7.939698696136474609e-01
-7.629975676536560059e-01 -8.023492693901062012e-01 -1.308231949806213379e-01
5.557050704956054688e-01 5.960311889648437500e-01 7.096194624900817871e-01
6.556609869003295898e-01 1.940081566572189331e-01 -5.099741220474243164e-01
-5.258098840713500977e-01 -8.922257423400878906e-01 6.192485801875591278e-03
4.889878928661346436e-01 -8.928600549697875977e-01 -9.158293604850769043e-01
5.098925232887268066e-01 9.816257953643798828e-01 1.994552016258239746e-01
-8.477918505668640137e-01 -7.936668582260608673e-03 9.491937160491943359e-01
8.564658164978027344e-01 6.580945253372192383e-01 5.372026562690734863e-01
-3.420590162277221680e-01 -7.663891911506652832e-01 -5.062944442033767700e-02
-6.971508264541625977e-01 -9.281026721000671387e-01 -7.442190051078796387e-01
-1.450336873531341553e-01 -6.205981969833374023e-01 -5.066130757331848145e-01
-7.192300558090209961e-01 -6.197808384895324707e-01 4.414827749133110046e-02
3.680255115032196045e-01 2.846597731113433838e-01 -9.628696441650390625e-01
-8.447977304458618164e-01 -1.552783250808715820e-01 -8.542866110801696777e-01
-9.308614134788513184e-01 -1.888434290885925293e-01 -3.646093308925628662e-01
-6.319715380668640137e-01 7.455509305000305176e-01 -1.531430929899215698e-01
-7.150981426239013672e-01 -8.237132430076599121e-01 7.279443144798278809e-01
-3.300206661224365234e-01 -7.484451532363891602e-01 -1.540911346673965454e-01
-8.772115707397460938e-01 -8.193418383598327637e-01 -9.449157714843750000e-01
-6.010703444480895996e-01 2.655013203620910645e-01 5.753198862075805664e-01
5.232444405555725098e-01 4.201515913009643555e-01 7.652452588081359863e-01
-4.362630248069763184e-01 -1.034381762146949768e-01 8.250275999307632446e-02
2.847264707088470459e-01 9.307456016540527344e-01 1.853970885276794434e-01
-9.447071552276611328e-01 -2.001319825649261475e-01 9.183002710342407227e-01
-3.695060014724731445e-01 -8.486798405647277832e-01 -4.038195013999938965e-01
1.509455442428588867e-01 -9.877511858940124512e-01 -7.358703613281250000e-01
-5.084882974624633789e-01 -8.273544907569885254e-01 -3.346416056156158447e-01
-7.925890684127807617e-01 2.780821323394775391e-01 1.894975155591964722e-01
5.659337639808654785e-01 9.784541130065917969e-01 7.386357188224792480e-01
8.002370595932006836e-01 4.130617082118988037e-01 -9.044285118579864502e-02
-2.380609214305877686e-01 9.844114780426025391e-01 -1.645970642566680908e-01
-5.176858305931091309e-01 -9.247703552246093750e-01 9.326574206352233887e-01
7.283697128295898438e-01 -9.065368771553039551e-01 -7.294422984123229980e-01
2.907225489616394043e-02 -9.794411063194274902e-01 -4.175868928432464600e-01
8.939903378486633301e-01 -2.690278589725494385e-01 -3.105625510215759277e-01
-2.216809242963790894e-01 -2.579984962940216064e-01 -5.055384710431098938e-03
-2.177388370037078857e-01 9.517104625701904297e-01 -3.309957385063171387e-01
6.066861152648925781e-01 -6.525400876998901367e-01 -9.855538606643676758e-01
-6.196038126945495605e-01 -9.561564773321151733e-02 7.219674438238143921e-02
6.248657703399658203e-01 4.858811497688293457e-01 -1.848486363887786865e-01
1.642604023218154907e-01 -3.057751953601837158e-01 4.575464874505996704e-02
9.658710360527038574e-01 9.757965207099914551e-01 -7.309460639953613281e-01
9.639257937669754028e-02 9.401704668998718262e-01 8.931424617767333984e-01
-8.363426923751831055e-01 -5.824652910232543945e-01 -7.606922388076782227e-01
7.977641820907592773e-01 6.486159563064575195e-01 2.705726027488708496e-01
9.909674525260925293e-01 4.303251206874847412e-01 1.840772926807403564e-01
1.025677174329757690e-01 -9.700108766555786133e-01 -3.295330107212066650e-01
7.912795543670654297e-01 -9.851080775260925293e-01 8.521386384963989258e-01
-9.014067053794860840e-01 -2.215145826339721680e-01 -7.169110178947448730e-01
7.990402579307556152e-01 6.517764329910278320e-01 2.706050872802734375e-01
3.553222715854644775e-01 -3.892426490783691406e-01 -5.188547372817993164e-01
2.299770265817642212e-01 7.056236863136291504e-01 -8.486372232437133789e-01
1.238283142447471619e-01 9.813120961189270020e-01 -5.573354959487915039e-01
1.471864283084869385e-01 3.380625247955322266e-01 4.370059370994567871e-01
-1.526891589164733887e-01 9.883391857147216797e-01 -3.285010755062103271e-01
7.487145662307739258e-01 -2.434939891099929810e-01 -2.628514468669891357e-01
1.069229021668434143e-01 -4.684354960918426514e-01 -2.371566295623779297e-01
-3.810623288154602051e-01 6.961394548416137695e-01 -9.118605852127075195e-01
-5.504103899002075195e-01 -7.649282217025756836e-01 -5.076487362384796143e-02
7.853661775588989258e-01 3.217369019985198975e-01 2.927018105983734131e-01
6.924504041671752930e-01 6.844534277915954590e-01 -2.445056885480880737e-01
-8.878800272941589355e-01 -5.182386040687561035e-01 -7.020894289016723633e-01
-2.075134217739105225e-01 -3.099290132522583008e-01 3.436838462948799133e-02
7.989282608032226562e-01 7.316607832908630371e-01 -2.222932726144790649e-01
-8.056283593177795410e-01 -8.684914708137512207e-01 8.161823153495788574e-01
1.521011069416999817e-02 -8.821209669113159180e-01 -5.886390805244445801e-01
3.125019371509552002e-02 -5.468807816505432129e-01 -4.155169725418090820e-01
-5.133862495422363281e-01 -6.328137516975402832e-01 -4.379004240036010742e-01
6.884607672691345215e-01 8.138388991355895996e-01 -6.718788743019104004e-01
-6.112470626831054688e-01 1.101681683212518692e-02 5.873264074325561523e-01
-7.047293186187744141e-01 -9.474460482597351074e-01 -8.112305998802185059e-01
8.401217460632324219e-01 -3.524485826492309570e-01 6.588907837867736816e-01
-8.760332465171813965e-01 -5.244280099868774414e-01 -4.886930882930755615e-01
2.952196896076202393e-01 -9.822583794593811035e-01 -8.439283370971679688e-01
-2.596588432788848877e-01 -8.461588621139526367e-01 -5.891796946525573730e-01
-2.409035265445709229e-01 9.503300189971923828e-01 -3.146661221981048584e-01
6.223557591438293457e-01 8.514148592948913574e-01 7.003021836280822754e-01
9.531514644622802734e-01 4.021107554435729980e-01 4.197390079498291016e-01
2.975025475025177002e-01 2.403003126382827759e-01 -3.595520853996276855e-01
-3.919152319431304932e-01 -5.375751256942749023e-01 2.745270133018493652e-01
-9.384669065475463867e-01 -6.196294426918029785e-01 -8.318724632263183594e-01
-6.258898377418518066e-01 -8.574640750885009766e-01 -2.307610064744949341e-01
9.666548967361450195e-01 1.584404259920120239e-01 -6.968800425529479980e-01
-2.458400130271911621e-01 2.153850346803665161e-01 3.274068981409072876e-02
2.189903855323791504e-01 3.243738412857055664e-01 7.553365826606750488e-01
6.308202445507049561e-02 8.445493578910827637e-01 8.458374738693237305e-01
-8.672463893890380859e-01 -8.557183146476745605e-01 -9.025595188140869141e-01
9.363541007041931152e-01 9.085509181022644043e-01 -7.745320796966552734e-01
-4.013827741146087646e-01 4.019170105457305908e-01 8.292272090911865234e-01
-8.613777756690979004e-01 -1.246780902147293091e-01 4.955939054489135742e-01
-9.687167406082153320e-01 -7.816217839717864990e-02 -5.152905583381652832e-01
-6.022790074348449707e-01 7.895836234092712402e-01 4.780149757862091064e-01
-8.860194087028503418e-01 -2.214768826961517334e-01 -9.804002642631530762e-01
7.416602373123168945e-01 3.031697571277618408e-01 -2.274449681863188744e-03
3.605450689792633057e-01 -7.857953906059265137e-01 9.685587137937545776e-02
-8.912025690078735352e-01 -3.384286463260650635e-01 -7.734835743904113770e-01
1.000115796923637390e-01 -9.143221974372863770e-01 -8.811230063438415527e-01
3.584988117218017578e-01 7.834414243698120117e-01 -3.090752065181732178e-01
-6.800343990325927734e-01 -9.686759710311889648e-01 8.278685808181762695e-01
-8.675333261489868164e-01 3.727674856781959534e-02 -5.505382418632507324e-01
9.760862588882446289e-01 -4.861005246639251709e-01 -7.186335921287536621e-01
-8.201068639755249023e-01 -7.869998812675476074e-01 -8.741900920867919922e-01
5.298458337783813477e-01 8.157153725624084473e-01 3.534460067749023438e-01
-9.795141220092773438e-01 -5.029066205024719238e-01 -5.632097125053405762e-01
-3.914525806903839111e-01 3.011730611324310303e-01 -8.887539505958557129e-01
-2.750235795974731445e-01 8.233932256698608398e-01 -5.395779013633728027e-01
8.584989905357360840e-01 7.364948391914367676e-01 -4.971598386764526367e-01
-8.444783091545104980e-01 -2.013508379459381104e-01 9.609912633895874023e-01
-8.331702351570129395e-01 -1.783571392297744751e-01 -7.087553739547729492e-01
-1.530216187238693237e-01 -9.316141605377197266e-01 -2.575527429580688477e-01
-6.661425828933715820e-01 6.132100224494934082e-01 -7.783839106559753418e-01
8.015656471252441406e-01 7.492012977600097656e-01 9.216035604476928711e-01
-7.768340110778808594e-01 1.217081099748611450e-01 8.917002081871032715e-01
9.840179085731506348e-01 -1.436454057693481445e-01 -9.245464950799942017e-02
-9.009514451026916504e-01 -2.245384007692337036e-01 -8.944898247718811035e-01
-8.293291330337524414e-01 -2.155559659004211426e-01 -8.655590415000915527e-01
9.798323512077331543e-01 -9.114611893892288208e-02 -5.833789110183715820e-01
1.725723296403884888e-01 -6.997594237327575684e-01 9.050306081771850586e-01
-3.903814554214477539e-01 8.039362430572509766e-01 -7.761831283569335938e-01
2.738663852214813232e-01 -6.093364357948303223e-01 8.576796054840087891e-01
-9.823556542396545410e-01 -3.190055191516876221e-01 9.907864928245544434e-01
6.093096137046813965e-01 9.686646461486816406e-01 8.005216121673583984e-01
8.296723961830139160e-01 -1.367102283984422684e-02 -1.539522856473922729e-01
3.292599022388458252e-01 -9.789391160011291504e-01 -1.290073692798614502e-01
-8.789388537406921387e-01 2.790120057761669159e-02 3.484524190425872803e-01
-5.447096824645996094e-01 -9.030309915542602539e-01 -7.150297164916992188e-01
5.440289378166198730e-01 -9.287199974060058594e-01 1.175503805279731750e-01
-1.941334307193756104e-01 9.729806184768676758e-01 -4.805827140808105469e-01
5.464932918548583984e-01 9.445326924324035645e-01 -5.285330414772033691e-01
-5.287476181983947754e-01 9.779745340347290039e-01 -7.330055236816406250e-01
9.910636544227600098e-01 8.778932094573974609e-01 -7.995855212211608887e-01
-5.265413522720336914e-01 -9.682654738426208496e-01 8.505528569221496582e-01
-7.552957162261009216e-03 8.271799087524414062e-01 7.655676007270812988e-01
-7.320328354835510254e-01 -7.830783128738403320e-01 -8.691284060478210449e-01
4.709611535072326660e-01 9.564676284790039062e-01 -5.061975717544555664e-01
5.065170526504516602e-01 -8.649420142173767090e-01 -8.224450945854187012e-01
9.255661368370056152e-01 5.132108926773071289e-01 2.110976278781890869e-01
1.511338204145431519e-01 -7.027453780174255371e-01 9.629012346267700195e-01
-2.757420241832733154e-01 -9.392641186714172363e-01 -2.761123478412628174e-01
1.102793514728546143e-01 -9.718981385231018066e-01 -6.378317475318908691e-01
-9.691622853279113770e-01 -2.291555851697921753e-01 5.912165045738220215e-01
-3.117071390151977539e-01 -2.992458343505859375e-01 2.008400484919548035e-02
5.264286994934082031e-01 -9.773957133293151855e-01 -5.918544530868530273e-01
-4.327878654003143311e-01 -8.592171669006347656e-01 -5.323261022567749023e-01
-4.884195327758789062e-01 -1.343884598463773727e-02 5.237902998924255371e-01
-9.712125658988952637e-01 -5.107791423797607422e-01 -8.070176839828491211e-01
-3.593398034572601318e-01 -8.761742711067199707e-01 -3.032949566841125488e-01
-9.309902787208557129e-01 4.492126405239105225e-01 8.716444373130798340e-01
3.395762741565704346e-01 7.960099577903747559e-01 -4.985046684741973877e-01
-3.668431937694549561e-01 -6.303692460060119629e-01 -4.117407500743865967e-01
-8.558729887008666992e-01 -5.634698867797851562e-01 -7.884767651557922363e-01
-8.378140330314636230e-01 -4.155430495738983154e-01 -6.392920613288879395e-01
-2.635813355445861816e-01 -7.364558577537536621e-01 5.458251237869262695e-01
7.915935516357421875e-01 -1.229971945285797119e-01 -7.265038788318634033e-02
-8.913637995719909668e-01 4.381341636180877686e-01 9.487167596817016602e-01
7.189830541610717773e-01 -9.602131247520446777e-01 5.238247513771057129e-01
-9.043968915939331055e-01 -5.383221507072448730e-01 -7.961477637290954590e-01
-7.937364280223846436e-02 -3.899628520011901855e-01 -2.047063410282135010e-01
4.002416506409645081e-02 5.627733469009399414e-01 6.338819265365600586e-01
-8.580222129821777344e-01 -8.842877745628356934e-01 -6.017178297042846680e-02
-6.286557912826538086e-01 3.185615241527557373e-01 4.875505566596984863e-01
-8.726117014884948730e-01 5.223558545112609863e-01 9.714914560317993164e-01
2.459468096494674683e-01 6.395772099494934082e-01 -7.667419910430908203e-01
9.440938830375671387e-01 5.464347600936889648e-01 2.120498269796371460e-01
-6.646459102630615234e-01 -9.377438426017761230e-01 -6.919276118278503418e-01
1.737327426671981812e-01 8.197286725044250488e-01 -4.757181704044342041e-01
-1.749038100242614746e-01 -4.957431554794311523e-01 -2.599452435970306396e-01
6.933583617210388184e-01 7.953479290008544922e-01 1.738521158695220947e-01
5.120937228202819824e-01 8.064073324203491211e-01 1.837926805019378662e-01
9.595359116792678833e-02 -7.110401988029479980e-01 -2.519074380397796631e-01
-9.824323654174804688e-01 -4.797687530517578125e-01 -9.431123137474060059e-01
8.969122767448425293e-01 1.786165237426757812e-01 5.687561035156250000e-01
2.017362415790557861e-01 8.576389551162719727e-01 8.739096522331237793e-01
-1.065541431307792664e-01 7.707599997520446777e-01 -4.739420711994171143e-01
5.848520994186401367e-01 -8.162502646446228027e-01 3.608488738536834717e-01
-9.787338376045227051e-01 -6.785100102424621582e-01 -8.361911177635192871e-01
7.127178311347961426e-01 9.908613562583923340e-01 -6.882902979850769043e-01
1.840550601482391357e-01 9.068548679351806641e-01 -7.862921953201293945e-01
6.413223147392272949e-01 -3.112200200557708740e-01 -6.145803332328796387e-01
-9.593898653984069824e-01 -5.892054438591003418e-01 -7.560838460922241211e-01
1.393995285034179688e-01 4.344843700528144836e-02 8.192417621612548828e-01
-1.233521550893783569e-01 6.417301297187805176e-01 -1.359773129224777222e-01
1.758879423141479492e-01 9.870077967643737793e-01 -4.937467277050018311e-01
-3.437252342700958252e-01 7.756924033164978027e-01 9.302552342414855957e-01
-1.609189212322235107e-01 -7.190828919410705566e-01 -8.534333109855651855e-01
5.018725991249084473e-01 9.756149649620056152e-01 5.668183565139770508e-01
1.151248626410961151e-02 6.147943735122680664e-01 5.585301518440246582e-01
8.967919945716857910e-01 -2.452566027641296387e-01 2.179631963372230530e-02
1.127454638481140137e-01 8.383584022521972656e-01 2.367997765541076660e-01
2.199225872755050659e-01 -2.941302210092544556e-02 7.238581180572509766e-01
3.989057540893554688e-01 1.620189845561981201e-01 9.611338376998901367e-01
7.726773619651794434e-01 2.494990378618240356e-01 -2.440666109323501587e-01
-4.897657036781311035e-01 9.595188498497009277e-01 6.361466646194458008e-01
-3.296434581279754639e-01 -7.542209625244140625e-01 -7.387604713439941406e-01
-1.115419641137123108e-01 2.444264441728591919e-01 -3.868055716156959534e-02
8.935791254043579102e-01 4.334805309772491455e-01 6.022477746009826660e-01
5.018926858901977539e-01 -8.855961561203002930e-01 -5.509161949157714844e-01
6.391909122467041016e-01 4.956978261470794678e-01 -1.124535426497459412e-01
-8.243312239646911621e-01 -5.450111031532287598e-01 -8.237304091453552246e-01
-6.637962460517883301e-01 -7.290195822715759277e-01 -4.074143469333648682e-01
-6.463902443647384644e-02 -5.204452872276306152e-01 -3.114686012268066406e-01
6.066710129380226135e-02 -8.924088478088378906e-01 -4.140114188194274902e-01
8.068979978561401367e-01 -4.664948284626007080e-01 -1.362466365098953247e-01
9.867967367172241211e-01 2.692554295063018799e-01 -5.658214092254638672e-01
3.159328699111938477e-01 -9.623236060142517090e-01 -8.857682943344116211e-01
5.984281301498413086e-01 -8.639661073684692383e-01 8.496932387351989746e-01
-1.327797211706638336e-02 -5.619776844978332520e-01 7.948018312454223633e-01
7.875716090202331543e-01 8.651833534240722656e-01 -7.183948159217834473e-01
-9.313607811927795410e-01 -5.072239637374877930e-01 -4.076524972915649414e-01
-1.845277547836303711e-01 7.800079584121704102e-01 -1.679832190275192261e-01
9.233999848365783691e-01 1.581687182188034058e-01 -6.796503663063049316e-01
-3.870536386966705322e-01 -8.207923173904418945e-01 5.742172598838806152e-01
4.127724468708038330e-01 7.554058432579040527e-01 -4.980454221367835999e-02
-6.660256981849670410e-01 7.293366193771362305e-01 -7.933046817779541016e-01
-9.318698048591613770e-01 -1.300705075263977051e-01 -4.220178425312042236e-01
-8.097983598709106445e-01 -7.428510785102844238e-01 7.355294823646545410e-01
-7.348106503486633301e-01 -7.711288332939147949e-02 1.029235497117042542e-01
-2.550857961177825928e-01 7.616639137268066406e-01 -5.639298558235168457e-01
-5.433519482612609863e-01 -1.109353676438331604e-01 -4.540199935436248779e-01
9.147457480430603027e-01 -2.098410427570343018e-01 -2.522287070751190186e-01
-5.119559168815612793e-01 -9.792323112487792969e-01 -5.470904111862182617e-01
-6.126061081886291504e-01 8.283600807189941406e-01 1.827366501092910767e-01
3.264436423778533936e-01 8.952680230140686035e-01 6.988865137100219727e-01
9.580202102661132812e-01 -1.344826165586709976e-02 -3.350267186760902405e-02
9.259783625602722168e-01 8.150924444198608398e-01 -5.835109390318393707e-03
5.538744926452636719e-01 -7.647282481193542480e-01 9.114941358566284180e-01
2.171204239130020142e-01 3.933738470077514648e-01 -3.764629072975367308e-04
3.791408538818359375e-01 -9.127855896949768066e-01 1.268286108970642090e-01
-6.675636172294616699e-01 8.197538256645202637e-01 3.014673292636871338e-01
9.074102640151977539e-01 3.422946929931640625e-01 -3.267944753170013428e-01
8.693729639053344727e-01 9.507064819335937500e-01 -7.471749782562255859e-01
6.368576288223266602e-01 8.093588352203369141e-01 -6.509218811988830566e-01
3.487596288323402405e-02 2.478951960802078247e-01 5.598136186599731445e-01
2.041869610548019409e-01 1.972981989383697510e-01 -3.441654741764068604e-01
-6.312481760978698730e-01 -2.312905639410018921e-01 -6.787159442901611328e-01
2.351105213165283203e-01 8.330266475677490234e-01 4.262592494487762451e-01
-8.664616346359252930e-01 6.464524865150451660e-01 7.727822661399841309e-01
-1.045483946800231934e-01 7.693779468536376953e-02 5.183730721473693848e-01
6.914504766464233398e-01 6.449162364006042480e-01 1.228576526045799255e-01
8.573163747787475586e-01 -9.036645293235778809e-01 -8.977047353982925415e-02
4.030756056308746338e-01 -9.643435478210449219e-01 -5.029707029461860657e-02
-3.581653237342834473e-01 -1.784177869558334351e-01 -9.094737768173217773e-01
9.857308268547058105e-01 3.061871826648712158e-01 -2.415048927068710327e-01
8.554615974426269531e-01 6.293511949479579926e-03 2.130950093269348145e-01
7.809594273567199707e-02 -8.600282073020935059e-01 -6.582652926445007324e-01
9.557502269744873047e-01 8.264681100845336914e-01 -1.179048568010330200e-01
1.393456310033798218e-01 1.220792829990386963e-01 -2.326937168836593628e-01
1.963995993137359619e-01 1.575238257646560669e-02 -4.147913753986358643e-01
8.916006088256835938e-01 -3.676650524139404297e-01 9.899393469095230103e-02
-3.170362412929534912e-01 -9.384282231330871582e-01 -2.607360482215881348e-01
4.157733917236328125e-01 4.369427561759948730e-01 -8.910688757896423340e-01
4.291329160332679749e-02 9.526861310005187988e-01 8.598740696907043457e-01
8.148857951164245605e-01 7.857432961463928223e-01 -5.699968338012695312e-01
5.128957629203796387e-01 9.638186097145080566e-01 -5.079979896545410156e-01
8.329730629920959473e-01 2.377429157495498657e-01 1.152629405260086060e-01
-6.576509028673171997e-02 -8.451846837997436523e-01 7.958485484123229980e-01
-3.812651932239532471e-01 -9.738751649856567383e-01 7.629429101943969727e-01
-9.546116590499877930e-01 1.565714627504348755e-01 4.305907189846038818e-01
-1.215099706314504147e-03 8.438176512718200684e-01 -2.071424722671508789e-01
8.463256359100341797e-01 -8.923382163047790527e-01 6.285737752914428711e-01
9.623001217842102051e-01 8.119124174118041992e-02 2.342288494110107422e-01
5.638213753700256348e-01 4.652155339717864990e-01 7.389569282531738281e-01
9.399895071983337402e-01 3.005277216434478760e-01 -3.372221291065216064e-01
-8.241469860076904297e-01 4.256670773029327393e-01 3.226848244667053223e-01
5.487316846847534180e-01 9.926340579986572266e-01 -6.390837430953979492e-01
-2.866544425487518311e-01 -1.826756149530410767e-01 -3.088531792163848877e-01
-8.063197731971740723e-01 -2.095163464546203613e-01 -4.691037237644195557e-01
-9.744084477424621582e-01 5.904595851898193359e-01 9.529725909233093262e-01
3.165534138679504395e-01 -9.677521884441375732e-02 4.632361829280853271e-01
9.294860363006591797e-01 6.695771813392639160e-01 -6.104579567909240723e-01
-8.976897001266479492e-01 2.431963384151458740e-01 -3.107597352936863899e-03
-9.808281064033508301e-01 -6.147176027297973633e-01 -9.277427792549133301e-01
-8.419467210769653320e-01 -4.768789410591125488e-01 -7.299482226371765137e-01
-7.793517708778381348e-01 -5.382354259490966797e-01 -4.369610249996185303e-01
-6.715063452720642090e-01 -6.879121661186218262e-01 -5.034359693527221680e-01
8.061016798019409180e-01 5.438287854194641113e-01 -5.353590846061706543e-01
-9.190958142280578613e-01 -5.073559284210205078e-01 -3.735077381134033203e-01
-3.305749595165252686e-01 -8.343752622604370117e-01 7.521539330482482910e-01
-2.920472919940948486e-01 -8.497179746627807617e-01 6.291798949241638184e-01
5.033212248235940933e-03 8.455273509025573730e-01 8.296854496002197266e-01
1.973730176687240601e-01 3.545937836170196533e-01 6.968787908554077148e-01
9.870799779891967773e-01 2.671642303466796875e-01 4.663335382938385010e-01
-9.295142292976379395e-01 -8.050109744071960449e-01 -3.276253044605255127e-01
-9.849173426628112793e-01 -5.555917620658874512e-01 -5.968058109283447266e-01
-5.917033553123474121e-01 5.962249040603637695e-01 -7.294118404388427734e-01
-8.889114856719970703e-01 -6.050905585289001465e-01 8.812782764434814453e-01
-7.428052276372909546e-02 9.869089126586914062e-01 -3.201068341732025146e-01
-3.020009994506835938e-01 -9.714886546134948730e-01 -6.588021516799926758e-01
-3.561257123947143555e-01 -1.207019910216331482e-01 -3.425088822841644287e-01
-3.689353168010711670e-01 -1.258954405784606934e-01 -9.212235212326049805e-01
-9.265457391738891602e-01 6.261509060859680176e-01 1.395112648606300354e-02
6.457529664039611816e-01 -7.516832351684570312e-01 8.358844518661499023e-01
6.279188394546508789e-01 -9.867913126945495605e-01 -2.439777553081512451e-02
5.784654021263122559e-01 8.146652579307556152e-01 6.040043830871582031e-01
-7.139067649841308594e-01 -9.623275995254516602e-01 9.808778762817382812e-01
4.546623528003692627e-01 -2.238014638423919678e-01 -3.472707420587539673e-02
-7.390505820512771606e-02 6.753351092338562012e-01 2.667073607444763184e-01
6.921379566192626953e-01 7.897969484329223633e-01 -7.711737155914306641e-01
-8.598552346229553223e-01 8.349473029375076294e-02 5.100110769271850586e-01
6.586518883705139160e-01 7.717918753623962402e-01 8.050145506858825684e-01
-9.400817751884460449e-01 -3.032181560993194580e-01 -9.911691546440124512e-01
2.917596697807312012e-01 -4.207530915737152100e-01 -8.786466717720031738e-01
2.495087683200836182e-01 2.399045526981353760e-01 8.018899559974670410e-01
7.431710362434387207e-01 2.463851720094680786e-01 -1.921891421079635620e-01
5.343284010887145996e-01 -8.584569692611694336e-01 -6.518664956092834473e-01
-6.325429081916809082e-01 6.650257110595703125e-01 4.108697175979614258e-01
-8.008654713630676270e-01 1.176226809620857239e-01 -2.958166003227233887e-01
5.476554036140441895e-01 1.061109825968742371e-01 -5.868849158287048340e-01
2.145238220691680908e-01 -6.447225809097290039e-03 7.883252501487731934e-01
8.366969227790832520e-02 8.376723527908325195e-01 -3.555346727371215820e-01
-9.185352325439453125e-01 5.343248248100280762e-01 6.361796259880065918e-01
6.205229163169860840e-01 6.751894950866699219e-01 7.865079045295715332e-01
-2.338495701551437378e-01 4.841069132089614868e-02 -7.814428210258483887e-02
7.662574052810668945e-01 8.005630373954772949e-01 9.288061857223510742e-01
3.689603507518768311e-01 -8.671585917472839355e-01 -3.245541453361511230e-01
-9.740332961082458496e-01 -7.029576897621154785e-01 -4.540527462959289551e-01
-9.436115622520446777e-01 -3.580419719219207764e-01 -8.383719921112060547e-01
8.423555493354797363e-01 -5.718295574188232422e-01 -7.639809846878051758e-01
9.804346561431884766e-01 3.140172064304351807e-01 -2.851239442825317383e-01
5.651620030403137207e-01 -9.837040901184082031e-01 -6.721680760383605957e-01
7.459750771522521973e-01 3.323150575160980225e-01 6.553812623023986816e-01
3.027437329292297363e-01 -1.385196745395660400e-01 3.336603045463562012e-01
-4.795585274696350098e-01 9.901400804519653320e-01 -7.605041265487670898e-01
-9.402477741241455078e-01 2.934639155864715576e-01 -4.828736484050750732e-01
-2.090890109539031982e-01 9.281597137451171875e-01 -3.302889764308929443e-01
2.656995952129364014e-01 -7.139983177185058594e-01 7.916693091392517090e-01
6.672185063362121582e-01 -8.122289180755615234e-01 -1.052938550710678101e-01
7.099114656448364258e-01 4.887879788875579834e-01 -7.853166013956069946e-02
-9.930152297019958496e-01 9.545684456825256348e-01 -3.948779776692390442e-02
8.102099895477294922e-01 7.781693339347839355e-01 -2.157853692770004272e-01
-4.248083829879760742e-01 -9.336422085762023926e-01 -6.408369541168212891e-01
-8.922040462493896484e-01 -5.756884068250656128e-02 -5.563141703605651855e-01
-7.152693867683410645e-01 8.570846915245056152e-01 -2.871191501617431641e-01
1.771543473005294800e-01 -4.553111195564270020e-01 -1.816285550594329834e-01
-7.394520640373229980e-01 -9.325476884841918945e-01 -9.426928758621215820e-01
-2.513808906078338623e-01 7.927917242050170898e-01 5.814934968948364258e-01
-2.187334895133972168e-01 -6.056924462318420410e-01 9.903842210769653320e-01
6.010144352912902832e-01 -9.067181348800659180e-01 4.876903891563415527e-01
7.085797190666198730e-01 2.891156375408172607e-01 -3.603934943675994873e-01
9.216992259025573730e-01 2.337906956672668457e-01 -7.375072240829467773e-01
-8.668746948242187500e-01 -4.958137124776840210e-02 -7.185327410697937012e-01
1.092301085591316223e-01 8.302773833274841309e-01 -4.277882277965545654e-01
2.199283242225646973e-02 9.304473996162414551e-01 8.649343252182006836e-01
-8.524304032325744629e-01 -6.642388701438903809e-01 8.959116339683532715e-01
1.026670634746551514e-01 7.074983716011047363e-01 -3.243682086467742920e-01
-1.956796199083328247e-01 -9.054692983627319336e-01 -5.516517162322998047e-01
9.317560195922851562e-01 7.652438282966613770e-01 -1.552014201879501343e-01
3.605620861053466797e-01 1.726324670016765594e-02 7.185603976249694824e-01
-7.541043162345886230e-01 -3.466331064701080322e-01 -3.875276446342468262e-01
-9.006726741790771484e-01 -8.110155463218688965e-01 -8.700268268585205078e-01
7.296453714370727539e-01 7.661587595939636230e-01 7.621850967407226562e-01
2.857551872730255127e-01 -7.601745128631591797e-01 -6.297208666801452637e-01
8.718370199203491211e-01 9.876891374588012695e-01 -7.861070632934570312e-01
-9.205677546560764313e-03 -7.992372512817382812e-01 -5.233756303787231445e-01
-7.320727705955505371e-01 -3.525545895099639893e-01 -6.091247200965881348e-01
4.010080099105834961e-01 -1.964654326438903809e-01 -1.075420230627059937e-01
-4.541145861148834229e-01 -8.367628455162048340e-01 2.596704065799713135e-01
-9.761159420013427734e-01 -6.123952567577362061e-02 -6.469455957412719727e-01
2.141643166542053223e-01 8.810632228851318359e-01 7.873832583427429199e-01
-6.492738127708435059e-01 -1.448512077331542969e-01 2.713844180107116699e-01
-8.920049667358398438e-01 -5.836960077285766602e-01 -6.326294541358947754e-01
-9.896444678306579590e-01 3.740380704402923584e-01 -5.517945289611816406e-01
-7.465387582778930664e-01 1.485552042722702026e-01 -6.949148178100585938e-01
-2.674767673015594482e-01 -9.719053506851196289e-01 -3.091224730014801025e-01
-9.934096336364746094e-01 -3.125316798686981201e-01 -8.998537659645080566e-01
2.545706331729888916e-01 8.598909378051757812e-01 -9.524493217468261719e-01
9.739130139350891113e-01 -8.196689486503601074e-01 8.635691404342651367e-01
-7.017575502395629883e-01 -8.614951372146606445e-01 -8.093439340591430664e-01
2.473658025264739990e-01 3.068781197071075439e-01 -2.963860630989074707e-01
8.331049084663391113e-01 7.930021286010742188e-01 -2.363058775663375854e-01
7.624970674514770508e-01 3.092557489871978760e-01 -2.650279402732849121e-01
-6.715124845504760742e-01 -8.853082656860351562e-01 8.135541081428527832e-01
6.244667768478393555e-01 6.162925362586975098e-01 7.369973659515380859e-01
4.084827601909637451e-01 4.150646626949310303e-01 -8.439937829971313477e-01
-5.400233268737792969e-01 -6.232717037200927734e-01 1.119385063648223877e-01
-6.821749806404113770e-01 8.094661235809326172e-01 -9.286268949508666992e-01
1.310492493212223053e-02 9.665176272392272949e-01 8.743445277214050293e-01
-8.934777379035949707e-01 -1.539425104856491089e-01 -4.138659536838531494e-01
9.902167320251464844e-01 -8.589371293783187866e-02 2.910358086228370667e-02
1.758490055799484253e-01 2.641583681106567383e-01 6.493704915046691895e-01
-1.843448728322982788e-01 -9.406760931015014648e-01 2.880795113742351532e-02
7.262298464775085449e-01 9.082573056221008301e-01 7.769303321838378906e-01
-6.527957040816545486e-03 -7.544355988502502441e-01 -6.681045889854431152e-01
2.577759325504302979e-01 -5.874775350093841553e-02 7.136051654815673828e-01
-8.314164876937866211e-01 -5.968179702758789062e-01 8.096302747726440430e-01
-3.284956514835357666e-01 -5.148087739944458008e-01 6.055125594139099121e-01
2.287346869707107544e-01 -3.091006577014923096e-01 6.967834383249282837e-02
-2.839157283306121826e-01 -9.849360585212707520e-01 -2.553034424781799316e-01
-3.419966250658035278e-02 -7.348391413688659668e-01 -4.736174643039703369e-01
-6.974515914916992188e-01 7.478106617927551270e-01 -9.121699631214141846e-02
-8.277966380119323730e-01 -8.793828487396240234e-01 -9.401838183403015137e-01
8.257393836975097656e-01 -7.130185514688491821e-02 7.844083756208419800e-02
-6.478090286254882812e-01 -2.317603528499603271e-01 -5.885435938835144043e-01
8.164305686950683594e-01 8.550301790237426758e-01 8.970193862915039062e-01
7.299517989158630371e-01 9.445133209228515625e-01 7.342714667320251465e-01
-5.247704386711120605e-01 -7.439902424812316895e-01 -5.245840549468994141e-01
-4.573781490325927734e-01 -8.694840073585510254e-01 -1.804060675203800201e-02
-9.860190004110336304e-02 9.220153689384460449e-01 -3.111458420753479004e-01
-9.885029196739196777e-01 9.671724438667297363e-01 -7.551713287830352783e-02
9.841896295547485352e-01 5.690421462059020996e-01 2.463261932134628296e-01
-9.920616745948791504e-01 -6.781685948371887207e-01 -9.394761919975280762e-01
9.557019919157028198e-02 -8.543758988380432129e-01 -1.451989859342575073e-01
8.898192048072814941e-01 4.300126433372497559e-01 3.239562809467315674e-01
9.880524873733520508e-01 -2.877921462059020996e-01 8.330165147781372070e-01
3.302554786205291748e-01 -7.460356950759887695e-01 -6.216101646423339844e-01
1.639462858438491821e-01 -6.380811333656311035e-01 9.704018235206604004e-01
6.820440888404846191e-01 -1.979912817478179932e-01 -2.298761606216430664e-01
4.096268713474273682e-01 1.262423694133758545e-01 8.714765310287475586e-01
1.548369228839874268e-01 -5.555874705314636230e-01 -5.566799640655517578e-01
7.215757966041564941e-01 9.001727700233459473e-01 8.704672455787658691e-01
-7.151222229003906250e-01 -8.498020172119140625e-01 -8.350566625595092773e-01
9.435232877731323242e-01 1.839357912540435791e-01 5.049121975898742676e-01
-5.087221860885620117e-01 -9.854810833930969238e-01 2.820937335491180420e-01
-4.949194565415382385e-02 -7.569717168807983398e-01 9.383658766746520996e-01
-2.313640266656875610e-01 1.577236652374267578e-01 -1.807325892150402069e-02
-7.591161131858825684e-01 -9.237827658653259277e-01 -8.682731986045837402e-01
2.731224000453948975e-01 8.236659169197082520e-01 6.640393137931823730e-01
8.553444743156433105e-01 9.821499586105346680e-01 -7.707452774047851562e-01
-3.562338054180145264e-01 2.326009720563888550e-01 5.101870298385620117e-01
-9.332482814788818359e-01 4.010384902358055115e-02 1.243617460131645203e-01
-6.955684423446655273e-01 -9.428738355636596680e-01 5.422523021697998047e-01
3.629150986671447754e-02 -7.072616219520568848e-01 -5.053110718727111816e-01
8.985386490821838379e-01 9.553288817405700684e-01 -7.766607403755187988e-01
-4.397312700748443604e-01 -3.958226144313812256e-01 7.822923064231872559e-01
-9.292072057723999023e-01 -5.117017626762390137e-01 -7.914957404136657715e-01
4.708775877952575684e-01 -1.125931832939386368e-02 9.626813530921936035e-01
-7.973462343215942383e-01 -5.707973241806030273e-01 -7.125264406204223633e-01
5.317280888557434082e-01 6.585481166839599609e-01 -9.586658477783203125e-01
-4.230653643608093262e-01 5.885010957717895508e-01 9.767274856567382812e-01
8.573216199874877930e-01 -2.170404493808746338e-01 7.725682854652404785e-01
-9.243382811546325684e-01 -2.796308100223541260e-01 -9.888235330581665039e-01
-5.416825413703918457e-01 2.349852919578552246e-01 7.880760431289672852e-01
8.337222337722778320e-01 -4.854080379009246826e-01 -6.428896784782409668e-01
9.959688782691955566e-01 -9.624049663543701172e-01 -2.069947076961398125e-03
9.774935841560363770e-01 2.119363397359848022e-01 -6.246587634086608887e-01
7.522766590118408203e-01 4.430968463420867920e-01 -5.544395446777343750e-01
2.899934053421020508e-01 2.992298603057861328e-01 -9.656631946563720703e-01
-7.081564664840698242e-01 -2.270680665969848633e-01 8.152676820755004883e-01
2.242921292781829834e-01 9.619796872138977051e-01 -5.088580846786499023e-01
-2.814524471759796143e-01 -8.380712866783142090e-01 -9.768752008676528931e-02
5.953514575958251953e-01 7.691017389297485352e-01 4.664141237735748291e-01
-3.662467300891876221e-01 -9.169402122497558594e-01 1.773880422115325928e-01
4.209233224391937256e-01 2.817913591861724854e-01 4.391683638095855713e-01
4.959653615951538086e-01 -8.176486492156982422e-01 6.736241579055786133e-01
-2.407611906528472900e-01 6.896386146545410156e-01 8.297165632247924805e-01
-8.490952253341674805e-01 1.388622969388961792e-01 -8.776646852493286133e-01
-4.079301059246063232e-01 -7.882673740386962891e-01 8.148973584175109863e-01
1.182984784245491028e-01 6.860297322273254395e-01 -5.085424780845642090e-01
-3.271395862102508545e-01 -7.726435065269470215e-01 -1.694807112216949463e-01
8.351702690124511719e-01 -3.715306520462036133e-01 1.343082487583160400e-01
-8.789174556732177734e-01 -9.523469954729080200e-02 -4.419564902782440186e-01
-6.707227826118469238e-01 -8.318836688995361328e-01 -6.087234616279602051e-01
5.613223910331726074e-01 7.405678629875183105e-01 5.393182635307312012e-01
9.379799365997314453e-01 9.788782000541687012e-01 -6.971156001091003418e-01
5.596202611923217773e-01 3.036545515060424805e-01 -7.707957625389099121e-01
-9.889303445816040039e-01 -9.138644337654113770e-01 5.333781838417053223e-01
8.346243500709533691e-01 7.835438847541809082e-01 -1.567995846271514893e-01
-1.806415468454360962e-01 6.752651929855346680e-01 -1.076666265726089478e-01
-9.336075186729431152e-01 -3.953763544559478760e-01 -7.455995082855224609e-01
1.965629756450653076e-01 -3.903395235538482666e-01 -3.433648943901062012e-01
-4.793357551097869873e-01 7.389789819717407227e-01 9.063187241554260254e-01
2.464403659105300903e-01 -9.481550455093383789e-01 2.748566269874572754e-01
1.353824883699417114e-02 6.647409796714782715e-01 -7.941375374794006348e-01
-3.729285895824432373e-01 -9.715729951858520508e-01 3.325434029102325439e-01
-8.163635134696960449e-01 -9.317328333854675293e-01 4.191629216074943542e-02
-7.837354391813278198e-02 -2.893096506595611572e-01 6.389201879501342773e-01
2.208933830261230469e-01 -2.285426855087280273e-01 -4.210279285907745361e-01
4.898376464843750000e-01 2.389807701110839844e-01 5.258157849311828613e-01
-8.845008611679077148e-01 -1.213574036955833435e-01 -5.681753754615783691e-01
9.829672574996948242e-01 4.853161871433258057e-01 -2.037332579493522644e-02
9.731107354164123535e-01 1.029474288225173950e-01 5.640727877616882324e-01
3.216563165187835693e-02 -5.550090074539184570e-01 -1.060586497187614441e-01
-5.428802967071533203e-01 4.672103747725486755e-02 -2.327695116400718689e-02
-6.283789277076721191e-01 -5.393280982971191406e-01 -7.651025056838989258e-01
9.905571937561035156e-01 3.049835860729217529e-01 -1.929412633180618286e-01
9.554089307785034180e-01 7.825489640235900879e-01 -6.650100946426391602e-01
4.840361326932907104e-02 9.102909564971923828e-01 -1.478492021560668945e-01
-6.471227407455444336e-01 -9.398007988929748535e-01 -8.624401092529296875e-01
-6.580256223678588867e-01 -6.602922081947326660e-01 7.734119892120361328e-01
-5.458932518959045410e-01 -8.757888674736022949e-01 5.661062002182006836e-01
5.754398107528686523e-01 9.416652321815490723e-01 -5.545764565467834473e-01
3.662833869457244873e-01 3.694320321083068848e-01 7.613492012023925781e-01
2.539395689964294434e-01 6.043708920478820801e-01 -4.680741131305694580e-01
-9.251111149787902832e-01 -3.565061390399932861e-01 -5.932897925376892090e-01
-1.252851933240890503e-01 -2.900095582008361816e-01 3.845940232276916504e-01
8.929928541183471680e-01 8.044955134391784668e-01 -3.689641058444976807e-01
-8.566308021545410156e-01 -8.793975114822387695e-01 7.542738318443298340e-01
2.464921623468399048e-01 -9.460315704345703125e-01 -6.508677452802658081e-02
-3.366997092962265015e-02 -9.527391195297241211e-01 -9.204143881797790527e-01
-5.871388912200927734e-01 -1.037404909729957581e-01 8.121778368949890137e-01
3.937784433364868164e-01 -8.840695023536682129e-01 7.242912650108337402e-01
9.912170171737670898e-01 3.368648588657379150e-01 3.488165438175201416e-01
-7.501902580261230469e-01 -8.301525115966796875e-01 -7.915952205657958984e-01
2.563887536525726318e-01 -8.184299468994140625e-01 9.328965544700622559e-01
-8.660024404525756836e-01 -3.297823369503021240e-01 -1.557317674160003662e-01
8.896130919456481934e-01 -2.591272294521331787e-01 -1.137050017714500427e-01
-4.484024345874786377e-01 4.460753500461578369e-01 8.278661966323852539e-01
-4.736986458301544189e-01 -9.108013510704040527e-01 -7.633658647537231445e-01
4.060486555099487305e-01 7.807782292366027832e-01 9.083235263824462891e-01
-4.519268572330474854e-01 -7.436723709106445312e-01 -6.343632191419601440e-02
-9.893274307250976562e-01 -4.378597438335418701e-01 -9.023375511169433594e-01
4.361785650253295898e-01 6.963976621627807617e-01 8.658537864685058594e-01
9.831768870353698730e-01 4.028137624263763428e-01 4.603847116231918335e-02
1.307724267244338989e-01 -7.998260855674743652e-01 -3.661398589611053467e-01
-4.618213772773742676e-01 -9.119465351104736328e-01 -4.290513694286346436e-01
6.641203165054321289e-01 8.306776285171508789e-01 8.609285950660705566e-01
1.186369955539703369e-01 -4.288997054100036621e-01 -2.619183063507080078e-01
9.131487011909484863e-01 -7.052741646766662598e-01 -4.308638572692871094e-01
-2.067634835839271545e-02 -8.064594268798828125e-01 -4.949751794338226318e-01
-9.753378033638000488e-01 -4.715099036693572998e-01 2.948120981454849243e-02
8.637166023254394531e-01 2.462204545736312866e-01 6.323096752166748047e-01
-1.252132058143615723e-01 6.669120192527770996e-01 4.600281417369842529e-01
3.931129574775695801e-01 -9.068769812583923340e-01 1.403865516185760498e-01
8.375652432441711426e-01 9.178985953330993652e-01 -5.977061986923217773e-01
-8.440205454826354980e-01 -4.522477984428405762e-01 -3.652004301548004150e-01
-3.774369359016418457e-01 8.721389770507812500e-01 3.254341185092926025e-01
-1.256037205457687378e-01 6.398198753595352173e-02 5.716184377670288086e-01
-7.264530658721923828e-01 -5.681074261665344238e-01 4.106004238128662109e-01
3.065100014209747314e-01 6.283499002456665039e-01 -3.689286112785339355e-01
-4.722919464111328125e-01 -5.479547381401062012e-01 7.208046913146972656e-01
-1.154448930174112320e-02 -9.876936674118041992e-01 2.442883998155593872e-01
-3.004574477672576904e-01 -9.088380932807922363e-01 2.546421885490417480e-01
-4.859352409839630127e-01 -8.626378774642944336e-01 9.621339440345764160e-01
6.578040719032287598e-01 9.493013024330139160e-01 -6.168583035469055176e-01
1.634375900030136108e-01 8.471783995628356934e-01 8.852564692497253418e-01
-6.246960759162902832e-01 9.033913016319274902e-01 8.739593029022216797e-01
5.171556770801544189e-02 -9.676090478897094727e-01 7.223560214042663574e-01
-8.631133437156677246e-01 -3.966272175312042236e-01 -4.066662192344665527e-01
-6.762388944625854492e-01 8.151287436485290527e-01 -5.045322179794311523e-01
-9.325193762779235840e-01 -8.916985988616943359e-01 -7.977176308631896973e-01
9.830169677734375000e-01 7.660929113626480103e-02 1.092799305915832520e-01
-3.076271414756774902e-01 -6.416831016540527344e-01 -6.643149852752685547e-01
7.556722164154052734e-01 5.670352578163146973e-01 2.590705156326293945e-01
4.667132198810577393e-01 -9.876087307929992676e-01 -8.712198138236999512e-01
1.068049371242523193e-01 4.021775126457214355e-01 -7.583966851234436035e-01
2.790938019752502441e-01 7.253631949424743652e-01 -3.042381703853607178e-01
-2.548018395900726318e-01 4.127320274710655212e-02 -5.905469059944152832e-01
6.379011869430541992e-01 -2.416957467794418335e-01 -5.161439254879951477e-02
6.815214157104492188e-01 -3.561491668224334717e-01 7.457615733146667480e-01
-3.900695443153381348e-01 -9.512391090393066406e-01 -3.491297662258148193e-01
2.274270206689834595e-01 -8.425933122634887695e-01 -9.267289638519287109e-01
-5.069576501846313477e-01 -8.613954186439514160e-01 6.264247000217437744e-03
8.233377933502197266e-01 -1.352223008871078491e-01 1.441065371036529541e-01
-1.111749410629272461e-01 -2.901457846164703369e-01 -6.925204396247863770e-01
-7.577571272850036621e-01 -4.009230434894561768e-02 -2.581767439842224121e-01
-2.832983434200286865e-01 -9.518779516220092773e-01 -2.986797988414764404e-01
9.644379615783691406e-01 6.508766412734985352e-01 -6.031242609024047852e-01
-3.501624464988708496e-01 -8.835871815681457520e-01 -1.436947844922542572e-03
-6.854367256164550781e-02 6.900914311408996582e-01 8.701029419898986816e-01
5.399191379547119141e-01 4.631179869174957275e-01 -2.835791409015655518e-01
-8.770524263381958008e-01 -6.852588653564453125e-01 -8.914290666580200195e-01
8.682022690773010254e-01 -3.764701485633850098e-01 -5.065167546272277832e-01
9.126300215721130371e-01 6.974638104438781738e-01 -8.817341327667236328e-01
-3.610250055789947510e-01 6.793656349182128906e-01 5.248882770538330078e-01
1.848033368587493896e-01 -6.963562369346618652e-01 -4.755231440067291260e-01
-4.080553650856018066e-01 -3.496942222118377686e-01 -1.308368146419525146e-01
7.533712983131408691e-01 4.828884825110435486e-02 -6.910976767539978027e-01
5.459498167037963867e-01 9.282413125038146973e-01 -7.002239115536212921e-03
-5.301037430763244629e-01 9.850460290908813477e-01 5.879098773002624512e-01
-2.719737291336059570e-01 9.657864570617675781e-01 -3.514232635498046875e-01
2.320818156003952026e-01 -1.935982257127761841e-01 9.219840168952941895e-01
7.709188461303710938e-01 8.115128278732299805e-01 -8.545518517494201660e-01
-3.780908882617950439e-01 -9.144271016120910645e-01 -5.147691369056701660e-01
5.981076043099164963e-03 6.642869710922241211e-01 7.466576099395751953e-01
-8.722699880599975586e-01 7.552089691162109375e-01 6.510506570339202881e-02
-8.918321728706359863e-01 -4.633961915969848633e-01 -6.172478199005126953e-01
6.926605701446533203e-01 -3.368136286735534668e-01 -6.680297851562500000e-01
9.922221899032592773e-01 2.009320557117462158e-01 2.088654190301895142e-01
-9.019554853439331055e-01 5.023819208145141602e-01 -8.340511918067932129e-01
6.448628902435302734e-01 2.953076660633087158e-01 -4.600103795528411865e-01
-4.433820843696594238e-01 -9.613793343305587769e-02 -3.829879462718963623e-01
-5.818816423416137695e-01 -8.787251710891723633e-01 -7.186208367347717285e-01
5.871140956878662109e-01 -6.554288864135742188e-01 -7.244871854782104492e-01
-5.155178904533386230e-01 -8.541300296783447266e-01 -3.494326770305633545e-01
5.945971608161926270e-01 6.763775348663330078e-01 -3.084485232830047607e-01
3.199572861194610596e-01 4.004372656345367432e-01 2.580862343311309814e-01
7.956810593605041504e-01 8.068270981311798096e-02 5.887589454650878906e-01
-6.292863488197326660e-01 -1.774730235338211060e-01 -8.158834576606750488e-01
-1.273499131202697754e-01 4.182619452476501465e-01 9.333718419075012207e-01
-9.137933850288391113e-01 6.445353478193283081e-02 -8.463805913925170898e-01
-1.281477212905883789e-01 -1.210239380598068237e-01 2.218628972768783569e-01
2.730956971645355225e-01 -2.212306484580039978e-02 9.684273600578308105e-01
9.330336451530456543e-01 6.002500057220458984e-01 5.519827008247375488e-01
3.768051266670227051e-01 1.749601513147354126e-01 -8.031810522079467773e-01
-6.765516400337219238e-01 -8.042413592338562012e-01 5.383812785148620605e-01
-2.010476738214492798e-01 8.684369325637817383e-01 -4.543434679508209229e-01
-2.476335316896438599e-01 9.261850714683532715e-01 -3.777582943439483643e-02
-9.629292488098144531e-01 -3.886729478836059570e-01 -3.855720162391662598e-01
6.560710072517395020e-01 9.695969820022583008e-01 -6.443477272987365723e-01
-9.659873843193054199e-01 3.509076535701751709e-01 -3.600344359874725342e-01
-1.527710705995559692e-01 -8.023396134376525879e-01 -6.833397746086120605e-01
5.001974105834960938e-01 -3.853762447834014893e-01 -4.526312947273254395e-01
-6.510593295097351074e-01 -8.832805156707763672e-01 -1.019885390996932983e-01
-8.501998782157897949e-01 -2.100868523120880127e-01 -1.013850420713424683e-01
3.705219924449920654e-01 9.441367387771606445e-01 8.711726069450378418e-01
4.437643587589263916e-01 2.602532207965850830e-01 -3.299549818038940430e-01
-7.051997780799865723e-01 -1.199712157249450684e-01 -1.269088685512542725e-01
6.843256354331970215e-01 -2.410409152507781982e-01 5.605501532554626465e-01
5.065191984176635742e-01 -3.151281774044036865e-01 -2.868921160697937012e-01
4.926431477069854736e-01 9.755116701126098633e-01 2.460902631282806396e-01
4.001240730285644531e-01 8.585206270217895508e-01 -4.728206396102905273e-01
8.185892105102539062e-01 4.363715052604675293e-01 6.303883790969848633e-01
-3.174304962158203125e-01 -7.411893606185913086e-01 -3.212460577487945557e-01
5.647322535514831543e-01 -3.243280053138732910e-01 6.546104550361633301e-01
-4.333193302154541016e-01 -9.770961403846740723e-01 -4.315912351012229919e-02
8.571602106094360352e-01 7.589427232742309570e-01 -6.958728432655334473e-01
-8.950507640838623047e-01 -1.997759789228439331e-01 8.730258345603942871e-01
-5.288496017456054688e-01 -6.667677760124206543e-01 -6.580752730369567871e-01
-9.929331541061401367e-01 1.530219018459320068e-01 -1.528253257274627686e-01
-9.088335633277893066e-01 -4.213043451309204102e-01 -5.373474955558776855e-01
2.486179322004318237e-01 -1.128268167376518250e-01 5.419789552688598633e-01
2.958534359931945801e-01 6.878336668014526367e-01 7.535672187805175781e-01
1.380550265312194824e-01 -2.239380776882171631e-01 -2.123117446899414062e-01
5.207771658897399902e-01 9.110489487648010254e-01 -7.721334695816040039e-01
1.793008744716644287e-01 -1.127254869788885117e-02 -1.891359239816665649e-01
-4.190664589405059814e-01 -9.886615872383117676e-01 -5.660206079483032227e-01
1.857306659221649170e-01 -3.898964822292327881e-01 -4.409675598144531250e-01
1.588874608278274536e-01 7.336255311965942383e-01 3.459169715642929077e-02
-1.064726486802101135e-01 7.564458847045898438e-01 8.587812185287475586e-01
4.061354696750640869e-01 -2.624950110912322998e-01 -5.817275121808052063e-02
1.312849521636962891e-01 -8.468428254127502441e-01 2.260437607765197754e-01
-5.784323811531066895e-01 -8.391947150230407715e-01 -1.963311880826950073e-01
-3.796399533748626709e-01 -6.996004581451416016e-01 -2.866907417774200439e-01
1.125987842679023743e-01 -9.942544698715209961e-01 -5.187584161758422852e-01
4.771534204483032227e-01 8.539412617683410645e-01 6.461231112480163574e-01
-6.310912966728210449e-02 7.658325433731079102e-01 -8.065769076347351074e-01
-3.571328222751617432e-01 -1.566691994667053223e-01 -6.530752182006835938e-01
7.943874001502990723e-01 -1.296012401580810547e-01 -5.063304901123046875e-01
-2.800656259059906006e-01 -9.363679289817810059e-01 -1.369522362947463989e-01
7.558599859476089478e-02 7.358459830284118652e-01 8.452170491218566895e-01
9.225203394889831543e-01 5.257796645164489746e-01 -7.987167239189147949e-01
9.723737239837646484e-01 5.148525238037109375e-01 -3.738222122192382812e-01
9.131888747215270996e-01 2.857094705104827881e-01 2.450947016477584839e-01
6.306765675544738770e-01 -1.174598261713981628e-01 8.866802453994750977e-01
-8.156155347824096680e-01 -8.443703502416610718e-02 -4.222753643989562988e-01
6.382936835289001465e-01 -3.110246062278747559e-01 9.683501124382019043e-01
-9.003809094429016113e-01 1.099816411733627319e-01 -4.906885027885437012e-01
-9.748222827911376953e-01 -4.883086085319519043e-01 8.448002338409423828e-01
3.872217833995819092e-01 -9.594966769218444824e-01 3.363254964351654053e-01
1.950388401746749878e-01 -6.382871270179748535e-01 7.709484696388244629e-01
-3.379571437835693359e-01 -9.594621062278747559e-01 9.379013776779174805e-01
8.957833051681518555e-01 6.083083748817443848e-01 -6.043092608451843262e-01
2.419335842132568359e-01 5.431082844734191895e-01 -5.703344941139221191e-01
6.030445694923400879e-01 9.909473657608032227e-01 -7.892600297927856445e-01
