-3.337662816047668457e-01
-6.865410804748535156e-01
-9.993521571159362793e-01
-7.464464306831359863e-01
-8.454316854476928711e-01
5.301771759986877441e-01
2.975589632987976074e-01
5.607646107673645020e-01
-2.377418279647827148e-01
8.668534755706787109e-01
-3.813057541847229004e-01
-7.589854598045349121e-01
-5.099970698356628418e-01
5.948681831359863281e-01
-2.832821607589721680e-01
-4.491428136825561523e-01
8.045911043882369995e-02
7.953146696090698242e-01
1.267870515584945679e-01
4.925253689289093018e-01
7.492387294769287109e-02
-4.047923684120178223e-01
-4.350012838840484619e-01
8.570687472820281982e-02
4.676832556724548340e-01
-4.359931349754333496e-01
7.044543623924255371e-01
7.400759458541870117e-01
-3.457012176513671875e-01
-6.234172582626342773e-01
-5.841355323791503906e-01
-3.009359836578369141e-01
-7.410410046577453613e-01
7.188153862953186035e-01
9.101518392562866211e-01
-4.382477998733520508e-01
4.539766907691955566e-01
-7.938691973686218262e-01
8.449921607971191406e-01
-8.925791382789611816e-01
-4.773094654083251953e-01
-4.391430318355560303e-01
4.135914146900177002e-01
-4.520318508148193359e-01
-6.267163753509521484e-01
-7.023363709449768066e-01
-8.025395870208740234e-01
7.127122282981872559e-01
-6.603059172630310059e-01
7.071783542633056641e-01
8.718727231025695801e-01
1.836234331130981445e-01
7.946745157241821289e-01
-8.524000048637390137e-01
2.212409228086471558e-01
9.337054491043090820e-01
-4.972083866596221924e-01
8.830370306968688965e-01
6.344869136810302734e-01
-1.532023251056671143e-01
-2.635844945907592773e-01
-8.773980140686035156e-01
4.578404724597930908e-01
-4.428582787513732910e-01
8.845363855361938477e-01
-7.662101387977600098e-01
5.856535434722900391e-01
9.866654872894287109e-01
-9.359185695648193359e-01
9.887074232101440430e-01
7.952906489372253418e-01
-5.219758152961730957e-01
5.894546508789062500e-01
1.321979314088821411e-01
6.130882501602172852e-01
-1.242978032678365707e-02
6.231652498245239258e-01
-3.088740110397338867e-01
-7.195344567298889160e-01
-4.457701146602630615e-01
5.852225422859191895e-01
5.186058282852172852e-01
1.430522203445434570e-01
-2.789933979511260986e-01
-6.561821699142456055e-01
-8.125669360160827637e-01
-4.445559680461883545e-01
-8.152993917465209961e-01
-2.982656955718994141e-01
6.153534650802612305e-01
-5.915788561105728149e-02
9.687477946281433105e-01
8.091921806335449219e-01
9.056047797203063965e-01
5.447109341621398926e-01
-1.609882712364196777e-02
-4.009676873683929443e-01
-3.630400896072387695e-01
-3.614069223403930664e-01
-2.777803838253021240e-01
6.387647986412048340e-02
7.202878594398498535e-01
-4.414050579071044922e-01
7.231919765472412109e-01
4.011831581592559814e-01
6.763589382171630859e-01
-5.995072126388549805e-01
1.403294205665588379e-01
5.630680322647094727e-01
-6.393051743507385254e-01
-3.916248679161071777e-01
-7.127619981765747070e-01
-3.461333811283111572e-01
-1.235999614000320435e-01
5.569700598716735840e-01
6.422430276870727539e-01
8.937793970108032227e-02
-1.553367823362350464e-02
6.594521403312683105e-01
1.272406280040740967e-01
-4.254103899002075195e-01
1.456441581249237061e-01
8.284360170364379883e-01
8.346394300460815430e-01
6.335698366165161133e-01
9.450864195823669434e-01
6.261666417121887207e-01
-7.348473668098449707e-01
-7.219424843788146973e-01
4.364932477474212646e-01
-2.822754979133605957e-01
-2.833121716976165771e-01
1.332161128520965576e-01
6.634417772293090820e-01
-3.067874610424041748e-01
7.499689459800720215e-01
6.928499937057495117e-01
-2.422824054956436157e-01
4.738537967205047607e-01
4.511249065399169922e-01
8.430157899856567383e-01
-7.063927054405212402e-01
-6.370166540145874023e-01
-8.530046343803405762e-01
8.568708300590515137e-01
-7.288749217987060547e-01
-3.940916955471038818e-01
5.029854774475097656e-01
-2.361460477113723755e-01
-2.665787339210510254e-01
6.808103919029235840e-01
-5.481939315795898438e-01
1.344348639249801636e-01
5.775327086448669434e-01
4.490160942077636719e-01
5.436050891876220703e-01
-8.494364023208618164e-01
4.930891394615173340e-01
-9.811537861824035645e-01
2.504871487617492676e-01
-3.878137767314910889e-01
-8.187856674194335938e-01
5.066249370574951172e-01
7.712090015411376953e-01
9.962356090545654297e-01
9.105489850044250488e-01
-4.180765748023986816e-01
4.934186637401580811e-01
-7.434093952178955078e-01
-4.401710331439971924e-01
4.922392070293426514e-01
-9.208557754755020142e-02
-4.226354062557220459e-01
-9.348274469375610352e-01
4.871910214424133301e-01
1.079049631953239441e-01
-4.657253324985504150e-01
1.343049854040145874e-01
6.286488771438598633e-01
7.703008055686950684e-01
1.672107279300689697e-01
-4.490506052970886230e-01
-6.706735491752624512e-01
-4.323198795318603516e-01
8.661685585975646973e-01
8.432301878929138184e-01
-8.777282238006591797e-01
-7.437214851379394531e-01
8.441853523254394531e-01
6.268062591552734375e-01
4.219954013824462891e-01
-9.391573071479797363e-01
9.135483503341674805e-01
8.820685148239135742e-01
5.663787722587585449e-01
-6.800431013107299805e-01
5.171492695808410645e-01
7.240056395530700684e-01
1.262716501951217651e-01
1.059009507298469543e-01
8.935781121253967285e-01
-3.100288473069667816e-02
9.080293029546737671e-02
-9.931656122207641602e-01
5.159711241722106934e-01
-7.168692350387573242e-01
7.337061315774917603e-02
-7.053672671318054199e-01
-3.692971765995025635e-01
6.798500418663024902e-01
-2.613042593002319336e-01
-7.443692684173583984e-01
-4.573163092136383057e-01
9.020024538040161133e-01
-4.681619405746459961e-01
4.890121519565582275e-01
-4.475247263908386230e-01
7.219399511814117432e-02
6.354753375053405762e-01
5.848543047904968262e-01
-8.232634663581848145e-01
8.347218483686447144e-02
8.275318145751953125e-01
8.634664416313171387e-01
5.061807632446289062e-01
-7.754755020141601562e-01
8.222221136093139648e-01
6.706790924072265625e-01
3.451672792434692383e-01
-8.768532276153564453e-01
1.368973255157470703e-01
1.169515997171401978e-01
8.931292593479156494e-02
6.900513172149658203e-01
5.506767034530639648e-01
-8.111132979393005371e-01
5.203354954719543457e-01
-9.857576489448547363e-01
-9.119070172309875488e-01
9.372763037681579590e-01
8.465678691864013672e-01
8.951817750930786133e-01
-7.093746066093444824e-01
-5.583641529083251953e-01
5.903667211532592773e-01
7.777973413467407227e-01
-9.572846889495849609e-01
6.963302940130233765e-02
6.288660764694213867e-01
-5.324903726577758789e-01
9.275916218757629395e-01
4.190616905689239502e-01
-6.711611151695251465e-01
5.194664597511291504e-01
-4.421037808060646057e-02
-2.770782709121704102e-01
1.183995679020881653e-01
-1.550983935594558716e-01
5.947607755661010742e-02
9.155762940645217896e-02
5.533568859100341797e-01
-4.253283143043518066e-01
6.046153306961059570e-01
-6.835682392120361328e-01
7.168349623680114746e-01
1.735130399465560913e-01
-6.601013541221618652e-01
-4.621516466140747070e-01
8.085534572601318359e-01
4.687251150608062744e-01
-4.442226886749267578e-01
-9.475271105766296387e-01
2.747772634029388428e-01
6.425881385803222656e-01
4.389126002788543701e-01
-8.946968615055084229e-02
8.443279266357421875e-01
-8.001793622970581055e-01
8.336983919143676758e-01
5.719891190528869629e-01
6.021736264228820801e-01
-6.042191982269287109e-01
-2.852985560894012451e-01
4.562186598777770996e-01
7.110193371772766113e-01
-1.067581996321678162e-01
-5.472434163093566895e-01
8.750447034835815430e-01
2.734826505184173584e-01
4.592674076557159424e-01
-4.610638618469238281e-01
-6.711679697036743164e-01
-7.164084911346435547e-01
-1.115377172827720642e-01
-5.739121437072753906e-01
-6.722585558891296387e-01
-9.951063394546508789e-01
8.383526206016540527e-01
-3.344956338405609131e-01
-7.976606488227844238e-01
-6.795130372047424316e-01
-8.005722165107727051e-01
4.660069346427917480e-01
-2.639251649379730225e-01
9.256510138511657715e-01
2.673384547233581543e-01
-4.345600008964538574e-01
-4.603021144866943359e-01
-3.027396798133850098e-01
-2.681649029254913330e-01
9.823411703109741211e-01
6.059273481369018555e-01
9.821860194206237793e-01
-3.818629086017608643e-01
-5.568866133689880371e-01
-4.480552673339843750e-01
6.433632373809814453e-01
5.569624304771423340e-01
8.670386672019958496e-01
-5.579120516777038574e-01
-2.823538184165954590e-01
7.998922467231750488e-01
1.179564520716667175e-01
7.367466688156127930e-01
3.694881498813629150e-01
-7.813413143157958984e-01
4.642423689365386963e-01
6.079001426696777344e-01
-4.502680897712707520e-01
-1.225759740918874741e-03
-7.993936538696289062e-01
4.361197054386138916e-01
1.101313009858131409e-01
8.732478022575378418e-01
8.953497409820556641e-01
5.165791511535644531e-01
9.383630156517028809e-01
-1.239975914359092712e-01
-1.404786705970764160e-01
9.183380007743835449e-01
-2.882690429687500000e-01
5.457047224044799805e-01
7.703921198844909668e-01
-8.831862807273864746e-01
1.111995503306388855e-01
7.876300215721130371e-01
-3.627478778362274170e-01
-4.711617529392242432e-01
-4.398956298828125000e-01
-4.407450258731842041e-01
8.003228306770324707e-01
-9.195730090141296387e-01
-6.355460286140441895e-01
4.464905261993408203e-01
-8.758669495582580566e-01
-4.869034290313720703e-01
-6.826024651527404785e-01
8.912253975868225098e-01
1.175939738750457764e-01
5.420994758605957031e-01
-1.968578696250915527e-01
-2.831279039382934570e-01
-8.043156266212463379e-01
-3.058477342128753662e-01
6.404658555984497070e-01
1.263901442289352417e-01
5.263473466038703918e-02
3.928627073764801025e-01
-6.606830954551696777e-01
7.515618801116943359e-01
5.207241773605346680e-01
-9.578698277473449707e-01
-9.644647836685180664e-01
1.502539962530136108e-01
-6.593747138977050781e-01
5.566812157630920410e-01
-4.769587814807891846e-01
-8.474013209342956543e-01
-6.295274496078491211e-01
8.260603547096252441e-01
-3.720733225345611572e-01
-8.942421674728393555e-01
6.584047675132751465e-01
-7.050873041152954102e-01
4.923203885555267334e-01
-9.448493123054504395e-01
-6.686318516731262207e-01
8.496054410934448242e-01
7.056479454040527344e-01
2.816562056541442871e-01
-7.358733415603637695e-01
-6.935173273086547852e-01
-7.746145129203796387e-01
4.603553712368011475e-01
2.974489331245422363e-01
6.384569406509399414e-01
-6.839119791984558105e-01
-6.759576797485351562e-01
6.290578842163085938e-01
-2.765193767845630646e-02
8.988262414932250977e-01
4.757603406906127930e-01
2.622359991073608398e-01
3.414565324783325195e-01
5.810541510581970215e-01
-4.489926397800445557e-01
-9.771199226379394531e-01
-6.517740488052368164e-01
-4.562712609767913818e-01
8.671614527702331543e-01
8.123092651367187500e-01
8.948988914489746094e-01
6.981099247932434082e-01
-3.853597342967987061e-01
9.572386741638183594e-01
-6.495971083641052246e-01
8.358036279678344727e-01
-5.276187062263488770e-01
6.085026860237121582e-01
-2.835007570683956146e-02
-4.330690503120422363e-01
-4.640338718891143799e-01
-9.349365830421447754e-01
-2.774111628532409668e-01
-4.663785398006439209e-01
-4.507169127464294434e-01
1.972450017929077148e-01
-9.174563884735107422e-01
-4.116372764110565186e-01
9.718089699745178223e-01
7.734666466712951660e-01
-7.842774391174316406e-01
-7.946155071258544922e-01
-9.102368354797363281e-01
-2.960183620452880859e-01
5.836776494979858398e-01
3.282396793365478516e-01
6.008095294237136841e-02
-8.806906938552856445e-01
1.556715220212936401e-01
3.368349373340606689e-02
-2.958637773990631104e-01
-8.202612400054931641e-01
3.247950077056884766e-01
8.359635472297668457e-01
6.830984950065612793e-01
-7.029404044151306152e-01
8.050167560577392578e-01
-7.643262743949890137e-01
8.776193857192993164e-01
8.710253238677978516e-01
-4.619636833667755127e-01
-9.583696126937866211e-01
-3.871155530214309692e-02
3.331771790981292725e-01
9.096144437789916992e-01
9.022255241870880127e-02
-8.242198228836059570e-01
8.315273523330688477e-01
9.170961380004882812e-01
-7.272943258285522461e-01
-8.900278806686401367e-01
5.650594830513000488e-01
8.241785168647766113e-01
8.765757083892822266e-01
3.305654525756835938e-01
-6.861654520034790039e-01
9.066934585571289062e-01
6.556551158428192139e-02
5.793548822402954102e-01
9.761096835136413574e-01
9.262348711490631104e-02
4.926975965499877930e-01
5.637781023979187012e-01
9.477073550224304199e-01
-6.337895393371582031e-01
1.097162812948226929e-01
5.212107896804809570e-01
-4.690774381160736084e-01
5.798476338386535645e-01
-7.318482398986816406e-01
-2.670246958732604980e-01
-7.888447046279907227e-01
-4.469406306743621826e-01
6.829702258110046387e-01
6.712599992752075195e-01
-5.206182003021240234e-01
-5.176727194339036942e-03
1.544263660907745361e-01
8.116617202758789062e-01
-9.692849516868591309e-01
9.080308675765991211e-01
6.268014311790466309e-01
-3.114224374294281006e-01
8.637261986732482910e-01
-9.545109272003173828e-01
-9.518460631370544434e-01
-8.676379323005676270e-01
-9.948606491088867188e-01
8.635892868041992188e-01
5.780137777328491211e-01
6.212166547775268555e-01
-4.388159215450286865e-01
9.785030484199523926e-01
9.890849590301513672e-01
5.900781154632568359e-01
7.701541781425476074e-01
-1.003171224147081375e-02
9.593309462070465088e-02
-4.449404180049896240e-01
9.779226183891296387e-01
6.413507461547851562e-01
7.958499193191528320e-01
8.192757964134216309e-01
9.024883061647415161e-02
-2.302279025316238403e-01
-6.583613753318786621e-01
9.178928732872009277e-01
2.968476116657257080e-01
1.997656971216201782e-01
5.832778811454772949e-01
1.028190553188323975e-01
-4.473063349723815918e-01
-7.216705679893493652e-01
6.053587794303894043e-01
5.401867032051086426e-01
-4.704435765743255615e-01
7.390363812446594238e-01
5.887591838836669922e-01
1.549961566925048828e-01
5.726253390312194824e-01
-4.315204620361328125e-01
-5.803577899932861328e-01
9.573976993560791016e-01
7.315852642059326172e-01
8.193929195404052734e-01
5.683155655860900879e-01
-4.321838915348052979e-01
-3.983371555805206299e-01
-9.541525840759277344e-01
8.688846230506896973e-01
8.026972413063049316e-02
5.701249241828918457e-01
4.716379046440124512e-01
6.304488778114318848e-01
-2.664104700088500977e-01
8.168538212776184082e-01
-2.719281911849975586e-01
-8.474752902984619141e-01
3.070421218872070312e-01
1.239594593644142151e-01
7.425838112831115723e-01
-2.315941154956817627e-01
-8.661756515502929688e-01
-9.464211463928222656e-01
-2.934838235378265381e-01
-8.100906014442443848e-01
7.263951897621154785e-01
-9.336157441139221191e-01
-3.070388734340667725e-01
-2.970602512359619141e-01
9.652980566024780273e-01
4.807563871145248413e-02
5.455001592636108398e-01
-9.460878968238830566e-01
-9.404467940330505371e-01
8.469566106796264648e-01
2.453188449144363403e-01
9.232174158096313477e-01
-5.038672685623168945e-01
5.795629024505615234e-01
-7.118238806724548340e-01
-2.675193250179290771e-01
8.478865027427673340e-03
-4.512543082237243652e-01
4.523848593235015869e-01
-3.795637786388397217e-01
-7.115340977907180786e-02
7.676496356725692749e-02
7.899901866912841797e-01
-9.409983158111572266e-01
4.304713010787963867e-01
-6.790119409561157227e-01
-6.386524438858032227e-01
5.303304195404052734e-01
5.744631290435791016e-01
-5.081113576889038086e-01
1.383436620235443115e-01
7.919816374778747559e-01
6.060201525688171387e-01
1.084700897336006165e-01
8.677989840507507324e-01
-2.880777716636657715e-01
4.627451002597808838e-01
1.665579825639724731e-01
4.388302564620971680e-01
-4.642649292945861816e-01
-8.939012885093688965e-01
-9.221369624137878418e-01
-1.806973516941070557e-01
6.337075829505920410e-01
-4.745548069477081299e-01
5.335711836814880371e-01
1.392616629600524902e-01
8.759688138961791992e-01
-9.782086014747619629e-01
8.895720243453979492e-01
-7.331290282309055328e-03
1.206418797373771667e-01
5.764914155006408691e-01
9.376719594001770020e-01
8.069737553596496582e-01
-4.656888246536254883e-01
-9.380900263786315918e-01
8.259795904159545898e-01
-1.488259583711624146e-01
-6.293929219245910645e-01
9.418491721153259277e-01
2.111225873231887817e-01
6.124674528837203979e-02
6.917780637741088867e-01
6.774029135704040527e-01
-7.755923271179199219e-01
8.110703825950622559e-01
9.776678085327148438e-01
2.445137053728103638e-01
8.198309540748596191e-01
-4.803693592548370361e-01
6.801923513412475586e-01
1.651232242584228516e-01
-9.415977001190185547e-01
-7.292039990425109863e-01
4.184496700763702393e-01
-4.702111482620239258e-01
7.873084545135498047e-01
-4.647579193115234375e-01
-8.664879798889160156e-01
-8.229004591703414917e-02
-2.899849712848663330e-01
-9.822373986244201660e-01
9.781061410903930664e-01
-2.814404368400573730e-01
-8.799498081207275391e-01
-9.965841174125671387e-01
-7.460021376609802246e-01
-4.391668736934661865e-01
-8.955312967300415039e-01
8.879647254943847656e-01
5.342652201652526855e-01
-6.728773117065429688e-01
-2.121400088071823120e-01
7.534397840499877930e-01
6.146539449691772461e-01
-3.496161997318267822e-01
4.481347203254699707e-01
-2.048349827527999878e-01
-1.707723885774612427e-01
-8.960745930671691895e-01
9.814439415931701660e-01
-9.492612481117248535e-01
5.879171490669250488e-01
9.723339974880218506e-02
-4.585599899291992188e-01
4.335756003856658936e-01
-6.998224854469299316e-01
5.400640368461608887e-01
-3.155346810817718506e-01
-2.865492701530456543e-01
1.332836151123046875e-01
-4.347344934940338135e-01
-4.632010757923126221e-01
-2.516476511955261230e-01
-6.670883893966674805e-01
5.538561344146728516e-01
-7.390270829200744629e-01
4.436846077442169189e-01
3.918927907943725586e-01
-7.071305513381958008e-01
-2.845032811164855957e-01
8.939765095710754395e-01
-8.897413015365600586e-01
6.149953007698059082e-01
-7.910488247871398926e-01
-4.757089912891387939e-01
4.678238928318023682e-01
5.115496516227722168e-01
-4.757196903228759766e-01
-3.354249522089958191e-02
-1.158283799886703491e-01
4.856566190719604492e-01
7.731190323829650879e-02
4.139119982719421387e-01
-6.784216761589050293e-01
4.944204092025756836e-01
-4.068256616592407227e-01
-4.012563228607177734e-01
1.362220793962478638e-01
-6.024053096771240234e-01
4.537188708782196045e-01
8.147063255310058594e-01
9.411089122295379639e-02
-9.892043471336364746e-01
-3.357173800468444824e-01
-6.630687713623046875e-01
8.006379604339599609e-01
-3.147940039634704590e-01
-9.099164605140686035e-01
4.953742921352386475e-01
-7.853523492813110352e-01
-6.179398298263549805e-01
4.551605284214019775e-01
5.009598731994628906e-01
-6.755649447441101074e-01
9.351459890604019165e-02
6.421391963958740234e-01
5.858941674232482910e-01
6.745018362998962402e-01
6.814660429954528809e-01
-5.855686068534851074e-01
2.256111949682235718e-01
8.569926619529724121e-01
-4.433003664016723633e-01
4.653419554233551025e-01
-4.398823082447052002e-01
5.587630867958068848e-01
4.900003969669342041e-02
3.404743373394012451e-01
-7.524586915969848633e-01
-3.223088383674621582e-01
7.895168066024780273e-01
-4.510666429996490479e-01
5.738457441329956055e-01
-9.268090128898620605e-01
-4.450262784957885742e-01
4.633209109306335449e-01
7.637636661529541016e-01
6.738169789314270020e-01
-2.913731634616851807e-01
7.780975699424743652e-01
8.905693292617797852e-01
-9.679086208343505859e-01
1.597114354372024536e-01
6.427995562553405762e-01
-4.087069630622863770e-01
4.880532324314117432e-01
-4.833134412765502930e-01
-4.709411263465881348e-01
1.086606085300445557e-01
7.761204242706298828e-01
6.470476388931274414e-01
-7.988092899322509766e-01
5.030546188354492188e-01
5.832569003105163574e-01
-3.264454007148742676e-01
6.381878256797790527e-01
-7.891583442687988281e-01
5.998440384864807129e-01
8.508815169334411621e-01
8.726993203163146973e-01
-5.640495419502258301e-01
-9.152345359325408936e-02
-1.099481880664825439e-01
7.180778384208679199e-01
4.319381117820739746e-01
6.176451444625854492e-01
-9.537299275398254395e-01
2.024087011814117432e-01
7.457782626152038574e-01
-3.195828795433044434e-01
-6.592442393302917480e-01
-4.476361870765686035e-01
2.191469520330429077e-01
-5.638523101806640625e-01
4.888153970241546631e-01
-6.897510886192321777e-01
-2.906212210655212402e-02
-6.800332069396972656e-01
1.737179607152938843e-01
3.601156175136566162e-01
-2.623629868030548096e-01
2.448936104774475098e-01
-6.398261785507202148e-01
-9.741131663322448730e-01
6.236408352851867676e-01
6.725451350212097168e-01
-5.485364198684692383e-01
-3.370054662227630615e-01
6.783865094184875488e-01
-2.813172638416290283e-01
4.448836743831634521e-01
-6.523096561431884766e-01
-6.059879660606384277e-01
5.465467572212219238e-01
9.303137063980102539e-01
-8.112876117229461670e-02
7.629128098487854004e-01
-8.997998237609863281e-01
5.897926688194274902e-01
3.868713676929473877e-01
-7.753617167472839355e-01
6.587520241737365723e-01
6.527231335639953613e-01
-5.415437221527099609e-01
-3.369287848472595215e-01
-3.392545282840728760e-01
8.208406567573547363e-01
7.808946967124938965e-01
9.891622066497802734e-01
-3.910918533802032471e-01
-9.350826144218444824e-01
9.899501800537109375e-01
-8.148754239082336426e-01
4.961670041084289551e-01
-7.139131426811218262e-01
6.237139701843261719e-01
-3.656620085239410400e-01
-3.220471143722534180e-01
7.689604163169860840e-01
3.435302674770355225e-01
7.778333425521850586e-01
-1.535380445420742035e-02
-9.623348712921142578e-02
-7.061891555786132812e-01
-2.617671191692352295e-01
5.334591865539550781e-01
4.660494327545166016e-01
-8.152326345443725586e-01
-5.402431488037109375e-01
7.132120132446289062e-01
-5.404820442199707031e-01
5.490716099739074707e-01
7.014430165290832520e-01
-8.887944817543029785e-01
2.625087797641754150e-01
8.368583917617797852e-01
1.053987815976142883e-01
2.149424701929092407e-01
-3.908627033233642578e-01
8.712529540061950684e-01
8.941615223884582520e-01
9.920586347579956055e-01
9.187284111976623535e-01
9.663788229227066040e-02
9.224964976310729980e-01
-4.563538134098052979e-01
9.356747567653656006e-02
2.716895639896392822e-01
-9.125137925148010254e-01
5.722145438194274902e-01
5.831363201141357422e-01
-9.662572145462036133e-01
6.511244773864746094e-01
-6.578856706619262695e-01
-4.190631508827209473e-01
-9.392260015010833740e-02
-4.740152955055236816e-01
6.768084764480590820e-01
5.684551000595092773e-01
3.988370001316070557e-01
-5.406002402305603027e-01
2.268510460853576660e-01
-6.747153401374816895e-01
-4.168262705206871033e-02
3.662500083446502686e-01
5.098106861114501953e-01
-5.788459777832031250e-01
-7.505889534950256348e-01
9.257689714431762695e-01
9.503381848335266113e-01
-8.544371128082275391e-01
8.736031651496887207e-01
-9.286317825317382812e-01
-6.748952865600585938e-01
1.111414935439825058e-02
-7.047688364982604980e-01
-8.989034295082092285e-01
6.608850955963134766e-01
-8.474662154912948608e-02
-2.218176126480102539e-01
-2.137973457574844360e-01
5.822241306304931641e-01
9.321603178977966309e-01
8.617343306541442871e-01
3.867128491401672363e-01
-6.753550767898559570e-01
2.879271470010280609e-02
-6.196694374084472656e-01
8.107115030288696289e-01
-6.405731439590454102e-01
-8.040200471878051758e-01
-9.951756000518798828e-01
-9.828352928161621094e-01
1.782906800508499146e-01
3.107905089855194092e-01
2.316508591175079346e-01
9.331870079040527344e-01
5.098657608032226562e-01
-5.255293250083923340e-01
-1.727924793958663940e-01
7.254824042320251465e-01
6.436186432838439941e-01
4.673920273780822754e-01
-3.354229498654603958e-03
-5.546039938926696777e-01
-4.811288714408874512e-01
-6.336197257041931152e-01
7.313980460166931152e-01
8.624146580696105957e-01
-7.511412501335144043e-01
2.805272936820983887e-01
-4.448139965534210205e-01
9.486819505691528320e-01
4.971453249454498291e-01
6.818482875823974609e-01
5.283508896827697754e-01
4.743232131004333496e-01
-7.715368866920471191e-01
2.004152983427047729e-01
-9.287025332450866699e-01
-7.061161398887634277e-01
-4.050500988960266113e-01
-2.721336781978607178e-01
-5.074727535247802734e-01
7.277324199676513672e-01
8.404430150985717773e-01
7.716519832611083984e-01
