-6.926444172859191895e-01 -8.223132491111755371e-01
2.189597338438034058e-01 -2.042992785573005676e-02
-8.384434878826141357e-02 -5.646733045578002930e-01
9.898793101310729980e-01 -4.891864657402038574e-01
5.645121932029724121e-01 -7.575485706329345703e-01
-5.726314187049865723e-01 3.391040861606597900e-02
-5.091372728347778320e-01 9.577546715736389160e-01
-3.339156508445739746e-01 2.171658575534820557e-01
-1.895921528339385986e-01 -2.434224337339401245e-01
1.570728570222854614e-01 6.936537027359008789e-01
-7.916902899742126465e-01 -9.750381708145141602e-01
9.944579005241394043e-01 -5.421580672264099121e-01
3.324258625507354736e-01 2.443271316587924957e-02
1.164002250880002975e-02 -2.671186029911041260e-01
-5.831449031829833984e-01 -7.736016511917114258e-01
-9.037092328071594238e-01 -8.588069677352905273e-02
-3.125426471233367920e-01 6.432274580001831055e-01
1.289927661418914795e-01 3.872836530208587646e-01
-2.185785472393035889e-01 -2.142421156167984009e-01
-9.034298062324523926e-01 4.670925438404083252e-01
-9.060251712799072266e-01 1.073745861649513245e-01
-7.473635077476501465e-01 -8.225741982460021973e-01
-9.123677015304565430e-01 -6.493382453918457031e-01
-7.408610582351684570e-01 3.609777987003326416e-01
-5.267582535743713379e-01 3.512844741344451904e-01
-8.961413502693176270e-01 -6.507270336151123047e-01
2.349754609167575836e-02 5.157704353332519531e-01
9.467943757772445679e-02 2.165406644344329834e-01
-6.670217514038085938e-01 -8.540979623794555664e-01
2.797046005725860596e-01 -4.769966751337051392e-02
2.993791401386260986e-01 2.920062467455863953e-02
-4.516703486442565918e-01 -7.944759130477905273e-01
8.342712521553039551e-01 -6.439459323883056641e-01
3.048481345176696777e-01 4.957538843154907227e-01
2.471717298030853271e-01 7.107289433479309082e-01
-7.432043552398681641e-01 -8.071560412645339966e-02
-3.758754432201385498e-01 6.429453492164611816e-01
-4.816060960292816162e-01 -6.879366189241409302e-02
-3.018817603588104248e-01 4.940602481365203857e-01
-2.332676202058792114e-01 -7.680093646049499512e-01
-7.797166109085083008e-01 -4.350455105304718018e-01
-5.912459492683410645e-01 -5.474417209625244141e-01
-8.090523481369018555e-01 6.886259317398071289e-01
-8.775101304054260254e-01 -4.862355887889862061e-01
9.893290996551513672e-01 4.107227623462677002e-01
7.889366745948791504e-01 -3.027925193309783936e-01
7.935088276863098145e-01 9.323318004608154297e-01
6.355481594800949097e-02 4.583439528942108154e-01
9.970364570617675781e-01 3.669300079345703125e-01
1.870319694280624390e-01 4.284848570823669434e-01
3.638020157814025879e-02 8.823850154876708984e-01
-3.805229961872100830e-01 2.729093432426452637e-01
4.971531033515930176e-01 6.735237836837768555e-01
-2.471807897090911865e-01 -7.860879302024841309e-01
-2.783282846212387085e-02 -9.520022869110107422e-01
-5.860586762428283691e-01 8.613520860671997070e-01
2.553405463695526123e-01 1.188192069530487061e-01
1.673759520053863525e-01 8.913387656211853027e-01
-1.596580445766448975e-01 4.902813136577606201e-01
-2.924327850341796875e-01 -2.558611929416656494e-01
-2.341700792312622070e-01 -2.027767896652221680e-01
-1.245406642556190491e-01 -8.587837219238281250e-01
-7.031626105308532715e-01 3.784394860267639160e-01
-5.618523955345153809e-01 -1.181101724505424500e-01
3.150917887687683105e-01 7.038294672966003418e-01
8.668380379676818848e-01 -5.134823918342590332e-01
8.842936903238296509e-02 9.460524655878543854e-03
-3.969614207744598389e-01 6.602905988693237305e-01
-3.968171179294586182e-01 -8.547088503837585449e-01
-4.812996685504913330e-01 9.384168982505798340e-01
1.663935035467147827e-01 4.620361626148223877e-01
3.792248070240020752e-01 -7.687993347644805908e-02
-1.715306490659713745e-01 3.637774586677551270e-01
-2.676022350788116455e-01 -1.198911443352699280e-01
-8.437646180391311646e-02 8.465176820755004883e-02
-8.462520241737365723e-01 2.544167339801788330e-01
-6.706734746694564819e-02 4.329565763473510742e-01
-4.261713027954101562e-01 -8.764633536338806152e-01
2.230517119169235229e-01 -4.400443658232688904e-02
-8.553690314292907715e-01 -6.277377009391784668e-01
-2.969375578686594963e-03 6.276404857635498047e-02
-1.563490033149719238e-01 8.222133852541446686e-03
-5.063105821609497070e-01 -1.044723466038703918e-01
-5.383653640747070312e-01 -6.592823863029479980e-01
8.022834062576293945e-01 -2.466995865106582642e-01
5.212305188179016113e-01 -6.984224319458007812e-01
-4.844113588333129883e-01 -6.922076642513275146e-02
8.873666524887084961e-01 -7.198889255523681641e-01
-6.668521761894226074e-01 -6.672998070716857910e-01
1.722992658615112305e-01 -2.421730197966098785e-02
-3.206258714199066162e-01 2.039696276187896729e-01
-3.990065157413482666e-01 6.518523693084716797e-01
5.062379240989685059e-01 7.176868915557861328e-01
3.437283337116241455e-01 7.871726155281066895e-01
-9.506159424781799316e-01 3.376151025295257568e-01
-7.404906153678894043e-01 1.751406788825988770e-01
-6.910157799720764160e-01 -7.584304213523864746e-01
-5.017787814140319824e-01 -9.705517292022705078e-01
-4.619465172290802002e-01 -9.607920646667480469e-01
-6.557356715202331543e-01 -7.124126553535461426e-01
-8.412914872169494629e-01 1.225615069270133972e-01
1.915510892868041992e-01 2.849116325378417969e-01
-9.244573712348937988e-01 -6.462809443473815918e-01
1.878428608179092407e-01 3.873515129089355469e-01
-4.336885511875152588e-01 5.228316187858581543e-01
5.967786908149719238e-01 1.349478363990783691e-01
6.032064557075500488e-01 9.979633986949920654e-02
-2.301045805215835571e-01 -1.523033082485198975e-01
-1.594712138175964355e-01 2.234021574258804321e-02
9.921468496322631836e-01 3.906008303165435791e-01
-6.353080868721008301e-01 -8.709842562675476074e-01
9.979570508003234863e-01 -3.302634954452514648e-01
-1.960062235593795776e-02 -9.816943407058715820e-01
-4.826937615871429443e-01 -5.173648595809936523e-01
-2.846099436283111572e-01 3.472557067871093750e-01
-1.417481750249862671e-01 5.081914663314819336e-01
1.569041050970554352e-02 -1.255187690258026123e-01
-9.953432679176330566e-01 -3.061298094689846039e-02
2.357498928904533386e-02 2.215787619352340698e-01
-4.684354662895202637e-01 -5.838398635387420654e-02
-8.798858523368835449e-01 -7.415911555290222168e-01
-1.684085726737976074e-01 -1.796627640724182129e-01
4.136941581964492798e-02 6.626158952713012695e-01
4.863139986991882324e-01 7.688094377517700195e-01
-1.773636229336261749e-02 2.802518308162689209e-01
2.229171842336654663e-01 8.940703272819519043e-01
-1.651230901479721069e-01 6.274772435426712036e-02
9.706290960311889648e-01 3.964938521385192871e-01
-5.057812929153442383e-01 -1.297357678413391113e-01
-4.001449048519134521e-01 5.529364347457885742e-01
-5.574115514755249023e-01 -8.717078715562820435e-02
8.307139575481414795e-02 -7.434833645820617676e-01
-5.416390895843505859e-01 -7.435023039579391479e-02
-1.672551035881042480e-01 4.601297080516815186e-01
-2.323707938194274902e-02 -8.631904721260070801e-01
7.827218621969223022e-02 2.234584689140319824e-01
5.034906417131423950e-02 4.853790700435638428e-01
-2.263057231903076172e-01 -1.981691718101501465e-01
-8.563854694366455078e-01 4.632017314434051514e-01
-7.193885445594787598e-01 4.204721748828887939e-01
1.368957310914993286e-01 4.865022897720336914e-01
9.464557766914367676e-01 -5.834240317344665527e-01
7.561924457550048828e-01 -2.375718355178833008e-01
6.300067901611328125e-01 -8.843034505844116211e-01
7.440239191055297852e-02 7.070564627647399902e-01
-8.068048954010009766e-01 -3.174445927143096924e-01
-7.323148250579833984e-01 -6.843643188476562500e-01
5.759563297033309937e-02 9.182374179363250732e-02
-1.683521568775177002e-01 2.275014668703079224e-02
-2.216311097145080566e-01 -1.983509808778762817e-01
6.775496900081634521e-02 5.276274085044860840e-01
3.789243102073669434e-01 -1.124783884733915329e-02
-2.916244864463806152e-01 -1.471273750066757202e-01
-2.829780876636505127e-01 4.006160199642181396e-01
-8.082258701324462891e-01 4.667142331600189209e-01
-3.390335142612457275e-01 2.149883955717086792e-01
1.080990955233573914e-01 -6.988577246665954590e-01
-9.808298349380493164e-01 2.880266606807708740e-01
6.274881362915039062e-01 -7.397676110267639160e-01
-6.385210156440734863e-02 -9.766031503677368164e-01
-7.460792660713195801e-01 -9.261305928230285645e-01
-8.252741098403930664e-01 -7.418454289436340332e-01
-1.846455223858356476e-02 -1.957439780235290527e-01
4.754253625869750977e-01 6.961635947227478027e-01
2.184860259294509888e-01 8.380284905433654785e-01
-2.635314464569091797e-01 6.160100698471069336e-01
-8.308326601982116699e-01 -6.588620543479919434e-01
2.953409217298030853e-02 5.226773768663406372e-02
4.599536359310150146e-01 -6.378937959671020508e-01
-5.835826992988586426e-01 -3.100610896944999695e-02
-3.217259943485260010e-01 4.598376452922821045e-01
-2.816433906555175781e-01 1.129935234785079956e-01
-7.666412591934204102e-01 -6.201655268669128418e-01
7.196368575096130371e-01 -7.582067847251892090e-01
-1.122605055570602417e-01 1.310410629957914352e-02
-5.541952848434448242e-01 -4.551499709486961365e-02
-7.556869387626647949e-01 -4.327043294906616211e-01
1.946876198053359985e-01 -7.136904001235961914e-01
2.935137748718261719e-01 8.146958798170089722e-02
3.032016940414905548e-02 5.699888467788696289e-01
2.310845851898193359e-01 -7.790617346763610840e-01
-8.726044893264770508e-01 -6.371337771415710449e-01
3.222536742687225342e-01 -4.052384793758392334e-01
-8.460302948951721191e-01 -6.123072504997253418e-01
5.672949552536010742e-02 8.986707925796508789e-01
-5.349578708410263062e-02 7.028303742408752441e-01
1.694867312908172607e-01 -7.071369290351867676e-01
4.797028601169586182e-01 -6.793029308319091797e-01
4.382401406764984131e-01 7.263497114181518555e-01
-1.487645972520112991e-02 3.047841489315032959e-01
-8.908555507659912109e-01 8.052955865859985352e-01
-6.043083220720291138e-02 -7.826823592185974121e-01
-3.419454097747802734e-01 6.193853616714477539e-01
-2.075625211000442505e-01 5.959984064102172852e-01
-7.395609281957149506e-03 3.243541419506072998e-01
6.407192945480346680e-01 -2.617659270763397217e-01
-1.353424340486526489e-01 1.406310126185417175e-02
1.457892954349517822e-01 3.711616098880767822e-01
-4.546795487403869629e-01 -6.271596252918243408e-02
-1.268485654145479202e-02 -1.524709463119506836e-01
1.754113733768463135e-01 7.454302310943603516e-01
-9.083265066146850586e-01 2.775664925575256348e-01
4.759819060564041138e-02 -2.685187458992004395e-01
-8.809103071689605713e-02 -5.496213436126708984e-01
-3.060258626937866211e-01 3.989305794239044189e-01
8.160638213157653809e-01 -6.510134935379028320e-01
-8.261210322380065918e-01 6.000420823693275452e-02
8.022260069847106934e-01 -2.954016923904418945e-01
-4.969505965709686279e-01 -9.484937787055969238e-01
6.548963189125061035e-01 2.951157987117767334e-01
-2.205735892057418823e-01 -2.194592952728271484e-01
4.004724919795989990e-01 -6.250244379043579102e-01
-8.646548390388488770e-01 -4.516631960868835449e-01
9.412161111831665039e-01 3.894921243190765381e-01
-6.229769587516784668e-01 -2.998859286308288574e-01
-8.414866924285888672e-01 2.708028554916381836e-01
-7.901540994644165039e-01 -6.408298611640930176e-01
-8.335334658622741699e-01 1.562356799840927124e-01
4.115589559078216553e-01 1.832570880651473999e-01
-9.686626493930816650e-02 4.211760461330413818e-01
5.391459465026855469e-01 -7.727992534637451172e-01
2.265704572200775146e-01 -1.654701381921768188e-01
5.877968072891235352e-01 7.755983471870422363e-01
2.642591893672943115e-01 6.361871361732482910e-01
-8.449600338935852051e-01 2.076264470815658569e-01
-5.670833587646484375e-01 -1.362914443016052246e-01
2.714935541152954102e-01 6.048694849014282227e-01
4.695821925997734070e-02 3.551369607448577881e-01
-7.332989573478698730e-01 7.424652576446533203e-01
6.432285308837890625e-01 -6.860275268554687500e-01
-9.426731616258621216e-03 -1.819266527891159058e-01
-2.686395049095153809e-01 -7.305917888879776001e-02
-2.679524123668670654e-01 6.055436134338378906e-01
5.632346868515014648e-01 4.435715675354003906e-01
-1.180529012344777584e-03 7.582791149616241455e-02
5.901454091072082520e-01 -3.822471499443054199e-01
-9.845147132873535156e-01 2.787089347839355469e-01
-5.029463395476341248e-02 -3.957245349884033203e-01
8.000163435935974121e-01 -7.606824636459350586e-01
-1.867659837007522583e-01 6.454597115516662598e-01
3.903496563434600830e-01 7.061737775802612305e-01
2.779743969440460205e-01 7.207760810852050781e-01
9.911214113235473633e-01 7.246990799903869629e-01
8.728449940681457520e-01 8.762295544147491455e-02
-2.679957747459411621e-01 4.506236016750335693e-01
2.307301759719848633e-01 5.048261880874633789e-01
6.779056787490844727e-02 -6.621626019477844238e-01
-6.298629045486450195e-01 6.161955371499061584e-02
2.632375061511993408e-01 8.432089537382125854e-02
3.638302981853485107e-01 -1.159974783658981323e-01
-3.690621852874755859e-01 6.263359189033508301e-01
-6.494085788726806641e-01 4.910600483417510986e-01
2.540983855724334717e-01 1.942341565154492855e-03
-1.288704723119735718e-01 -3.297086106613278389e-03
-9.236636757850646973e-01 -2.066709846258163452e-01
-5.051246285438537598e-01 -7.289074361324310303e-02
-2.489849030971527100e-01 -2.755153179168701172e-02
1.656123399734497070e-01 1.614816933870315552e-01
-7.417792677879333496e-01 4.851558804512023926e-02
-5.776947736740112305e-01 1.173098981380462646e-01
-2.758678197860717773e-01 3.301991522312164307e-01
-7.766577601432800293e-01 -6.639972329139709473e-01
-1.877228021621704102e-01 3.088394403457641602e-01
7.117162942886352539e-01 -2.850753962993621826e-01
6.902171373367309570e-01 5.314080715179443359e-01
-1.782929599285125732e-01 -1.292285919189453125e-01
2.492684572935104370e-01 2.553414553403854370e-02
-5.040795803070068359e-01 -3.402179777622222900e-01
8.274985104799270630e-02 4.821592867374420166e-01
-6.907759904861450195e-01 4.178697168827056885e-01
-5.340387821197509766e-01 -4.776836633682250977e-01
1.977268606424331665e-01 -7.784857153892517090e-01
-6.513577699661254883e-01 1.508826166391372681e-01
1.549954246729612350e-02 3.199948966503143311e-01
-4.175636768341064453e-01 5.125148296356201172e-01
-9.348886609077453613e-01 -1.466243267059326172e-01
8.450458049774169922e-01 5.540761351585388184e-01
5.134662389755249023e-01 -7.981032133102416992e-01
-5.891489982604980469e-02 6.749619245529174805e-01
-9.337775409221649170e-02 4.290874302387237549e-01
6.989815831184387207e-02 1.974798440933227539e-01
2.829652428627014160e-01 3.260752558708190918e-02
-4.392469823360443115e-01 -7.524821162223815918e-01
-7.706983685493469238e-01 4.542573988437652588e-01
7.085019946098327637e-01 4.133620858192443848e-01
-4.706045687198638916e-01 -4.790595173835754395e-01
3.623124361038208008e-01 -1.658355444669723511e-02
1.759703159332275391e-01 6.976050734519958496e-01
5.512674450874328613e-01 -9.561673998832702637e-01
-8.468909263610839844e-01 4.981887638568878174e-01
-4.037320315837860107e-01 -2.684342265129089355e-01
3.164894282817840576e-01 -2.773418724536895752e-01
1.916552484035491943e-01 -8.866389840841293335e-02
-4.161649644374847412e-01 -4.810299277305603027e-01
8.367751836776733398e-01 1.409171074628829956e-01
9.956152439117431641e-01 -3.263101279735565186e-01
5.385217070579528809e-01 -7.364377975463867188e-01
-1.028270050883293152e-01 6.903426647186279297e-01
-4.442332386970520020e-01 -9.198824763298034668e-01
-6.482476592063903809e-01 -6.886183023452758789e-01
7.210667133331298828e-01 -2.546305060386657715e-01
5.035988688468933105e-01 -7.902589440345764160e-01
-6.924490332603454590e-01 4.002242386341094971e-01
2.501956000924110413e-02 -6.517653465270996094e-01
1.797690093517303467e-01 7.523972392082214355e-01
-6.026773899793624878e-02 -9.501408934593200684e-01
-8.892529606819152832e-01 -7.077127099037170410e-01
-8.781154155731201172e-01 -5.243511199951171875e-01
-6.394246220588684082e-01 -7.713207602500915527e-01
-3.994131088256835938e-01 -6.905514597892761230e-01
-4.218865036964416504e-01 6.141454577445983887e-01
-8.268783986568450928e-02 4.020025208592414856e-02
3.476797342300415039e-01 8.036476373672485352e-01
-7.547619342803955078e-01 -9.581495523452758789e-01
3.229110538959503174e-01 3.287344053387641907e-02
-7.962350845336914062e-01 -4.850453734397888184e-01
3.397850692272186279e-01 1.479079425334930420e-01
-1.465881168842315674e-01 3.124312125146389008e-02
1.538608074188232422e-01 7.813678979873657227e-01
8.010294437408447266e-01 1.016245484352111816e-01
-4.945669788867235184e-03 -6.870073676109313965e-01
-1.996413171291351318e-01 -9.262520819902420044e-03
-2.352422773838043213e-01 1.904127653688192368e-03
3.197421431541442871e-01 4.977776408195495605e-01
-6.905460357666015625e-01 6.905322670936584473e-01
5.089482069015502930e-01 -6.864411830902099609e-01
-3.383095860481262207e-01 4.659137427806854248e-01
-2.301766127347946167e-01 4.072911441326141357e-01
-6.585898399353027344e-01 -4.030596017837524414e-01
-9.317571520805358887e-01 -2.172585809603333473e-03
8.994019627571105957e-01 -5.524494051933288574e-01
-3.131118416786193848e-01 5.502343177795410156e-01
1.817421615123748779e-01 2.573476172983646393e-02
8.947697877883911133e-01 2.256624251604080200e-01
2.937284111976623535e-01 6.940852403640747070e-01
-1.314787864685058594e-01 6.075069308280944824e-03
2.889235913753509521e-01 7.614004611968994141e-01
2.586974501609802246e-01 1.413220912218093872e-01
1.745414435863494873e-01 1.123357564210891724e-01
9.873964190483093262e-01 3.873534500598907471e-01
-5.672025680541992188e-01 -6.021445393562316895e-01
-1.283629834651947021e-01 2.154883928596973419e-02
6.348428875207901001e-02 3.938007056713104248e-01
6.381107568740844727e-01 -8.495945930480957031e-01
-5.311852097511291504e-01 -5.663922056555747986e-02
9.295043349266052246e-02 3.648195564746856689e-01
-4.572281241416931152e-01 -9.610318541526794434e-01
-8.125528693199157715e-01 -4.120338559150695801e-01
-5.517445206642150879e-01 -1.540051251649856567e-01
-4.880739152431488037e-01 -1.335605084896087646e-01
3.098685443401336670e-01 5.760552287101745605e-01
2.147317379713058472e-01 -7.668413519859313965e-01
3.302431404590606689e-01 -1.055179014801979065e-01
-9.644208550453186035e-01 6.351161003112792969e-01
-3.961649537086486816e-01 -8.558092713356018066e-01
-8.018447756767272949e-01 -4.539435803890228271e-01
2.563076615333557129e-01 -1.158009842038154602e-01
2.045999765396118164e-01 8.102298974990844727e-01
-3.987477719783782959e-01 5.582785010337829590e-01
-2.751658856868743896e-01 3.867616951465606689e-01
2.348652780055999756e-01 9.458716958761215210e-02
-1.827482879161834717e-01 -2.084781527519226074e-01
7.462585568428039551e-01 -5.192820429801940918e-01
-4.769045710563659668e-01 -8.153405785560607910e-01
-9.248501807451248169e-02 7.049208134412765503e-02
-2.598241269588470459e-01 -1.090050265192985535e-01
-8.336710333824157715e-01 1.762499660253524780e-01
-7.621524930000305176e-01 6.956865191459655762e-01
9.340376853942871094e-01 -3.396705687046051025e-01
1.892121881246566772e-01 4.897248446941375732e-01
7.732090353965759277e-02 -3.800750896334648132e-02
-2.460459806025028229e-02 -8.485058546066284180e-01
9.304170012474060059e-01 -6.206833720207214355e-01
-1.813875436782836914e-01 -8.369407802820205688e-02
9.946181774139404297e-01 -3.209807574748992920e-01
4.145432636141777039e-02 5.468725785613059998e-02
-4.908458888530731201e-01 -3.180554211139678955e-01
8.677601814270019531e-01 -7.819510102272033691e-01
2.601487040519714355e-01 -1.701669394969940186e-01
-3.558548167347908020e-02 6.689479351043701172e-01
-5.149927735328674316e-01 -9.667061567306518555e-01
-2.376309931278228760e-01 -7.463997006416320801e-01
3.468377590179443359e-01 1.392333209514617920e-01
8.539968132972717285e-01 -3.097120523452758789e-01
-2.813256680965423584e-01 5.937355160713195801e-01
7.112957835197448730e-01 -8.524740934371948242e-01
9.825208783149719238e-01 -3.940931260585784912e-01
8.172464966773986816e-01 4.774168133735656738e-01
1.911772936582565308e-01 2.691667377948760986e-01
4.309087693691253662e-01 -9.488876461982727051e-01
9.100444912910461426e-01 -3.764857053756713867e-01
-7.695068717002868652e-01 -3.710301220417022705e-01
9.414573311805725098e-01 -5.382782220840454102e-01
-8.376300334930419922e-01 4.568521678447723389e-01
1.214742078445851803e-03 -1.596509367227554321e-01
-1.054047867655754089e-01 4.060248434543609619e-01
9.840406775474548340e-01 -3.264866173267364502e-01
9.924575090408325195e-01 -3.106894791126251221e-01
-1.127181872725486755e-01 9.741538763046264648e-02
-7.553039789199829102e-01 2.108848541975021362e-01
9.210851192474365234e-01 5.908309221267700195e-01
-7.534278035163879395e-01 1.769500374794006348e-01
6.456359028816223145e-01 -9.877197742462158203e-01
-4.633645415306091309e-01 5.409858822822570801e-01
-1.702545443549752235e-03 2.019455134868621826e-01
-7.214016914367675781e-01 -4.442977011203765869e-01
-3.670262992382049561e-01 -7.828739285469055176e-01
2.856726944446563721e-01 -8.073165267705917358e-02
-9.093526601791381836e-01 -1.662519127130508423e-01
2.647773921489715576e-01 6.591214537620544434e-01
2.767199575901031494e-01 5.581660270690917969e-01
3.828116059303283691e-01 7.486610412597656250e-01
1.683945506811141968e-01 4.125954806804656982e-01
-7.181150317192077637e-01 -9.483771324157714844e-01
-3.619350194931030273e-01 6.500734090805053711e-01
7.008903026580810547e-01 -2.495332658290863037e-01
2.936933338642120361e-01 6.028472185134887695e-01
3.574878573417663574e-01 -1.230686623603105545e-02
-2.762923538684844971e-01 4.703573584556579590e-01
-7.536904215812683105e-01 2.199064791202545166e-01
-8.429239988327026367e-01 -6.420623064041137695e-01
-9.263699054718017578e-01 -5.676557421684265137e-01
-3.887528926134109497e-02 -9.357382655143737793e-01
-5.799755454063415527e-01 -6.082252860069274902e-01
-9.602008461952209473e-01 -1.662457436323165894e-01
-7.779507040977478027e-01 -3.861088454723358154e-01
2.559217512607574463e-01 -8.108995556831359863e-01
8.482591509819030762e-01 -8.303754925727844238e-01
-8.534883856773376465e-01 -7.097824811935424805e-01
-5.071911215782165527e-01 8.963433504104614258e-01
3.831774741411209106e-02 6.840265393257141113e-01
-5.502545237541198730e-01 -1.735185682773590088e-01
5.260323882102966309e-01 -6.891323328018188477e-01
6.186634898185729980e-01 -8.667809367179870605e-01
-6.822700500488281250e-01 -6.850804090499877930e-01
-2.404417097568511963e-02 3.309376239776611328e-01
-7.705084681510925293e-01 9.599372744560241699e-01
-9.455798864364624023e-01 2.146746404469013214e-02
7.585762739181518555e-01 -7.606518864631652832e-01
-5.090078115463256836e-01 -8.391818404197692871e-02
-9.783291220664978027e-01 8.977192640304565430e-01
-4.908735454082489014e-01 -7.456917762756347656e-01
-1.328063011169433594e-01 -8.002273440361022949e-01
-7.343066930770874023e-01 9.111626744270324707e-01
8.594220876693725586e-01 2.350285649299621582e-01
4.254632070660591125e-02 4.468748569488525391e-01
-8.773026466369628906e-01 -4.431261420249938965e-01
8.370111882686614990e-02 7.627872228622436523e-01
-5.246407389640808105e-01 -1.922971159219741821e-01
-2.858795821666717529e-01 5.977163314819335938e-01
-1.882099360227584839e-01 6.001865863800048828e-01
-4.260153770446777344e-01 -2.532753348350524902e-01
8.252488374710083008e-01 -6.871740221977233887e-01
-8.044310808181762695e-01 3.056221008300781250e-01
-6.933786273002624512e-01 5.269466042518615723e-01
9.199669361114501953e-01 4.647014141082763672e-01
-8.808705806732177734e-01 1.094980724155902863e-02
8.065443634986877441e-01 -5.352118015289306641e-01
3.284648060798645020e-01 6.267774105072021484e-01
1.981372237205505371e-01 7.154402136802673340e-01
5.124534294009208679e-02 -2.800650298595428467e-01
7.255564332008361816e-01 -7.889817953109741211e-01
-3.644841909408569336e-02 1.146663054823875427e-01
9.168239682912826538e-02 1.612044572830200195e-01
2.395274192094802856e-01 6.349818706512451172e-01
-4.424836039543151855e-01 5.721860527992248535e-01
2.000891566276550293e-01 -2.776732146739959717e-01
1.740674227476119995e-01 7.023894190788269043e-01
-9.729373455047607422e-01 8.770374655723571777e-01
-9.552835673093795776e-02 3.959010243415832520e-01
-2.552790939807891846e-01 6.462044715881347656e-01
-1.350458115339279175e-01 3.405833384022116661e-03
-5.157768130302429199e-01 2.940641939640045166e-01
-1.322056204080581665e-01 3.148879483342170715e-02
-4.737597703933715820e-01 7.528011798858642578e-01
3.061161339282989502e-01 -6.201150361448526382e-03
-2.730372250080108643e-01 -6.476230174303054810e-02
-2.860811054706573486e-01 3.803039193153381348e-01
-9.215627908706665039e-01 -1.788890212774276733e-01
-1.440096795558929443e-01 4.053302109241485596e-03
8.010886907577514648e-01 -6.349344253540039062e-01
-2.961396574974060059e-01 -1.186708882451057434e-01
-5.178697705268859863e-01 -1.385437697172164917e-01
-5.869227051734924316e-01 -3.579989075660705566e-01
-5.347006767988204956e-02 5.393101572990417480e-01
1.702543944120407104e-01 3.688095510005950928e-01
4.182340204715728760e-01 -1.412393748760223389e-01
-7.700417637825012207e-01 -2.099458128213882446e-02
-5.250838994979858398e-01 8.917904645204544067e-02
2.742785513401031494e-01 5.431534647941589355e-01
-4.275186955928802490e-01 -8.422856330871582031e-01
1.638930439949035645e-01 8.850033879280090332e-01
-9.032830595970153809e-02 6.762621551752090454e-02
-4.479279518127441406e-01 -8.679110407829284668e-01
1.280481666326522827e-01 7.219408154487609863e-01
9.888620376586914062e-01 -6.499851346015930176e-01
9.190253019332885742e-01 -6.479243040084838867e-01
-4.163253307342529297e-01 -8.987162113189697266e-01
-2.935722097754478455e-02 -6.598342657089233398e-01
8.504803776741027832e-01 5.110973715782165527e-01
-8.239708840847015381e-02 5.565560609102249146e-02
-7.427921891212463379e-02 3.820874392986297607e-01
-9.430555105209350586e-01 -6.498220562934875488e-01
3.257293999195098877e-01 9.564462900161743164e-01
-3.695844411849975586e-01 6.720854640007019043e-01
-2.481454610824584961e-01 3.414616286754608154e-01
1.699168384075164795e-01 4.672517180442810059e-01
-7.632677555084228516e-01 1.823788136243820190e-01
-1.877242326736450195e-01 -4.007042944431304932e-02
-7.127842307090759277e-01 -4.290781915187835693e-02
3.991328477859497070e-01 9.058662056922912598e-01
-1.683004759252071381e-02 3.212827742099761963e-01
2.362110763788223267e-01 5.096420645713806152e-01
3.704969286918640137e-01 6.522920727729797363e-01
1.528723537921905518e-01 -1.143743917346000671e-01
2.062084078788757324e-01 6.272189319133758545e-02
3.609649837017059326e-01 -5.793992877006530762e-01
-2.608332037925720215e-01 6.175487637519836426e-01
-4.592602252960205078e-01 8.855501413345336914e-01
5.432313084602355957e-01 -9.075053334236145020e-01
-1.249497607350349426e-01 1.097848825156688690e-02
-9.853134155273437500e-01 -3.210310637950897217e-01
-7.461863756179809570e-01 -4.840154051780700684e-01
1.340111345052719116e-01 -3.438883721828460693e-01
-2.061803489923477173e-01 3.985314071178436279e-01
-2.911971509456634521e-01 3.279554843902587891e-01
-8.653717041015625000e-01 -4.617390222847461700e-03
1.180657371878623962e-01 4.484895467758178711e-01
-1.620455682277679443e-01 1.214262749999761581e-02
-8.182039111852645874e-02 3.595649078488349915e-02
-1.239876225590705872e-01 4.690859019756317139e-01
-9.267057776451110840e-01 -6.664789915084838867e-01
8.299371600151062012e-01 1.738328337669372559e-01
-3.980701267719268799e-01 6.299108266830444336e-01
1.810442060232162476e-01 3.113681972026824951e-01
3.369452655315399170e-01 6.251381039619445801e-01
3.658020868897438049e-02 8.520507067441940308e-02
-7.268419265747070312e-01 -8.701681345701217651e-02
-6.933183073997497559e-01 -9.104348421096801758e-01
-3.100597262382507324e-01 -7.379468083381652832e-01
3.973738849163055420e-01 7.146177887916564941e-01
-9.915182590484619141e-01 3.370387107133865356e-02
-2.596772909164428711e-01 3.822019398212432861e-01
-6.784869432449340820e-01 3.919730186462402344e-01
9.728842228651046753e-02 3.434363603591918945e-01
-1.886009722948074341e-01 -1.994420289993286133e-01
3.002082109451293945e-01 6.005036234855651855e-01
2.670106887817382812e-01 -7.968620061874389648e-01
5.516787767410278320e-01 -7.976460456848144531e-01
-5.336145758628845215e-01 8.622242212295532227e-01
-4.569377899169921875e-01 4.751766845583915710e-02
4.118608683347702026e-02 6.161574125289916992e-01
-3.671915084123611450e-02 -4.127413928508758545e-01
8.185899257659912109e-01 -6.363545656204223633e-01
5.623679757118225098e-01 -7.463613152503967285e-01
-4.078648388385772705e-01 -8.399103879928588867e-01
-6.715962290763854980e-01 -7.449661493301391602e-01
-3.886928036808967590e-02 6.003667712211608887e-01
6.020702719688415527e-01 -7.235410809516906738e-01
-7.253058552742004395e-01 -8.303241133689880371e-01
-6.861142516136169434e-01 -7.390838861465454102e-01
-3.889747858047485352e-01 6.782325506210327148e-01
-8.624640107154846191e-01 1.934854835271835327e-01
-2.870168089866638184e-01 3.048262894153594971e-01
-3.845270276069641113e-01 -8.059031963348388672e-01
7.308107018470764160e-01 -8.618714213371276855e-01
8.466348052024841309e-01 5.833700299263000488e-01
-4.320053011178970337e-02 -9.713266491889953613e-01
2.932924330234527588e-01 7.248737812042236328e-01
3.494724333286285400e-01 -1.207901537418365479e-01
3.308391571044921875e-01 -7.855880260467529297e-01
2.148739546537399292e-01 -3.232003450393676758e-01
-1.150096282362937927e-01 -2.681453824043273926e-01
-8.227599859237670898e-01 1.891358643770217896e-01
-9.772680997848510742e-01 -5.862132087349891663e-02
-3.378173410892486572e-01 6.134066581726074219e-01
-7.021456956863403320e-01 -9.670441746711730957e-01
-3.590341806411743164e-01 8.268023282289505005e-02
-3.083022534847259521e-01 6.609299182891845703e-01
7.491623163223266602e-01 5.469869375228881836e-01
-1.443319618701934814e-01 -7.804721593856811523e-01
-7.479118704795837402e-01 5.376363396644592285e-01
9.647858738899230957e-01 -2.728388607501983643e-01
2.261777520179748535e-01 -4.713056981563568115e-02
1.173907238990068436e-02 9.372660517692565918e-02
-1.204957291483879089e-01 3.845022991299629211e-02
-9.096906185150146484e-01 -2.575197219848632812e-01
-2.091873437166213989e-01 -1.221375763416290283e-01
1.194247417151927948e-02 -3.173925280570983887e-01
-9.601031243801116943e-02 3.433546051383018494e-02
-1.280088722705841064e-01 3.649157285690307617e-02
1.569082140922546387e-01 8.170300722122192383e-01
-3.493938148021697998e-01 -8.354013562202453613e-01
-7.550720572471618652e-01 4.122697710990905762e-01
-9.109694510698318481e-02 -7.751471996307373047e-01
-7.473472356796264648e-01 4.402256608009338379e-01
-4.295722842216491699e-01 -3.394665420055389404e-01
-3.685311377048492432e-01 -8.302920460700988770e-01
8.679290413856506348e-01 -7.750827670097351074e-01
5.930427312850952148e-01 1.147370934486389160e-01
-2.164476364850997925e-01 4.403860569000244141e-01
-9.227221608161926270e-01 -4.982168972492218018e-01
-3.082911968231201172e-01 3.949709832668304443e-01
-3.812406361103057861e-01 4.271981120109558105e-02
3.054323792457580566e-01 6.501215100288391113e-01
-1.619883477687835693e-01 -6.428967118263244629e-01
1.554060578346252441e-01 7.989986538887023926e-01
-7.587900757789611816e-01 1.611401885747909546e-01
-9.640608429908752441e-01 -3.259575664997100830e-01
-9.656884521245956421e-02 2.769173309206962585e-02
-5.076682567596435547e-01 9.832745194435119629e-01
7.853632420301437378e-02 4.299364387989044189e-01
-8.383951783180236816e-01 -4.355516731739044189e-01
5.564790964126586914e-01 -7.522355914115905762e-01
4.237997531890869141e-01 7.214664220809936523e-01
-3.697672188282012939e-01 -3.352004289627075195e-01
6.038066148757934570e-01 -2.043527960777282715e-01
-3.198968768119812012e-01 6.696006655693054199e-01
-4.513765573501586914e-01 1.991814970970153809e-01
-8.962232470512390137e-01 1.718164235353469849e-02
1.269399523735046387e-01 2.401268482208251953e-01
6.887665390968322754e-01 2.154987007379531860e-01
9.804126024246215820e-01 -5.373923778533935547e-01
7.934526205062866211e-01 4.071951508522033691e-01
-4.119084477424621582e-01 6.277360320091247559e-01
-2.729405462741851807e-02 -9.798806309700012207e-01
1.250570118427276611e-01 8.811766505241394043e-01
3.270656168460845947e-01 -2.948181629180908203e-01
-1.681509613990783691e-01 4.954856932163238525e-01
-5.047801136970520020e-01 9.884148091077804565e-02
-8.961562067270278931e-02 -7.338678240776062012e-01
6.917990446090698242e-01 -3.017661571502685547e-01
-8.355114459991455078e-01 6.002406477928161621e-01
-6.820420622825622559e-01 -3.769402801990509033e-01
2.841506302356719971e-01 5.560390949249267578e-01
-7.863790988922119141e-01 -2.466287016868591309e-01
5.316570997238159180e-01 -8.252726793289184570e-01
-2.993607819080352783e-01 1.418129950761795044e-01
-6.925855875015258789e-01 -6.556110382080078125e-01
9.423351287841796875e-01 -8.528460264205932617e-01
-3.898443281650543213e-01 6.911753416061401367e-01
-4.436032474040985107e-01 -7.550440430641174316e-01
5.981841683387756348e-01 -7.724561691284179688e-01
-3.088445402681827545e-02 -4.117063581943511963e-01
9.619880914688110352e-01 -4.778652787208557129e-01
-9.102316498756408691e-01 -6.402937769889831543e-01
8.187534809112548828e-01 -6.411627531051635742e-01
9.781245589256286621e-01 2.878352999687194824e-01
-9.956161975860595703e-01 2.393907904624938965e-01
6.094991564750671387e-01 -2.586200535297393799e-01
2.065483629703521729e-01 9.272145479917526245e-02
5.927092209458351135e-02 4.407437145709991455e-01
-1.192885190248489380e-01 4.885502457618713379e-01
-4.885654151439666748e-01 -9.495818614959716797e-01
-7.949069738388061523e-01 5.000248551368713379e-01
8.062584996223449707e-01 1.863253265619277954e-01
-4.616965651512145996e-01 -5.126138329505920410e-01
9.829540252685546875e-01 7.519739270210266113e-01
-4.192166924476623535e-01 6.839160323143005371e-01
5.430444478988647461e-01 -7.273182868957519531e-01
-2.192169576883316040e-01 3.606103360652923584e-01
-3.593131434172391891e-03 -1.832363307476043701e-01
-6.532154679298400879e-01 -3.765223026275634766e-01
-3.997069895267486572e-01 5.204674601554870605e-01
2.363917231559753418e-01 -1.244837418198585510e-01
-1.469304263591766357e-01 8.809725753962993622e-03
-3.127984702587127686e-02 -9.307304024696350098e-01
2.057358920574188232e-01 -8.039553165435791016e-01
-3.702230751514434814e-01 3.731543943285942078e-02
-8.863493800163269043e-01 -5.911349654197692871e-01
-5.468827486038208008e-01 -1.138027235865592957e-01
-2.068822681903839111e-01 -1.955990195274353027e-01
9.092392325401306152e-01 -3.130676746368408203e-01
-1.591738685965538025e-02 3.104302883148193359e-01
4.044913053512573242e-01 -6.907405853271484375e-01
-7.523829936981201172e-01 4.686511158943176270e-01
-3.932652175426483154e-01 5.972328186035156250e-01
-5.193419456481933594e-01 -1.026259884238243103e-01
-5.569153428077697754e-01 -5.322266221046447754e-01
1.823820769786834717e-01 7.716125845909118652e-01
-5.264734029769897461e-01 9.930459260940551758e-01
-2.397184371948242188e-01 4.442709088325500488e-01
7.835496664047241211e-01 -6.018390655517578125e-01
-5.040278434753417969e-01 -2.984819710254669189e-01
-3.199388384819030762e-01 4.371965229511260986e-01
-9.842538237571716309e-01 3.058270215988159180e-01
-7.711642384529113770e-01 -3.715338706970214844e-01
-6.844222545623779297e-01 2.791478335857391357e-01
2.133089005947113037e-01 1.582778543233871460e-01
-5.296677350997924805e-01 2.887154519557952881e-01
-8.283610939979553223e-01 3.011591173708438873e-02
-6.841123700141906738e-01 5.348989963531494141e-01
3.143467307090759277e-01 -3.634345233440399170e-01
-8.069038391113281250e-01 3.693594336509704590e-01
-6.504623293876647949e-01 -9.233598709106445312e-01
-4.793255627155303955e-01 1.312433034181594849e-01
1.205688640475273132e-01 -2.830607257783412933e-02
5.175892710685729980e-01 -2.153257131576538086e-01
-3.145458996295928955e-01 6.237378120422363281e-01
2.773765623569488525e-01 5.663438439369201660e-01
1.438702493906021118e-01 -1.877304762601852417e-01
-3.535840660333633423e-02 -5.741516947746276855e-01
-4.782479703426361084e-01 -9.353069067001342773e-01
2.312738597393035889e-01 -2.084313146770000458e-02
2.221244275569915771e-01 5.175991058349609375e-01
3.093166947364807129e-01 -9.265161752700805664e-01
7.904195189476013184e-01 -7.943174839019775391e-01
-8.061597347259521484e-01 3.065827786922454834e-01
5.218259096145629883e-01 -7.157790660858154297e-01
8.862718939781188965e-01 1.928336918354034424e-01
-4.256851375102996826e-01 3.782870173454284668e-01
-9.109052419662475586e-01 2.748348712921142578e-01
9.732303023338317871e-01 -2.580186724662780762e-01
2.202738635241985321e-02 -1.839400529861450195e-01
3.097725510597229004e-01 1.073228865861892700e-01
-7.216582447290420532e-02 1.575897783041000366e-01
5.617112517356872559e-01 4.828726649284362793e-01
-3.120892681181430817e-02 6.523281931877136230e-01
8.598256111145019531e-01 1.342941373586654663e-01
3.376987874507904053e-01 -8.854345083236694336e-01
2.904540896415710449e-01 6.508258581161499023e-01
-5.555077195167541504e-01 -3.157415688037872314e-01
-2.996511757373809814e-01 6.363052725791931152e-01
-6.472490429878234863e-01 -5.015546083450317383e-01
-5.426618456840515137e-02 4.169283807277679443e-02
-7.886951565742492676e-01 5.287687852978706360e-02
-8.929198980331420898e-01 9.637023806571960449e-01
9.926213026046752930e-01 7.416980266571044922e-01
-4.571343064308166504e-01 -8.827979564666748047e-01
8.256429433822631836e-01 3.463689386844635010e-01
-4.627372920513153076e-01 -2.376732379198074341e-01
-8.026071637868881226e-02 4.501916170120239258e-01
5.082978010177612305e-01 -6.862095594406127930e-01
-8.235225081443786621e-01 -3.597001135349273682e-01
-3.104253113269805908e-01 6.277733445167541504e-01
2.561430335044860840e-01 4.793165326118469238e-01
7.021451592445373535e-01 2.155840694904327393e-01
-4.533112347126007080e-01 -7.963588237762451172e-01
9.564966708421707153e-02 3.949175775051116943e-01
1.837190240621566772e-01 9.596400856971740723e-01
5.638123750686645508e-01 -6.428856849670410156e-01
1.264291256666183472e-01 -2.028066813945770264e-01
-7.008020877838134766e-01 8.744616508483886719e-01
-6.408157348632812500e-01 -7.078305631875991821e-02
2.326836884021759033e-01 -3.581123352050781250e-01
-9.276152849197387695e-01 -6.594604849815368652e-01
-8.626009821891784668e-01 -8.437485694885253906e-01
-7.711885571479797363e-01 5.873339772224426270e-01
-2.560618519783020020e-01 2.204740196466445923e-01
-3.317906856536865234e-01 2.829215526580810547e-01
-3.933946490287780762e-01 -3.730740845203399658e-01
-1.783985793590545654e-01 3.662133514881134033e-01
-4.581660628318786621e-01 3.218682408332824707e-01
-5.394884943962097168e-01 3.412557393312454224e-02
-5.546532273292541504e-01 -4.763508439064025879e-01
1.692126542329788208e-01 -6.811750531196594238e-01
-5.690143629908561707e-02 4.224917590618133545e-01
1.141483858227729797e-01 3.122939467430114746e-01
3.130170106887817383e-01 6.448556780815124512e-01
-1.445756554603576660e-01 -1.734686195850372314e-01
-6.107375621795654297e-01 -9.455561637878417969e-01
-8.184227347373962402e-01 -3.185803592205047607e-01
4.289818704128265381e-01 7.352495789527893066e-01
-7.993661165237426758e-01 1.431742608547210693e-01
3.750169277191162109e-01 2.970354855060577393e-01
8.717175126075744629e-01 -8.714155554771423340e-01
3.859716057777404785e-01 -6.460801959037780762e-01
-3.229984268546104431e-02 5.030606389045715332e-01
1.546444594860076904e-01 -9.674522876739501953e-01
-5.205277800559997559e-01 -4.468972682952880859e-01
-6.345208883285522461e-01 -2.326014786958694458e-01
-1.132426634430885315e-01 -5.823223590850830078e-01
-6.961007714271545410e-01 -2.723743021488189697e-01
-3.229043632745742798e-02 6.329382658004760742e-01
-3.130196928977966309e-01 -2.475469261407852173e-01
-8.655573725700378418e-01 2.925685606896877289e-03
-6.256573796272277832e-01 -8.551397323608398438e-01
-1.906320452690124512e-01 1.597326248884201050e-01
-2.943471968173980713e-01 5.629076361656188965e-01
-4.249103069305419922e-01 -2.500048577785491943e-01
-7.432596683502197266e-01 6.421523094177246094e-01
-4.071781933307647705e-01 -7.405126094818115234e-01
6.448898315429687500e-01 -5.611750483512878418e-01
-7.450391650199890137e-01 6.173213124275207520e-01
-3.034454584121704102e-01 4.902899265289306641e-01
8.022996038198471069e-02 1.629978418350219727e-01
-7.637551426887512207e-01 -5.745147466659545898e-01
-4.976693093776702881e-01 4.922006130218505859e-01
-2.969213724136352539e-01 -6.207794547080993652e-01
9.763813763856887817e-02 3.435268104076385498e-01
-8.923129439353942871e-01 -2.831983566284179688e-01
1.223126575350761414e-01 -6.315295100212097168e-01
-4.071148931980133057e-01 3.683296144008636475e-01
-9.141919761896133423e-02 8.653576970100402832e-01
-5.413975715637207031e-01 -4.222870171070098877e-01
-3.864484652876853943e-02 7.184721827507019043e-01
4.251156151294708252e-01 -9.352636933326721191e-01
-6.939589381217956543e-01 7.356197237968444824e-01
-3.105189800262451172e-01 -4.079038277268409729e-02
-5.992458462715148926e-01 -7.064824104309082031e-01
-2.404426038265228271e-02 2.403811365365982056e-01
-2.446777224540710449e-01 -5.822436809539794922e-01
-9.004296660423278809e-01 -7.510564327239990234e-01
-8.351959586143493652e-01 -6.763324737548828125e-01
-6.178279519081115723e-01 -4.936893582344055176e-01
3.200113773345947266e-01 4.589045643806457520e-01
-7.657575607299804688e-01 7.383492588996887207e-01
-5.007637739181518555e-01 8.097634911537170410e-01
-7.654257416725158691e-01 -7.464720606803894043e-01
1.101970300078392029e-01 -8.507916331291198730e-01
6.761861443519592285e-01 7.682024240493774414e-01
5.501827001571655273e-01 -4.047363102436065674e-01
-3.069182634353637695e-01 2.067568004131317139e-01
-2.189468592405319214e-01 -3.428881168365478516e-01
-3.211949765682220459e-01 3.025494515895843506e-01
-8.561022281646728516e-01 -4.189215302467346191e-01
9.760567545890808105e-01 2.918556332588195801e-01
4.373640716075897217e-01 4.497804343700408936e-01
2.276046872138977051e-01 -2.479533404111862183e-01
3.964978829026222229e-02 1.336775720119476318e-01
-7.634093761444091797e-01 -4.350892007350921631e-01
-9.221974015235900879e-01 -6.726547479629516602e-01
-2.036229670047760010e-01 -6.858466565608978271e-02
-6.882154941558837891e-01 -2.026493847370147705e-01
5.075794458389282227e-01 5.016087889671325684e-01
-5.946629047393798828e-01 -1.730424351990222931e-02
7.629095315933227539e-01 -5.592716336250305176e-01
-8.484109640121459961e-01 -6.143650412559509277e-01
5.168854594230651855e-01 3.816691040992736816e-01
-6.965104341506958008e-01 -6.601022481918334961e-01
-6.400802135467529297e-01 6.046341061592102051e-01
-6.197973340749740601e-02 3.740972280502319336e-01
7.391351461410522461e-01 -5.696324706077575684e-01
6.716507952660322189e-03 1.097709536552429199e-01
6.357064843177795410e-01 2.343586683273315430e-01
-1.852078437805175781e-01 2.562051415443420410e-01
-3.998200595378875732e-01 -4.604814946651458740e-01
-4.112053513526916504e-01 -1.293906122446060181e-01
8.565847277641296387e-01 -3.523760139942169189e-01
1.693488210439682007e-01 5.612155795097351074e-01
3.363547325134277344e-01 8.143911957740783691e-01
-1.293014921247959137e-02 6.443310379981994629e-01
-8.911744356155395508e-01 1.185686960816383362e-01
6.760526895523071289e-01 4.406272768974304199e-01
-6.446235775947570801e-01 -4.784258604049682617e-01
3.492554128170013428e-01 -4.466458857059478760e-01
2.246670126914978027e-01 -2.069204449653625488e-01
5.607192516326904297e-01 -8.176076412200927734e-01
1.895746886730194092e-01 1.007992476224899292e-01
-6.916802525520324707e-01 3.073552250862121582e-01
6.760800480842590332e-01 -1.615536212921142578e-01
-1.438632458448410034e-01 9.495363384485244751e-02
-1.252922266721725464e-01 -3.395320177078247070e-01
-6.313252449035644531e-01 -3.368502259254455566e-01
9.724142402410507202e-02 1.407756060361862183e-01
-9.348335862159729004e-01 -6.655621528625488281e-01
-2.697310149669647217e-01 3.663917183876037598e-01
-3.754937350749969482e-01 -1.962129771709442139e-02
-5.495789051055908203e-01 1.483454704284667969e-01
8.836763501167297363e-01 -5.832695364952087402e-01
-1.659344583749771118e-01 1.882366463541984558e-02
9.963988065719604492e-01 -4.978428781032562256e-01
3.379328548908233643e-01 -7.416878640651702881e-02
-7.735581994056701660e-01 5.003320984542369843e-03
-6.907300949096679688e-01 5.110568404197692871e-01
9.047187566757202148e-01 -7.413198947906494141e-01
-6.081232428550720215e-01 -7.755094170570373535e-01
5.866310596466064453e-01 8.727667331695556641e-01
2.589479684829711914e-01 8.608166575431823730e-01
7.545787096023559570e-01 -8.029191493988037109e-01
2.206301130354404449e-02 7.124739289283752441e-01
9.660754203796386719e-01 -4.511386752128601074e-01
-1.940693408250808716e-01 -1.858466714620590210e-01
-6.976749897003173828e-01 1.366655379533767700e-01
-7.780510783195495605e-01 -8.301316499710083008e-01
6.627176403999328613e-01 -9.001273512840270996e-01
-3.370721936225891113e-01 7.123637199401855469e-01
8.846113085746765137e-01 2.164591252803802490e-01
-5.187066793441772461e-01 -5.838562250137329102e-01
-8.992269635200500488e-01 -5.607943609356880188e-02
-2.078162319958209991e-02 5.469170808792114258e-01
1.958300769329071045e-01 6.496506929397583008e-01
2.070628404617309570e-01 6.510097980499267578e-01
-3.960779309272766113e-01 3.730117082595825195e-01
-3.152550458908081055e-01 -7.283042073249816895e-01
2.503819465637207031e-01 -7.968553900718688965e-02
-9.241014122962951660e-01 -7.887026667594909668e-01
5.084822326898574829e-02 4.367532432079315186e-01
-1.336891204118728638e-01 -5.985054969787597656e-01
-3.721123635768890381e-01 -2.959146201610565186e-01
-2.297862768173217773e-01 -1.311508715152740479e-01
6.992093324661254883e-01 -7.702413201332092285e-01
-6.552518606185913086e-01 1.070386841893196106e-01
-3.298230171203613281e-01 5.004969239234924316e-01
-3.170542120933532715e-01 -1.045141275972127914e-02
7.991355061531066895e-01 5.211369395256042480e-01
1.901416033506393433e-01 2.984440922737121582e-01
-9.301963448524475098e-01 -5.913070440292358398e-01
-6.702645123004913330e-02 -1.996562629938125610e-01
2.238092720508575439e-01 7.015303969383239746e-01
-4.226763844490051270e-01 6.789243221282958984e-01
-5.580812096595764160e-01 2.662811279296875000e-01
-9.272012710571289062e-01 1.869148612022399902e-01
-3.999204039573669434e-01 -5.547460317611694336e-01
-6.832470893859863281e-01 -2.461377531290054321e-01
-9.945378899574279785e-01 -2.409437745809555054e-01
-3.274317681789398193e-01 5.206642150878906250e-01
8.824666738510131836e-01 4.860912859439849854e-01
1.518451571464538574e-01 -4.626987278461456299e-01
3.629537671804428101e-02 -1.402250397950410843e-02
-8.722036480903625488e-01 -2.698241472244262695e-01
3.303461670875549316e-01 9.247652292251586914e-01
-5.501194298267364502e-02 6.513822674751281738e-01
-2.715401947498321533e-01 4.337457120418548584e-01
-3.483754098415374756e-01 4.144701361656188965e-01
-7.412734627723693848e-01 4.702278673648834229e-01
4.276002049446105957e-01 -6.621139645576477051e-01
-6.882820129394531250e-01 3.106543421745300293e-01
9.257348775863647461e-01 -7.231624126434326172e-01
-2.992324531078338623e-01 -9.820317029953002930e-01
-8.833214640617370605e-01 -1.266811788082122803e-01
-2.434310764074325562e-01 -4.625313580036163330e-01
-7.088448405265808105e-01 -9.053876399993896484e-01
2.152813225984573364e-01 7.463818192481994629e-01
1.491021662950515747e-01 -5.670579150319099426e-02
3.764859437942504883e-01 6.705228090286254883e-01
