-3.215174674987792969e-01 5.184551477432250977e-01 -3.105922602117061615e-02 7.624947428703308105e-01
-7.020444273948669434e-01 2.670216560363769531e-01 2.259785979986190796e-01 -2.848303914070129395e-01
-9.884079098701477051e-01 -4.382851719856262207e-01 -6.670798659324645996e-01 4.248465225100517273e-02
-2.163783907890319824e-01 -9.384297132492065430e-01 3.419386148452758789e-01 -2.357272505760192871e-01
-6.501834988594055176e-01 -2.826775908470153809e-01 4.292379319667816162e-01 3.447315692901611328e-01
3.205674588680267334e-01 3.238641023635864258e-01 4.016848504543304443e-01 5.021224021911621094e-01
-3.949170410633087158e-01 -8.017281293869018555e-01 -8.160686492919921875e-01 9.891309142112731934e-01
7.061091065406799316e-01 9.709760546684265137e-01 -7.756656408309936523e-01 6.774835586547851562e-01
-3.601021766662597656e-01 1.965623944997787476e-01 -9.964960217475891113e-01 -7.582655549049377441e-01
8.376661539077758789e-01 -8.504750132560729980e-01 -6.402781009674072266e-01 -2.391154021024703979e-01
-8.478178381919860840e-01 6.351364850997924805e-01 9.611069411039352417e-02 9.358303546905517578e-01
-3.724108636379241943e-01 -9.058529138565063477e-01 1.663808673620223999e-01 -4.058044254779815674e-01
-3.863759636878967285e-01 6.355853676795959473e-01 9.118891358375549316e-01 -8.643021583557128906e-01
-4.789192974567413330e-01 2.500931620597839355e-01 -4.039278626441955566e-01 -1.601416766643524170e-01
4.808647632598876953e-01 8.832241296768188477e-01 2.724027074873447418e-02 4.055420309305191040e-02
3.438666090369224548e-02 9.658299088478088379e-01 5.874674916267395020e-01 -4.721324443817138672e-01
7.575842142105102539e-01 -5.579575896263122559e-01 3.315235078334808350e-01 1.634254306554794312e-01
3.000253140926361084e-01 -4.391047656536102295e-01 -5.654610395431518555e-01 -4.332760870456695557e-01
-3.294123709201812744e-01 6.193813681602478027e-01 7.401958107948303223e-02 -1.091273948550224304e-01
9.286905527114868164e-01 5.566884279251098633e-01 4.095525145530700684e-01 -3.762780502438545227e-02
7.181573510169982910e-01 3.093863427639007568e-01 9.976655840873718262e-01 5.431463122367858887e-01
-7.902998924255371094e-01 2.297835946083068848e-01 3.425804972648620605e-01 4.081575572490692139e-01
-7.446802854537963867e-01 6.452701687812805176e-01 6.555625200271606445e-01 2.865027785301208496e-01
3.470119535923004150e-01 1.124807894229888916e-01 2.844872176647186279e-01 9.869643449783325195e-01
7.294247746467590332e-01 2.633115649223327637e-01 -2.518986165523529053e-01 8.072599768638610840e-01
-5.568271279335021973e-01 7.520634531974792480e-01 5.796494483947753906e-01 9.846035391092300415e-02
5.482625961303710938e-01 4.114020466804504395e-01 -3.788161277770996094e-01 -8.202734589576721191e-01
-1.968174874782562256e-01 6.613680720329284668e-01 -4.804747104644775391e-01 -2.288429141044616699e-01
-6.115862131118774414e-01 8.522287011146545410e-01 2.744782567024230957e-01 2.715012729167938232e-01
-6.313984990119934082e-01 1.284845620393753052e-01 4.715176820755004883e-01 -3.358191549777984619e-01
4.508107900619506836e-02 4.032175242900848389e-01 7.968705296516418457e-01 -7.542745471000671387e-01
-8.929578661918640137e-01 -2.935614809393882751e-02 2.077920883893966675e-01 1.801490932703018188e-01
-9.130600094795227051e-01 -7.296968698501586914e-01 3.391956090927124023e-01 -9.217570722103118896e-02
8.081988245248794556e-02 -3.931705951690673828e-01 -7.504385709762573242e-01 -7.294100522994995117e-01
6.884070038795471191e-01 -9.027450084686279297e-01 -7.988086938858032227e-01 3.925019204616546631e-01
-5.594776943325996399e-02 8.259988427162170410e-01 6.065558195114135742e-01 4.936202466487884521e-01
7.674560546875000000e-01 -1.753720045089721680e-01 -5.511775612831115723e-01 2.634184360504150391e-01
-6.235833764076232910e-01 -8.669025897979736328e-01 -1.570283086039125919e-03 -7.762039899826049805e-01
9.045097827911376953e-01 -5.299349427223205566e-01 -6.079905033111572266e-01 -7.232507467269897461e-01
-5.177779793739318848e-01 -4.360587596893310547e-01 -3.261200487613677979e-01 4.851247966289520264e-01
-5.345367789268493652e-01 7.018993496894836426e-01 7.853320837020874023e-01 -6.058682799339294434e-01
-1.383612453937530518e-01 9.610354304313659668e-01 2.125615775585174561e-01 -1.731773018836975098e-01
8.892802596092224121e-01 -6.638716459274291992e-01 -2.226957082748413086e-01 8.030740022659301758e-01
-5.014789104461669922e-01 5.904741287231445312e-01 7.572745084762573242e-01 -9.305986762046813965e-02
3.318842351436614990e-01 -9.588667154312133789e-01 8.425664901733398438e-01 -7.216482758522033691e-01
-4.246204197406768799e-01 -2.352537661790847778e-01 5.790621042251586914e-01 -1.661838740110397339e-01
-3.236567676067352295e-01 -9.885216951370239258e-01 -8.316243439912796021e-02 -5.873137116432189941e-01
3.644211888313293457e-01 -1.395079940557479858e-01 -2.771237492561340332e-01 -7.640032768249511719e-01
1.627964377403259277e-01 -9.959740638732910156e-01 6.476941704750061035e-01 -7.047129273414611816e-01
4.797131419181823730e-01 -3.357114195823669434e-01 -3.981697261333465576e-01 -9.429799914360046387e-01
-4.214192330837249756e-01 4.590108692646026611e-01 -8.311902880668640137e-01 -4.971650242805480957e-01
8.814072608947753906e-01 7.966818809509277344e-01 -4.953948259353637695e-01 7.478972673416137695e-01
1.855490496382117271e-03 -7.617982625961303711e-01 -9.196515679359436035e-01 -9.242765903472900391e-01
-2.307122498750686646e-01 -8.695151805877685547e-01 1.302223056554794312e-01 -3.294848278164863586e-02
-4.156334400177001953e-01 2.532327771186828613e-01 1.193895097821950912e-02 9.780667424201965332e-01
4.687644243240356445e-01 -8.529500961303710938e-01 -7.511532306671142578e-01 5.366134047508239746e-01
-1.820084303617477417e-01 7.648391723632812500e-01 1.445623487234115601e-01 -9.156211614608764648e-01
1.964116841554641724e-01 -2.732883095741271973e-01 -6.109030246734619141e-01 -9.563265740871429443e-02
6.926337480545043945e-01 2.451379448175430298e-01 -2.315739840269088745e-01 -7.585188150405883789e-01
-2.028547599911689758e-02 7.931776046752929688e-01 3.569897264242172241e-02 -3.829584419727325439e-01
-4.859747886657714844e-01 4.063136875629425049e-01 -8.202565461397171021e-02 -9.004716575145721436e-02
-4.423803389072418213e-01 -2.109576612710952759e-01 -4.537027180194854736e-01 7.409639954566955566e-01
8.299294114112854004e-01 2.362643778324127197e-01 -1.581580340862274170e-01 9.323239326477050781e-01
-2.311173677444458008e-01 5.199665427207946777e-01 2.218720763921737671e-01 1.073983833193778992e-01
5.544579029083251953e-01 -5.372874140739440918e-01 -8.009717464447021484e-01 -2.761741876602172852e-01
-6.676449179649353027e-01 -2.317693233489990234e-01 4.402695000171661377e-01 2.202213108539581299e-01
6.649869084358215332e-01 1.858668178319931030e-01 1.018797084689140320e-01 -1.878866106271743774e-01
6.310840845108032227e-01 -6.494616866111755371e-01 -8.918106555938720703e-01 2.553910315036773682e-01
-7.694872021675109863e-01 -2.205716073513031006e-01 3.828998506069183350e-01 5.229810476303100586e-01
-5.861499905586242676e-01 -8.492501378059387207e-01 -9.977616071701049805e-01 9.532908201217651367e-01
5.442621707916259766e-01 -6.831268668174743652e-01 -4.348517358303070068e-01 -7.898379564285278320e-01
-6.357678174972534180e-01 5.897693037986755371e-01 9.406387209892272949e-01 -7.884873747825622559e-01
9.363527894020080566e-01 8.816750049591064453e-01 3.434310257434844971e-01 -8.280940651893615723e-01
-1.694132387638092041e-01 -5.584064126014709473e-01 1.118756365031003952e-02 2.523205578327178955e-01
7.933719754219055176e-01 3.624872565269470215e-01 2.567602694034576416e-01 -8.314009308815002441e-01
8.229228258132934570e-01 7.288393378257751465e-01 6.302049010992050171e-02 5.561282038688659668e-01
4.825265407562255859e-01 8.313699364662170410e-01 -4.379425942897796631e-02 -7.611158490180969238e-01
-4.508660733699798584e-01 4.181602001190185547e-01 -9.606812000274658203e-01 6.027771830558776855e-01
-8.402098417282104492e-01 2.110974192619323730e-01 2.715515196323394775e-01 -4.766173660755157471e-01
-5.863104462623596191e-01 7.069731354713439941e-01 5.430280566215515137e-01 6.555939465761184692e-02
9.505569934844970703e-01 3.104648590087890625e-01 1.020960211753845215e-01 -5.424637198448181152e-01
3.010909557342529297e-01 1.655168086290359497e-01 -3.907035291194915771e-01 1.374354660511016846e-01
-7.049750685691833496e-01 2.176329940557479858e-01 2.185407429933547974e-01 -6.125791668891906738e-01
-5.392553210258483887e-01 2.622323334217071533e-01 -1.517621278762817383e-01 2.424125745892524719e-02
-8.069775104522705078e-01 -5.037350058555603027e-01 6.421545743942260742e-01 -3.342938721179962158e-01
-4.823949337005615234e-01 -4.711330533027648926e-01 1.944719403982162476e-01 -3.511615395545959473e-01
-6.116257905960083008e-01 5.482249706983566284e-02 3.542207777500152588e-01 2.095943093299865723e-01
-7.741377353668212891e-01 -6.277350187301635742e-01 2.842738032341003418e-01 -3.737082183361053467e-01
-2.218521684408187866e-01 4.943969547748565674e-01 1.479144543409347534e-01 8.218420743942260742e-01
-9.623319655656814575e-02 -1.572252213954925537e-01 -8.925914019346237183e-02 -2.348199486732482910e-01
7.489110231399536133e-01 9.601109027862548828e-01 8.328081667423248291e-02 1.080876216292381287e-02
8.007829785346984863e-01 -6.852011680603027344e-01 -7.155359983444213867e-01 9.165775030851364136e-02
-1.387058496475219727e-01 -7.395986318588256836e-01 -9.767875075340270996e-01 -8.822772502899169922e-01
3.840579092502593994e-01 -7.855655550956726074e-01 -7.960201501846313477e-01 4.563559293746948242e-01
8.862148523330688477e-01 9.842065572738647461e-01 4.382559657096862793e-01 -6.033239364624023438e-01
4.789477288722991943e-01 5.968770384788513184e-01 3.708093464374542236e-01 8.461021780967712402e-01
-5.757137537002563477e-01 5.717616677284240723e-01 1.833713352680206299e-01 2.899769246578216553e-01
-9.034798145294189453e-01 8.255519866943359375e-01 1.987952739000320435e-01 6.694883108139038086e-01
-8.894839882850646973e-01 2.727662026882171631e-01 3.112901449203491211e-01 7.564604878425598145e-01
-6.567265987396240234e-01 3.113024830818176270e-01 2.070201039314270020e-01 1.955727338790893555e-01
2.798565030097961426e-01 -8.388223052024841309e-01 4.934598207473754883e-01 4.837026894092559814e-01
-3.912024945020675659e-02 3.605299890041351318e-01 -6.620616912841796875e-01 -7.916018366813659668e-01
-8.361178636550903320e-01 6.469193100929260254e-01 6.129522323608398438e-01 1.929228752851486206e-01
2.259645760059356689e-01 -4.642840027809143066e-01 -5.168566107749938965e-01 -6.908215880393981934e-01
9.109869599342346191e-01 -4.110966026782989502e-01 -1.157851144671440125e-01 7.988135218620300293e-01
2.411901503801345825e-01 5.733960270881652832e-01 6.117770671844482422e-01 -9.755825400352478027e-01
-8.385066688060760498e-02 -1.235665753483772278e-01 5.997634530067443848e-01 -8.319453001022338867e-01
-4.362659156322479248e-01 2.482486516237258911e-01 2.449238151311874390e-01 -4.535941872745752335e-03
-2.798424959182739258e-01 2.508919239044189453e-01 -2.000835537910461426e-01 -7.666143774986267090e-02
3.692412376403808594e-01 -9.458774328231811523e-01 6.422182917594909668e-01 -5.360662341117858887e-01
-6.059619188308715820e-01 9.565585851669311523e-01 3.356777429580688477e-01 2.983844578266143799e-01
-3.210752904415130615e-01 -9.942972660064697266e-01 4.868038594722747803e-01 -6.238371133804321289e-01
-6.123217940330505371e-01 2.870880961418151855e-01 -2.433011978864669800e-01 8.820125460624694824e-01
4.061673283576965332e-01 7.312857508659362793e-01 -7.574813961982727051e-01 2.245634198188781738e-01
8.721106648445129395e-01 6.769593954086303711e-01 1.294316351413726807e-01 -6.315215826034545898e-01
6.870900392532348633e-01 -4.516750946640968323e-02 -1.022986844182014465e-01 -8.573617935180664062e-01
4.989946782588958740e-01 -9.968585371971130371e-01 5.643836781382560730e-02 2.626404166221618652e-01
6.217559576034545898e-01 8.731346130371093750e-01 6.427549123764038086e-01 -2.602346241474151611e-01
-2.156989574432373047e-01 1.215406283736228943e-01 -5.084927082061767578e-01 -8.622573018074035645e-01
-3.451870754361152649e-02 3.257776796817779541e-01 2.069357782602310181e-01 4.392002150416374207e-02
-7.340566515922546387e-01 3.310233354568481445e-01 3.892855644226074219e-01 3.513828814029693604e-01
-3.402734100818634033e-01 5.536878108978271484e-01 -9.185158610343933105e-01 4.625024795532226562e-01
6.243548989295959473e-01 1.243255361914634705e-01 -6.658030748367309570e-01 -4.284140765666961670e-01
1.721045821905136108e-01 -6.970309615135192871e-01 -6.211828589439392090e-01 -1.485418230295181274e-01
5.214393734931945801e-01 6.110737919807434082e-01 -4.563724994659423828e-01 -8.086041808128356934e-01
8.099204897880554199e-01 -9.934659004211425781e-01 -1.024963259696960449e-01 -8.813236653804779053e-02
-4.463467895984649658e-01 -2.269012928009033203e-01 -5.958365797996520996e-01 -9.786330461502075195e-01
2.259526103734970093e-01 -9.284432530403137207e-01 -1.109406352043151855e-01 -5.986741185188293457e-01
-2.796246409416198730e-01 8.573653548955917358e-02 4.427936375141143799e-01 6.644511967897415161e-02
9.225051999092102051e-01 2.536864392459392548e-02 -3.831465840339660645e-01 4.751091897487640381e-01
5.157979577779769897e-02 6.853922009468078613e-01 3.261559903621673584e-01 4.569421410560607910e-01
-4.024130105972290039e-01 1.921797245740890503e-01 -4.054583013057708740e-01 4.329015314579010010e-01
-2.479005008935928345e-01 4.596349000930786133e-01 2.252439111471176147e-01 1.084141209721565247e-01
7.898669242858886719e-01 1.111841201782226562e-01 -1.219045221805572510e-01 -9.367284774780273438e-01
-4.172725379467010498e-01 1.496030986309051514e-01 -5.234013795852661133e-01 7.257490158081054688e-01
2.370854616165161133e-01 5.258671641349792480e-01 -7.893248200416564941e-01 -3.687160909175872803e-01
5.832283496856689453e-01 -2.896557152271270752e-01 -3.611265122890472412e-01 -8.642845749855041504e-01
-5.773267745971679688e-01 7.560343146324157715e-01 -3.147479891777038574e-02 -4.096006751060485840e-01
7.512914538383483887e-01 4.377678036689758301e-01 5.162586271762847900e-02 3.263061344623565674e-01
6.985424160957336426e-01 2.342469058930873871e-02 1.656510084867477417e-01 9.324850440025329590e-01
6.780867576599121094e-01 -4.150050878524780273e-01 -7.076631784439086914e-01 -4.927233159542083740e-01
-8.884931802749633789e-01 -8.479914665222167969e-01 5.727467536926269531e-01 -1.380974501371383667e-01
-9.114440083503723145e-01 2.449550032615661621e-01 5.211042761802673340e-01 -7.959702610969543457e-01
-9.683752059936523438e-01 -7.924917340278625488e-02 1.262957453727722168e-01 -3.695499002933502197e-01
5.467784404754638672e-01 1.408154517412185669e-01 -6.239151954650878906e-01 -4.884122014045715332e-01
-1.436419039964675903e-01 3.900817036628723145e-01 5.579850077629089355e-01 5.456512048840522766e-02
-2.706753909587860107e-01 4.319749176502227783e-01 1.464082598686218262e-01 9.710959792137145996e-01
2.431291490793228149e-01 -2.640731036663055420e-01 1.226320490241050720e-01 7.643240690231323242e-01
-1.811020262539386749e-02 -1.625460200011730194e-02 -2.425625324249267578e-01 -5.261891335248947144e-02
-4.145762920379638672e-01 7.677479982376098633e-01 -3.665414154529571533e-01 -1.283607482910156250e-01
6.651412844657897949e-01 -3.508938476443290710e-02 -2.072474956512451172e-01 -8.148146867752075195e-01
-4.838626980781555176e-01 5.261871218681335449e-01 8.219075202941894531e-01 -8.744502067565917969e-01
-4.119955301284790039e-01 3.049168735742568970e-02 3.179804384708404541e-01 2.940033748745918274e-02
8.062329292297363281e-01 1.760809719562530518e-01 -1.364009231328964233e-01 -6.937848329544067383e-01
9.316892027854919434e-01 -1.500747352838516235e-01 7.225102931261062622e-02 8.540788292884826660e-01
7.441967129707336426e-01 9.544917345046997070e-01 -1.963313370943069458e-01 5.868075042963027954e-02
-6.489383578300476074e-01 -2.486066073179244995e-01 4.102572426199913025e-02 1.874993592500686646e-01
8.739322423934936523e-01 9.146189093589782715e-01 5.518397688865661621e-01 -2.584895789623260498e-01
-9.395201802253723145e-01 -3.810447454452514648e-01 1.979963481426239014e-01 1.643719375133514404e-01
-5.199869871139526367e-01 9.677893668413162231e-02 5.354887843132019043e-01 9.738357663154602051e-01
-6.981973052024841309e-01 3.525422215461730957e-01 1.423103660345077515e-01 6.651715040206909180e-01
-5.703930854797363281e-01 1.812504529953002930e-01 5.710014104843139648e-01 6.980395317077636719e-01
2.125826328992843628e-01 1.803772747516632080e-01 -5.066329836845397949e-01 9.066570550203323364e-02
-2.509282231330871582e-01 -5.979942679405212402e-01 -8.084354996681213379e-01 -5.661733150482177734e-01
6.544800400733947754e-01 -5.614489316940307617e-01 -9.226030707359313965e-01 6.496629863977432251e-02
7.220841050148010254e-01 -8.102802038192749023e-01 -1.493557244539260864e-01 -7.964429259300231934e-01
-6.731558442115783691e-01 7.450079321861267090e-01 2.781951427459716797e-01 7.084894180297851562e-01
4.415841102600097656e-01 -1.518244296312332153e-01 2.556279003620147705e-01 8.802134990692138672e-01
-5.909858942031860352e-01 -5.530050396919250488e-01 5.545111298561096191e-01 -5.094019323587417603e-02
-2.631825208663940430e-01 5.198268294334411621e-01 5.204188823699951172e-01 4.607576429843902588e-01
7.541335821151733398e-01 1.190489083528518677e-01 3.714633733034133911e-02 -6.917503476142883301e-02
6.050468683242797852e-01 9.959717392921447754e-01 -4.835712611675262451e-01 2.543103992938995361e-01
-6.211558580398559570e-01 8.760493993759155273e-01 4.164711534976959229e-01 2.977587468922138214e-02
-9.110071659088134766e-01 -4.539843201637268066e-01 8.408682793378829956e-02 8.299239724874496460e-02
4.820527732372283936e-01 7.786995172500610352e-02 -8.611871302127838135e-02 5.773833394050598145e-01
2.634989023208618164e-01 6.661181449890136719e-01 3.392916023731231689e-01 4.562711417675018311e-01
-7.593121528625488281e-01 6.704443693161010742e-01 6.207273602485656738e-01 -4.067288935184478760e-01
2.077429890632629395e-01 1.048464551568031311e-01 9.292353987693786621e-01 5.010696053504943848e-01
1.407283991575241089e-01 4.101729094982147217e-01 4.926987588405609131e-01 -8.514408469200134277e-01
5.526223182678222656e-01 2.254364788532257080e-01 -6.005878448486328125e-01 -7.505276203155517578e-01
3.223486617207527161e-02 2.414126880466938019e-02 5.361530184745788574e-01 2.614844441413879395e-01
-7.349989414215087891e-01 4.741649627685546875e-01 4.764330387115478516e-01 -3.704687580466270447e-02
-8.024933338165283203e-01 1.579171717166900635e-01 5.136584043502807617e-01 -7.559297680854797363e-01
-6.426665186882019043e-01 8.909273743629455566e-01 7.031347155570983887e-01 3.194364607334136963e-01
-3.914448022842407227e-01 3.969802260398864746e-01 -7.943394184112548828e-01 -4.664576053619384766e-01
3.117177784442901611e-01 2.184308618307113647e-01 -3.369971215724945068e-01 -4.278798103332519531e-01
-5.180678367614746094e-01 -3.001009225845336914e-01 3.578932881355285645e-01 2.660765349864959717e-01
-5.496406555175781250e-01 -3.894007802009582520e-01 6.732785105705261230e-01 1.113854423165321350e-01
3.037946820259094238e-01 -8.375413417816162109e-01 -8.090292811393737793e-01 -5.550784468650817871e-01
7.257285714149475098e-01 5.057078003883361816e-01 -2.315525561571121216e-01 -7.948612570762634277e-01
9.445303678512573242e-01 -8.755211830139160156e-01 -1.546538919210433960e-01 6.356329917907714844e-01
-5.683496594429016113e-01 -3.082164227962493896e-01 3.188313543796539307e-01 4.731939435005187988e-01
5.372164249420166016e-01 -2.955897450447082520e-01 -7.061398029327392578e-01 -4.734347760677337646e-02
7.028526067733764648e-01 -6.263874769210815430e-01 -1.294623464345932007e-01 -7.183756232261657715e-01
7.147663831710815430e-01 9.445251226425170898e-01 5.096260458230972290e-02 -5.212787389755249023e-01
-6.516054868698120117e-01 -1.141062900424003601e-01 6.739849448204040527e-01 -7.123439759016036987e-02
3.742155134677886963e-01 4.649170115590095520e-02 1.601918041706085205e-01 4.266186952590942383e-01
4.697950780391693115e-01 -5.029216408729553223e-01 -5.117407441139221191e-01 -7.550989389419555664e-01
-4.808112978935241699e-02 3.552118837833404541e-01 2.146183848381042480e-01 -7.497050799429416656e-03
4.218228533864021301e-02 -8.784844279289245605e-01 2.039072103798389435e-03 7.300624251365661621e-01
8.094456195831298828e-01 -8.239488005638122559e-01 -4.367549717426300049e-01 -4.205170869827270508e-01
7.417689561843872070e-01 8.755996227264404297e-01 1.686830669641494751e-01 9.950195252895355225e-02
4.424085319042205811e-01 1.412053704261779785e-01 9.786054491996765137e-01 -5.030792206525802612e-02
-7.983536720275878906e-01 -7.520059347152709961e-01 -8.436980843544006348e-01 4.164960980415344238e-01
9.041447639465332031e-01 4.758666455745697021e-01 -1.371847093105316162e-01 -2.055575884878635406e-02
-8.381431102752685547e-01 -2.667137086391448975e-01 5.652793049812316895e-01 -6.486253738403320312e-01
8.453581333160400391e-01 -2.088134586811065674e-01 5.547875761985778809e-01 3.869419693946838379e-01
-9.337578415870666504e-01 1.591711640357971191e-01 5.375109910964965820e-01 -6.912112236022949219e-01
-6.413449645042419434e-01 9.345117807388305664e-01 1.638423949480056763e-01 7.458851933479309082e-01
4.680094122886657715e-01 4.472166895866394043e-01 -3.832054734230041504e-01 -7.368561029434204102e-01
-7.542051076889038086e-01 7.826173305511474609e-01 -9.162988066673278809e-01 -4.622412323951721191e-01
-8.934624195098876953e-01 -1.510913521051406860e-01 4.860041141510009766e-01 -9.162992835044860840e-01
-6.138937473297119141e-01 4.906419813632965088e-01 7.173332571983337402e-01 -6.723923981189727783e-02
3.905241489410400391e-01 -8.781456351280212402e-01 1.067843064665794373e-01 -4.093244373798370361e-01
-9.691861271858215332e-01 3.179340660572052002e-01 2.849780917167663574e-01 -4.188752472400665283e-01
7.347654104232788086e-01 7.501579523086547852e-01 5.947520956397056580e-02 5.835577249526977539e-01
-5.585551857948303223e-01 4.165795743465423584e-01 7.800587415695190430e-01 6.849402189254760742e-01
6.867010593414306641e-01 1.971873044967651367e-01 7.730550169944763184e-01 7.698741555213928223e-01
6.899877190589904785e-01 9.123544096946716309e-01 5.757222771644592285e-01 -9.460657835006713867e-01
6.734374165534973145e-01 4.573089778423309326e-01 2.935525476932525635e-01 -1.842801421880722046e-01
-6.077998876571655273e-01 -1.782522499561309814e-01 5.300134420394897461e-01 4.402716159820556641e-01
5.836479663848876953e-01 3.358111977577209473e-01 9.828500151634216309e-01 3.699877858161926270e-02
-1.916288584470748901e-01 -8.555195331573486328e-01 -6.527662277221679688e-01 -5.398705601692199707e-01
7.197010517120361328e-01 -9.500850439071655273e-01 -7.314663529396057129e-01 -7.545897364616394043e-01
7.893016338348388672e-01 4.794037640094757080e-01 1.738469898700714111e-01 4.001029953360557556e-02
-4.479942917823791504e-01 1.500807702541351318e-01 3.789125680923461914e-01 -1.405850201845169067e-01
6.479617953300476074e-01 -7.138177752494812012e-01 -7.592065334320068359e-01 -5.477275252342224121e-01
6.715480089187622070e-01 4.118409156799316406e-01 -2.189971655607223511e-01 -7.717667222023010254e-01
7.465683817863464355e-01 -8.107104301452636719e-01 -4.214717149734497070e-01 8.979964852333068848e-01
-9.099886417388916016e-01 -4.194065332412719727e-01 4.802513420581817627e-01 8.744705468416213989e-02
9.475160390138626099e-02 -8.509959578514099121e-01 1.630101501941680908e-01 7.683151364326477051e-01
3.851616010069847107e-02 -6.511639952659606934e-01 -1.725209951400756836e-01 3.561410605907440186e-01
8.963479399681091309e-01 -7.112639546394348145e-01 6.339294910430908203e-01 3.500248491764068604e-01
-1.141698807477951050e-01 -3.262393474578857422e-01 -6.829957365989685059e-01 -6.569138169288635254e-01
3.982504829764366150e-02 -1.284667402505874634e-01 3.386235833168029785e-01 4.945907592773437500e-01
-9.388064146041870117e-01 1.550925374031066895e-01 6.533713340759277344e-01 3.933154046535491943e-01
8.584014773368835449e-01 8.753017783164978027e-01 5.842620730400085449e-01 -3.038995265960693359e-01
-6.651831269264221191e-01 -4.642635583877563477e-01 -3.640716075897216797e-01 -6.239052414894104004e-01
-8.726874589920043945e-01 -6.868488192558288574e-01 6.261371970176696777e-01 1.041851118206977844e-01
6.472689509391784668e-01 2.588104605674743652e-01 -9.877067208290100098e-01 -1.898995786905288696e-01
4.494517445564270020e-01 -7.564810514450073242e-01 -9.601199626922607422e-01 -6.308432221412658691e-01
7.020316720008850098e-01 -6.913160085678100586e-01 -9.782124757766723633e-01 -4.812776148319244385e-01
2.727442085742950439e-01 -9.750576615333557129e-01 -4.947208613157272339e-02 -7.905013561248779297e-01
-1.000021323561668396e-01 -6.564050316810607910e-01 9.177070260047912598e-01 -9.079739451408386230e-01
7.086251378059387207e-01 1.096283271908760071e-01 -2.565018534660339355e-01 -7.067810297012329102e-01
6.815474033355712891e-01 -8.134188055992126465e-01 -7.272779345512390137e-01 -8.871382474899291992e-01
-8.149557113647460938e-01 -3.418842852115631104e-01 -1.084421649575233459e-01 1.464239060878753662e-01
5.795040726661682129e-01 -7.023615837097167969e-01 3.945104479789733887e-01 -1.081686019897460938e-01
1.235716193914413452e-01 3.660574257373809814e-01 5.135677456855773926e-01 -7.094031572341918945e-01
-7.683313488960266113e-01 5.841793417930603027e-01 9.794844388961791992e-01 -6.975492238998413086e-01
8.283476233482360840e-01 -6.901389956474304199e-01 -4.923302829265594482e-01 -7.296861708164215088e-02
8.912303447723388672e-01 -5.043362975120544434e-01 -1.506633013486862183e-01 8.659492731094360352e-01
-2.516253888607025146e-01 4.339430332183837891e-01 5.652510523796081543e-01 -7.528879642486572266e-01
4.592668414115905762e-01 3.007799386978149414e-04 3.793537244200706482e-02 -1.112152040004730225e-01
6.603153944015502930e-01 9.399943351745605469e-01 2.128914445638656616e-01 1.469959225505590439e-02
-4.250131174921989441e-02 6.277143359184265137e-01 -5.516606569290161133e-01 3.515977859497070312e-01
2.058048546314239502e-02 -4.312643408775329590e-01 2.690074406564235687e-02 2.192271128296852112e-02
-1.910351365804672241e-01 7.288070321083068848e-01 -3.037125468254089355e-01 -6.268855929374694824e-01
6.538280248641967773e-01 -7.881647348403930664e-01 6.803762316703796387e-01 -2.509067207574844360e-02
5.326542258262634277e-01 6.010041236877441406e-01 2.290067374706268311e-01 6.714772582054138184e-01
7.393302917480468750e-01 6.422221064567565918e-01 -2.720986604690551758e-01 2.740621566772460938e-04
-4.482161104679107666e-01 7.819689512252807617e-01 4.382110536098480225e-01 3.636747300624847412e-01
8.719797730445861816e-01 5.237244963645935059e-01 1.582320034503936768e-01 -8.509466648101806641e-01
-5.227437019348144531e-01 3.188480157405138016e-03 5.822998285293579102e-01 -1.323474496603012085e-01
-3.555505573749542236e-01 -4.410917162895202637e-01 1.076335757970809937e-01 -7.606992721557617188e-01
-3.214776888489723206e-02 -1.251398622989654541e-01 -4.631333947181701660e-01 6.260608434677124023e-01
5.110910162329673767e-02 3.533012792468070984e-02 5.658511519432067871e-01 -6.850883960723876953e-01
-6.341661810874938965e-01 9.020642638206481934e-01 6.290424466133117676e-01 -6.952494382858276367e-01
5.997501611709594727e-01 -1.537355780601501465e-01 -6.624798774719238281e-01 -4.401738643646240234e-01
5.134916901588439941e-01 -2.252786010503768921e-01 2.502678036689758301e-01 9.552724957466125488e-01
1.801563985645771027e-02 9.566981196403503418e-01 2.624042332172393799e-01 -2.666074931621551514e-01
-5.796108841896057129e-01 -1.708191335201263428e-01 5.425223335623741150e-02 -2.352713346481323242e-01
-1.466034795157611370e-03 6.798360943794250488e-01 -1.044922396540641785e-01 9.852758049964904785e-01
5.970954298973083496e-01 4.304617643356323242e-01 -2.224415987730026245e-01 -7.752863764762878418e-01
7.771025896072387695e-01 -2.749751135706901550e-02 -2.902875244617462158e-01 3.984578549861907959e-01
9.173008799552917480e-02 9.935848116874694824e-01 6.518716812133789062e-01 -7.002382278442382812e-01
2.314996421337127686e-01 -7.559500932693481445e-01 -2.971436679363250732e-01 -4.800334870815277100e-01
-7.903997898101806641e-01 4.716735333204269409e-02 3.114743232727050781e-01 -7.338358759880065918e-01
4.163560271263122559e-01 -1.028416305780410767e-01 -6.069390773773193359e-01 -2.458667755126953125e-01
6.384903788566589355e-01 7.155004143714904785e-01 3.118987381458282471e-01 -5.243023037910461426e-01
4.576376080513000488e-01 3.964646756649017334e-01 -3.008588552474975586e-01 -6.630839705467224121e-01
3.386523574590682983e-02 2.448517680168151855e-01 5.180135965347290039e-01 -8.634062409400939941e-01
-4.900978803634643555e-01 9.517696499824523926e-01 -4.212039411067962646e-01 1.031111925840377808e-02
8.294749259948730469e-01 2.889821529388427734e-01 -8.054994046688079834e-02 5.702247023582458496e-01
4.839178174734115601e-02 4.511073231697082520e-01 -4.167401492595672607e-01 -4.227917790412902832e-01
3.579804003238677979e-01 9.952363967895507812e-01 -9.185751527547836304e-02 -4.627685844898223877e-01
-7.778921127319335938e-01 3.489581942558288574e-01 7.154538631439208984e-01 -8.949699401855468750e-01
6.981800794601440430e-01 -4.968199431896209717e-01 -8.285515308380126953e-01 -3.169344067573547363e-01
-4.277571737766265869e-01 -9.368776082992553711e-01 4.501754343509674072e-01 9.919043183326721191e-01
8.278591036796569824e-01 3.393592536449432373e-01 -1.049835681915283203e-01 1.108386740088462830e-01
-9.382155537605285645e-01 9.577383399009704590e-01 -4.738736152648925781e-01 -8.039118647575378418e-01
-4.684148430824279785e-01 4.923755228519439697e-01 7.977575063705444336e-01 -1.021647974848747253e-01
9.959094971418380737e-02 -2.268033176660537720e-01 4.939926862716674805e-01 -2.334700524806976318e-01
3.639122247695922852e-01 9.925921559333801270e-01 -9.569439888000488281e-01 3.511812388896942139e-01
4.206811543554067612e-03 -4.384360015392303467e-01 6.575751900672912598e-01 -7.888484597206115723e-01
-2.685407996177673340e-01 -6.126381158828735352e-01 5.574401021003723145e-01 -4.728390574455261230e-01
-6.452785730361938477e-01 -3.937962055206298828e-01 -2.085631340742111206e-01 -2.211353033781051636e-01
-2.765764892101287842e-01 8.290506154298782349e-02 -9.626454114913940430e-01 -8.276351690292358398e-01
-8.550044894218444824e-01 1.345841437578201294e-01 2.918793261051177979e-01 6.355354189872741699e-01
-9.850361943244934082e-01 5.458604693412780762e-01 -1.892371475696563721e-01 -3.505486845970153809e-01
-7.009239196777343750e-01 -3.945142924785614014e-01 6.613205671310424805e-01 -1.248323991894721985e-01
-4.541883468627929688e-01 -7.688627243041992188e-01 7.658463120460510254e-01 1.760206669569015503e-01
9.672086834907531738e-01 4.232419133186340332e-01 -3.127130866050720215e-01 7.296977639198303223e-01
-6.002682447433471680e-01 -1.398358959704637527e-02 -1.131390333175659180e-01 -6.144799664616584778e-02
7.542697191238403320e-01 -4.391386806964874268e-01 -9.800247550010681152e-01 -2.434615194797515869e-01
-3.159418106079101562e-01 -3.567466735839843750e-01 -2.390672713518142700e-01 9.605683684349060059e-01
-5.928069949150085449e-01 4.069869518280029297e-01 3.710107207298278809e-01 1.482479125261306763e-01
-7.037996053695678711e-01 6.166480183601379395e-01 7.671849727630615234e-01 -1.494086980819702148e-01
-6.745690703392028809e-01 3.863502442836761475e-01 1.573411375284194946e-01 3.483075499534606934e-01
-5.653172731399536133e-01 -4.658849537372589111e-01 -8.021916151046752930e-01 3.878659009933471680e-01
5.755782723426818848e-01 -5.253078341484069824e-01 -7.629678249359130859e-01 2.647748887538909912e-01
7.710170745849609375e-01 -2.681991830468177795e-02 -4.407965764403343201e-02 -7.331324219703674316e-01
4.738968014717102051e-01 -7.670094966888427734e-01 -9.899981617927551270e-01 1.171126738190650940e-01
-7.519487142562866211e-01 4.873856604099273682e-01 9.800220280885696411e-02 7.335852980613708496e-01
-4.264680147171020508e-01 5.933489203453063965e-01 2.140242904424667358e-01 -9.534690380096435547e-01
-6.902935504913330078e-01 7.073244452476501465e-01 6.721633076667785645e-01 -8.866662532091140747e-02
2.578664198517799377e-02 7.521749138832092285e-01 4.611776173114776611e-01 -8.758662939071655273e-01
-2.754718251526355743e-02 2.016963958740234375e-01 -1.838437914848327637e-01 3.230670988559722900e-01
4.793622195720672607e-01 -6.559360623359680176e-01 -8.094246387481689453e-01 -2.339214682579040527e-01
-1.117421407252550125e-02 -4.832151830196380615e-01 9.308915138244628906e-01 -9.426545500755310059e-01
-9.788643121719360352e-01 -1.190778762102127075e-01 -3.001970350742340088e-01 -2.656067349016666412e-02
5.749761313199996948e-02 -3.654164075851440430e-01 -2.769578397274017334e-01 -2.228175848722457886e-01
2.802617549896240234e-01 2.466035038232803345e-01 1.643626838922500610e-01 6.210247520357370377e-03
1.553562730550765991e-01 -4.393635690212249756e-01 -7.331635355949401855e-01 -9.079146981239318848e-01
7.175508737564086914e-01 -8.207388520240783691e-01 -6.350885629653930664e-01 5.105113387107849121e-01
-6.336008310317993164e-01 -3.791825473308563232e-01 6.298185586929321289e-01 1.541236042976379395e-01
6.541264653205871582e-01 2.265215963125228882e-01 -1.340937614440917969e-01 3.281130492687225342e-01
8.800474405288696289e-01 3.663192391395568848e-01 -2.595863342285156250e-01 -7.983516454696655273e-01
-7.637304067611694336e-01 9.090985655784606934e-01 7.114944458007812500e-01 -5.557008385658264160e-01
7.530009746551513672e-01 9.796764850616455078e-01 9.865067005157470703e-01 9.506335854530334473e-01
-8.629670739173889160e-01 -9.084870815277099609e-01 5.479251146316528320e-01 5.202562734484672546e-02
5.349414348602294922e-01 7.192923687398433685e-03 -8.400423824787139893e-02 1.405596137046813965e-01
3.659358620643615723e-02 1.702199876308441162e-01 4.533300995826721191e-01 -6.713137030601501465e-02
6.794009208679199219e-01 -8.173650503158569336e-01 1.396602690219879150e-01 -8.762857913970947266e-01
4.914594292640686035e-01 -8.847912549972534180e-01 -7.295152544975280762e-01 3.594534695148468018e-01
4.831729531288146973e-01 -1.024062633514404297e-01 -2.150374799966812134e-01 -1.961952894926071167e-01
4.785860776901245117e-01 -8.597962260246276855e-01 -8.675969839096069336e-01 4.591103196144104004e-01
4.632112104445695877e-03 8.432978987693786621e-01 5.119572877883911133e-01 -6.995251774787902832e-01
-6.625629216432571411e-02 6.642153263092041016e-01 -1.834298968315124512e-01 -5.499854087829589844e-01
4.308631420135498047e-01 -9.915578365325927734e-01 5.322012677788734436e-02 -5.795987248420715332e-01
-1.949994713068008423e-01 8.973833918571472168e-01 -3.745793998241424561e-01 -1.586901843547821045e-01
4.148249924182891846e-01 1.219833865761756897e-01 1.782425045967102051e-01 -6.741867214441299438e-02
5.874605178833007812e-01 2.569879591464996338e-01 -5.637130141258239746e-01 -6.116299033164978027e-01
-7.521288990974426270e-01 -8.231106400489807129e-02 5.974064469337463379e-01 5.144152045249938965e-01
1.219065785408020020e-01 5.356349349021911621e-01 3.343344628810882568e-01 4.310789108276367188e-01
3.329642117023468018e-01 -4.173981249332427979e-01 -4.660897552967071533e-01 -5.821348428726196289e-01
-7.005453109741210938e-01 2.494920492172241211e-01 2.915294468402862549e-01 7.880601286888122559e-01
-4.458955526351928711e-01 5.321891307830810547e-01 6.779440641403198242e-01 -2.580389976501464844e-01
-4.492564797401428223e-01 1.508124619722366333e-01 5.035831332206726074e-01 3.407895863056182861e-01
-3.878346681594848633e-01 5.275309830904006958e-02 3.834385275840759277e-01 1.550947427749633789e-01
3.630771934986114502e-01 -6.884163618087768555e-01 -5.763132572174072266e-01 -6.070122122764587402e-01
-8.090719580650329590e-01 -7.178000211715698242e-01 5.280267596244812012e-01 2.655113041400909424e-01
-6.037062406539916992e-01 5.453262925148010254e-01 8.567214608192443848e-01 -2.029932737350463867e-01
9.518285989761352539e-01 -4.003624022006988525e-01 4.930349886417388916e-01 5.895496010780334473e-01
-7.276630401611328125e-01 -2.232961356639862061e-01 3.990193307399749756e-01 4.359263181686401367e-01
-7.823578119277954102e-01 7.368422150611877441e-01 7.639995813369750977e-01 -6.325555443763732910e-01
-2.652429938316345215e-01 3.602766096591949463e-01 6.787109971046447754e-01 -2.670332603156566620e-02
5.131614804267883301e-01 -5.801806449890136719e-01 -8.553220629692077637e-01 -2.339449375867843628e-01
7.232101559638977051e-01 -1.429622918367385864e-01 -2.273775637149810791e-01 4.160730242729187012e-01
8.897916674613952637e-01 5.831068158149719238e-01 -1.042145341634750366e-01 1.260202005505561829e-02
-4.834638237953186035e-01 7.713187932968139648e-01 4.154342710971832275e-01 -7.686779499053955078e-01
-7.481872439384460449e-01 6.780591011047363281e-01 -9.663508534431457520e-01 -2.179132997989654541e-01
-9.217624664306640625e-01 -5.164921879768371582e-01 2.407578229904174805e-01 -1.169501245021820068e-01
-8.830118775367736816e-01 5.789412260055541992e-01 1.437219828367233276e-01 2.722289264202117920e-01
-3.828730285167694092e-01 -1.847096681594848633e-01 -3.106333613395690918e-01 -9.889156222343444824e-01
-1.138523742556571960e-01 -5.783033370971679688e-01 -7.118567824363708496e-02 2.815988063812255859e-01
6.740866899490356445e-01 1.236375346779823303e-01 2.734016478061676025e-01 6.706423163414001465e-01
6.827558875083923340e-01 -7.673168778419494629e-01 -4.791141748428344727e-01 5.609717369079589844e-01
-1.793317794799804688e-01 -7.675828337669372559e-01 8.189883828163146973e-01 -5.214827060699462891e-01
1.526600569486618042e-01 -1.113541275262832642e-01 -3.989741206169128418e-01 -8.336831331253051758e-01
3.884665668010711670e-01 -2.994157671928405762e-01 3.305371105670928955e-01 7.222314476966857910e-01
-6.762175559997558594e-01 -1.803381294012069702e-01 1.028987169265747070e-01 5.826124548912048340e-01
-6.836194992065429688e-01 -5.653085112571716309e-01 -2.533475160598754883e-01 -1.484110802412033081e-01
1.015439033508300781e-01 -2.707818150520324707e-01 -1.821745634078979492e-01 6.371453404426574707e-01
-3.349083364009857178e-01 -8.355622887611389160e-01 7.811337709426879883e-01 -6.642030477523803711e-01
6.242934465408325195e-01 1.359011232852935791e-01 1.216130182147026062e-01 -1.805682033300399780e-01
-5.772888660430908203e-01 8.269956707954406738e-01 4.621190428733825684e-01 -6.416035890579223633e-01
-8.914771080017089844e-01 -7.192131280899047852e-01 3.382705152034759521e-01 7.474493235349655151e-02
3.492124378681182861e-01 -7.777017354965209961e-01 9.164836406707763672e-01 3.297420591115951538e-02
1.138605549931526184e-01 -9.381020814180374146e-02 -7.528747320175170898e-01 -5.598434209823608398e-01
-9.051735997200012207e-01 9.792204499244689941e-01 2.354223430156707764e-01 7.032165527343750000e-01
-4.046703577041625977e-01 -6.883137226104736328e-01 -5.169547796249389648e-01 3.488482534885406494e-01
3.437625169754028320e-01 5.835732817649841309e-01 6.002119779586791992e-01 -9.485213756561279297e-01
-5.562245249748229980e-01 -3.113521337509155273e-01 6.507228016853332520e-01 -2.184814214706420898e-01
6.967825889587402344e-01 -4.995506107807159424e-01 -1.759258657693862915e-01 -5.161809325218200684e-01
-9.093404412269592285e-01 -1.380242407321929932e-01 6.223505735397338867e-01 5.729174613952636719e-01
4.977225959300994873e-01 -9.124285578727722168e-01 9.927965998649597168e-01 2.135146409273147583e-01
2.753201723098754883e-01 -6.735859513282775879e-01 -3.982424736022949219e-01 -5.082364082336425781e-01
1.952311396598815918e-01 6.046763658523559570e-01 -8.994484543800354004e-01 -7.230389714241027832e-01
-2.844372093677520752e-01 -2.381891757249832153e-01 2.072539879009127617e-03 9.361344575881958008e-01
-6.992309093475341797e-01 -9.200158119201660156e-01 7.972477078437805176e-01 5.194306373596191406e-02
-5.822743773460388184e-01 2.676988840103149414e-01 5.647097229957580566e-01 2.285883873701095581e-01
-3.080318868160247803e-01 -6.714340448379516602e-01 1.404772251844406128e-01 -3.317863345146179199e-01
8.684286475181579590e-01 5.046285688877105713e-02 9.794691950082778931e-02 9.209569692611694336e-01
-5.757362395524978638e-02 -9.525632858276367188e-01 1.331864148378372192e-01 9.310006499290466309e-01
5.401961207389831543e-01 5.995742082595825195e-01 -1.466121524572372437e-02 -8.268147110939025879e-01
-5.861334800720214844e-01 -7.592642307281494141e-01 5.962781310081481934e-01 -3.980381190776824951e-01
-4.898196756839752197e-01 -6.189383268356323242e-01 5.887427926063537598e-01 -7.004283070564270020e-01
-2.706831991672515869e-01 -3.086891211569309235e-02 -2.750367224216461182e-01 -7.870359420776367188e-01
5.727875232696533203e-01 7.438392043113708496e-01 3.181206881999969482e-01 9.541034698486328125e-01
3.576056361198425293e-01 -9.881964325904846191e-01 1.595480926334857941e-02 -4.547265470027923584e-01
5.699182748794555664e-01 5.752916932106018066e-01 3.013050258159637451e-01 8.728129267692565918e-01
-5.896487236022949219e-01 4.211582615971565247e-02 6.872607469558715820e-01 9.915009737014770508e-01
9.083713889122009277e-01 -1.115326490253210068e-02 -3.180280625820159912e-01 5.437784194946289062e-01
8.305031061172485352e-01 8.020921349525451660e-01 -2.103862464427947998e-01 -3.055859506130218506e-01
-7.646533250808715820e-01 8.000057935714721680e-01 6.646917462348937988e-01 -3.435043990612030029e-01
-7.172306776046752930e-01 -2.172963619232177734e-01 -4.331289827823638916e-01 6.096317768096923828e-01
-5.725796818733215332e-01 1.207237541675567627e-01 5.208141803741455078e-01 -2.571361362934112549e-01
9.482985734939575195e-02 8.352195620536804199e-01 4.585595726966857910e-01 -3.077650070190429688e-01
6.567691564559936523e-01 -8.137821555137634277e-01 -6.003067493438720703e-01 -5.776225924491882324e-01
5.307784080505371094e-01 -6.461785435676574707e-01 -6.872985363006591797e-01 -5.755559206008911133e-01
2.670872509479522705e-01 -9.352930784225463867e-01 -7.426816821098327637e-01 4.048836231231689453e-01
7.422789931297302246e-01 -7.097131013870239258e-01 -4.766816794872283936e-01 -9.719921350479125977e-01
-8.794655799865722656e-01 7.767553329467773438e-01 2.508088648319244385e-01 6.741939187049865723e-01
7.379907369613647461e-01 -6.133471131324768066e-01 -4.436159431934356689e-01 6.182541698217391968e-02
-7.265537381172180176e-01 1.024643853306770325e-01 5.219156742095947266e-01 -4.659535884857177734e-01
6.600443124771118164e-01 -7.525280714035034180e-01 -8.251229524612426758e-01 -7.077748179435729980e-01
-4.059200882911682129e-01 4.578936100006103516e-01 7.360491752624511719e-01 -8.603457808494567871e-01
7.313969135284423828e-01 2.358116805553436279e-01 -2.642721831798553467e-01 -7.020340561866760254e-01
6.724576950073242188e-01 8.652393817901611328e-01 2.921226024627685547e-01 9.776688218116760254e-01
-8.232355713844299316e-01 6.717326045036315918e-01 5.428237915039062500e-01 2.119061071425676346e-03
-6.687461137771606445e-01 7.043687105178833008e-01 8.294965624809265137e-01 -2.236408889293670654e-01
-7.807793021202087402e-01 -6.300164014101028442e-02 4.666255712509155273e-01 6.643466353416442871e-01
-3.801559209823608398e-01 2.290397733449935913e-01 -2.118756324052810669e-01 2.017521411180496216e-01
2.217739522457122803e-01 8.145554661750793457e-01 5.831561684608459473e-01 -1.744697839021682739e-01
-7.062444686889648438e-01 3.355379998683929443e-01 4.268541932106018066e-01 -1.433809548616409302e-01
-6.623781323432922363e-01 -6.330542564392089844e-01 5.600219964981079102e-01 3.224496245384216309e-01
-9.391818642616271973e-01 -6.284899115562438965e-01 6.512835621833801270e-01 2.232752591371536255e-01
-7.854115366935729980e-01 2.675886154174804688e-01 3.687964081764221191e-01 5.052152872085571289e-01
3.322975635528564453e-01 -8.506013751029968262e-01 -8.538826107978820801e-01 7.825394868850708008e-01
9.342442452907562256e-02 -1.995265781879425049e-01 -5.642559528350830078e-01 -4.117042124271392822e-01
-8.054717183113098145e-01 2.418838888406753540e-01 1.352530270814895630e-01 -4.650332927703857422e-01
-7.158182859420776367e-01 -4.536617398262023926e-01 5.412648320198059082e-01 1.135376766324043274e-01
-7.717126607894897461e-01 -2.361684441566467285e-01 6.674623489379882812e-01 5.435876250267028809e-01
-3.501670658588409424e-01 7.135471105575561523e-01 -3.599531203508377075e-02 -9.672816842794418335e-03
5.822893381118774414e-01 8.213964104652404785e-01 4.338305443525314331e-02 -4.830856919288635254e-01
4.741751775145530701e-02 -9.455667138099670410e-01 -1.776501238346099854e-01 9.936376810073852539e-01
5.969741344451904297e-01 5.755080580711364746e-01 9.903567433357238770e-01 -6.159535050392150879e-01
-9.444252848625183105e-01 -4.309861660003662109e-01 2.440692931413650513e-01 -2.916816473007202148e-01
-1.655723452568054199e-01 3.957145214080810547e-01 1.500975042581558228e-01 5.693161860108375549e-02
9.271540641784667969e-01 -6.880542039871215820e-01 8.165230154991149902e-01 9.128415584564208984e-01
-4.815201461315155029e-02 9.939915537834167480e-01 -6.314914822578430176e-01 3.181877434253692627e-01
-2.419257313013076782e-01 -3.796916306018829346e-01 -1.771117299795150757e-01 6.507955193519592285e-01
8.709373325109481812e-02 -7.711673974990844727e-01 -2.325594276189804077e-01 9.906278848648071289e-01
1.882916837930679321e-01 -5.900180935859680176e-01 2.488568127155303955e-01 -6.913567781448364258e-01
6.429734826087951660e-01 7.804511487483978271e-02 -3.769483864307403564e-01 -6.931309103965759277e-01
-4.769392907619476318e-01 5.374236702919006348e-01 7.802705764770507812e-01 -3.319605067372322083e-02
-2.768548429012298584e-01 -2.065648585557937622e-01 -4.728747010231018066e-01 -4.249182641506195068e-01
-7.873790264129638672e-01 3.326773643493652344e-01 9.467663615942001343e-02 -5.506001710891723633e-01
5.107485651969909668e-01 -5.677484273910522461e-01 -3.318372964859008789e-01 -5.177364945411682129e-01
5.240831375122070312e-01 -3.652100265026092529e-01 -8.679105341434478760e-02 -6.083790659904479980e-01
-4.185813665390014648e-01 7.223251461982727051e-01 -6.416988372802734375e-02 -9.702311754226684570e-01
-9.733886122703552246e-01 -7.050563097000122070e-01 3.759057819843292236e-01 -8.144001960754394531e-01
8.277953863143920898e-01 9.621527194976806641e-01 -2.359574735164642334e-01 7.559398412704467773e-01
8.159140944480895996e-01 -6.428886651992797852e-01 -4.208234846591949463e-01 8.456560969352722168e-01
5.057138800621032715e-01 -9.341320991516113281e-01 -3.204801976680755615e-01 -9.482206404209136963e-02
2.014218866825103760e-01 2.064451426267623901e-01 5.562485456466674805e-01 -1.780689209699630737e-01
-7.482621073722839355e-01 -2.218978703022003174e-01 5.375789403915405273e-01 2.706931233406066895e-01
5.963319540023803711e-01 -8.673807382583618164e-01 -8.297080397605895996e-01 -8.281679749488830566e-01
8.776388168334960938e-01 -9.531880617141723633e-01 -4.464401900768280029e-01 -7.891146540641784668e-01
-3.168151676654815674e-01 1.032498329877853394e-01 3.490894138813018799e-01 -5.746708512306213379e-01
-8.097412586212158203e-01 -4.198713004589080811e-01 2.262593507766723633e-01 3.533471375703811646e-02
5.642972588539123535e-01 9.886798262596130371e-02 8.157747387886047363e-01 -5.260323286056518555e-01
-1.510707288980484009e-01 -3.263643383979797363e-02 -2.661678194999694824e-01 -9.920599870383739471e-03
7.480721473693847656e-01 -8.097050189971923828e-01 -6.908921003341674805e-01 -5.666219592094421387e-01
1.994916349649429321e-01 -6.369001269340515137e-01 -1.731951385736465454e-01 8.674082159996032715e-01
-4.461709782481193542e-02 -3.136410713195800781e-01 7.506936788558959961e-01 -7.292545586824417114e-02
6.773211359977722168e-01 -4.074656069278717041e-01 -8.745315074920654297e-01 -1.981989443302154541e-01
8.414700627326965332e-01 -7.828700542449951172e-01 6.973000168800354004e-01 7.001037001609802246e-01
6.740924119949340820e-01 8.837204575538635254e-01 5.956513285636901855e-01 -7.168177366256713867e-01
9.840033054351806641e-01 -7.148826718330383301e-01 6.251813471317291260e-02 -4.051316678524017334e-01
4.330902099609375000e-01 9.351116418838500977e-02 2.115443348884582520e-01 5.563247799873352051e-01
8.403003215789794922e-01 5.576754212379455566e-01 -2.544557452201843262e-01 9.380826950073242188e-01
6.187064051628112793e-01 6.718663573265075684e-01 -2.821654975414276123e-01 1.491590961813926697e-02
5.650190711021423340e-01 -9.287039637565612793e-01 -8.210507631301879883e-01 5.449699759483337402e-01
-2.770184576511383057e-01 3.267173469066619873e-01 5.409578084945678711e-01 -8.197001218795776367e-01
1.658707410097122192e-01 -7.178048491477966309e-01 -2.996003329753875732e-01 4.291824400424957275e-01
8.032816052436828613e-01 5.203381180763244629e-01 -1.658688485622406006e-01 6.719011347740888596e-03
-1.689621657133102417e-01 7.871853113174438477e-01 8.022238612174987793e-01 -6.394921541213989258e-01
-4.919197037816047668e-02 2.401442378759384155e-01 2.250847518444061279e-01 -3.445667400956153870e-02
-7.351706027984619141e-01 -4.954121410846710205e-01 3.629789948463439941e-01 -4.386671781539916992e-01
-1.664828658103942871e-01 -5.042606592178344727e-01 -1.467220950871706009e-02 1.314105391502380371e-01
-3.431069552898406982e-01 3.374855965375900269e-02 2.811784446239471436e-01 -1.114007458090782166e-01
-6.311236023902893066e-01 7.968045473098754883e-01 5.959762930870056152e-01 -3.000173866748809814e-01
1.580521464347839355e-01 3.825609683990478516e-01 -4.223112165927886963e-01 -9.869849681854248047e-01
9.271416664123535156e-01 5.727058649063110352e-01 -3.813700973987579346e-01 -7.310194373130798340e-01
-7.326104044914245605e-01 5.809552073478698730e-01 8.210986852645874023e-01 -6.968870162963867188e-01
5.773568153381347656e-01 9.279039502143859863e-01 7.293493151664733887e-01 7.784730792045593262e-01
2.873301506042480469e-01 5.203099250793457031e-01 2.417689263820648193e-01 7.710801959037780762e-01
4.844464063644409180e-01 -7.179452180862426758e-01 -5.158444046974182129e-01 -7.423884272575378418e-01
-9.848192334175109863e-01 -3.326382935047149658e-01 9.980589896440505981e-02 9.504781663417816162e-02
2.192849367856979370e-01 -3.907833397388458252e-01 -6.314589381217956543e-01 -6.792702525854110718e-02
-1.608124971389770508e-01 -7.318776845932006836e-02 -1.686612963676452637e-01 -6.920083165168762207e-01
-5.959373116493225098e-01 5.971018075942993164e-01 1.606795340776443481e-01 2.327723056077957153e-01
4.488542377948760986e-01 -6.356027722358703613e-01 -4.048645794391632080e-01 -3.018355667591094971e-01
-5.182425379753112793e-01 -7.959066033363342285e-01 2.213790565729141235e-01 -7.411572337150573730e-01
-7.129690647125244141e-01 -4.999590516090393066e-01 -1.667322814464569092e-01 -1.281448155641555786e-01
-6.585524082183837891e-01 6.363649666309356689e-02 2.713948190212249756e-01 5.836951732635498047e-01
-9.849241375923156738e-01 -1.986646056175231934e-01 -2.161066532135009766e-01 -4.996005073189735413e-02
2.869233787059783936e-01 -7.484208941459655762e-01 -3.173275291919708252e-01 -3.409678936004638672e-01
3.016579747200012207e-01 1.144499853253364563e-01 6.635713577270507812e-01 -2.863521873950958252e-01
3.784338831901550293e-01 5.576824545860290527e-01 -5.003811791539192200e-02 -7.668462395668029785e-01
-4.844800531864166260e-01 8.102644085884094238e-01 6.838772892951965332e-01 -5.323121324181556702e-03
3.637061715126037598e-01 -7.725701332092285156e-01 -9.659925699234008789e-01 6.381018757820129395e-01
6.664161086082458496e-01 -5.366323590278625488e-01 -8.404641151428222656e-01 2.759852111339569092e-01
8.587303757667541504e-01 6.731887459754943848e-01 7.900268584489822388e-02 -7.287000417709350586e-01
7.338875532150268555e-01 -7.669737339019775391e-01 -5.465980172157287598e-01 -8.576460480690002441e-01
7.408583760261535645e-01 8.599140644073486328e-01 4.053297936916351318e-01 9.493505358695983887e-01
2.462260574102401733e-01 -3.392551541328430176e-01 -1.690900027751922607e-01 -1.672478020191192627e-01
5.397433787584304810e-02 6.338025927543640137e-01 7.571346163749694824e-01 9.085326790809631348e-01
3.359057605266571045e-01 -6.478646993637084961e-01 -8.459797501564025879e-01 5.624501109123229980e-01
4.935697913169860840e-01 5.003257393836975098e-01 -3.320653140544891357e-01 -8.489048480987548828e-01
6.323457956314086914e-01 -7.065019011497497559e-01 -6.696311831474304199e-01 -7.237733006477355957e-01
2.925480008125305176e-01 -6.351463794708251953e-01 -5.277976989746093750e-01 -5.016251206398010254e-01
1.944583952426910400e-01 -8.543702363967895508e-01 9.245583415031433105e-01 6.440681815147399902e-01
-4.405126571655273438e-01 7.172378301620483398e-01 4.781473875045776367e-01 -6.855183243751525879e-01
-6.448037624359130859e-01 -4.018423855304718018e-01 4.823934733867645264e-01 -8.017588853836059570e-01
9.657715559005737305e-01 -8.893225193023681641e-01 -2.764971256256103516e-01 -8.081753849983215332e-01
-5.328205972909927368e-02 -7.625849843025207520e-01 -8.403517007827758789e-01 7.999580502510070801e-01
-4.985164999961853027e-01 3.653559461236000061e-02 7.496895194053649902e-01 6.697384715080261230e-01
4.914608895778656006e-01 8.133410476148128510e-03 1.024446934461593628e-01 -1.595069020986557007e-01
6.601971983909606934e-01 4.014645814895629883e-01 9.353188872337341309e-01 -2.812835574150085449e-01
-7.174575328826904297e-01 8.366426229476928711e-01 6.713308691978454590e-01 -4.321916103363037109e-01
5.711458921432495117e-01 -1.268167346715927124e-01 7.338706851005554199e-01 -4.496614336967468262e-01
8.535049557685852051e-01 1.324907541275024414e-01 -7.274430245161056519e-02 -8.001043796539306641e-01
8.266400694847106934e-01 8.832394480705261230e-01 -1.806181371212005615e-01 3.005172908306121826e-01
4.245886802673339844e-01 7.579326629638671875e-01 6.926019787788391113e-01 2.610330581665039062e-01
3.194331526756286621e-01 -2.263030558824539185e-01 -3.248129487037658691e-01 -7.678337097167968750e-01
-1.619323939085006714e-01 1.086148023605346680e-01 -1.923825293779373169e-01 -4.119923710823059082e-02
4.704777002334594727e-01 8.000535517930984497e-02 3.919128775596618652e-01 -2.025360465049743652e-01
5.613347291946411133e-01 4.737028479576110840e-01 3.216386735439300537e-01 -1.877078413963317871e-01
-8.032132387161254883e-01 4.990196824073791504e-01 5.062558650970458984e-01 1.989162415266036987e-01
-4.296008031815290451e-03 -6.037625074386596680e-01 4.177809059619903564e-01 -8.098619580268859863e-01
6.974031329154968262e-01 -8.205324411392211914e-01 -7.984632253646850586e-01 3.911583423614501953e-01
-1.594528853893280029e-01 3.821294903755187988e-01 -7.095890045166015625e-01 -7.782356739044189453e-01
4.639628231525421143e-01 -4.648256301879882812e-01 -9.524212479591369629e-01 -7.452596426010131836e-01
2.834857404232025146e-01 3.244235813617706299e-01 5.359649658203125000e-02 -6.053192615509033203e-01
-2.965002357959747314e-01 7.719932198524475098e-01 3.873689770698547363e-01 2.748473547399044037e-02
-7.409524917602539062e-01 5.895869731903076172e-01 2.343536615371704102e-01 6.209345459938049316e-01
-6.731759309768676758e-01 -4.438977241516113281e-01 -4.921323657035827637e-01 5.689530372619628906e-01
3.293706774711608887e-01 -5.970406532287597656e-01 -5.020319819450378418e-01 -5.385346710681915283e-03
7.770214676856994629e-01 4.900341033935546875e-01 9.636819958686828613e-01 -4.580429494380950928e-01
8.681198954582214355e-01 7.617855668067932129e-01 1.828162819147109985e-01 -4.568125009536743164e-01
6.778057217597961426e-01 1.216179057955741882e-01 -1.140885278582572937e-01 7.881183028221130371e-01
8.765791058540344238e-01 5.113932490348815918e-01 -3.407073915004730225e-01 -6.970844864845275879e-01
-5.910391211509704590e-01 -2.412922382354736328e-01 -9.028326272964477539e-01 4.459095001220703125e-01
6.523447036743164062e-01 -8.967511653900146484e-01 -8.497334718704223633e-01 -8.566153049468994141e-01
-5.096831321716308594e-01 -1.089399773627519608e-02 -1.377669721841812134e-01 -3.983177542686462402e-01
-4.368804097175598145e-01 -2.743711471557617188e-01 1.558723896741867065e-01 -3.289395943284034729e-02
-7.287511974573135376e-02 -5.293269157409667969e-01 -3.663316667079925537e-01 9.913500547409057617e-01
4.268116652965545654e-01 5.498123168945312500e-01 2.150119245052337646e-01 4.065672159194946289e-01
1.197086125612258911e-01 3.029537796974182129e-01 -4.906823635101318359e-01 -9.836820363998413086e-01
-4.768463373184204102e-01 -4.706507921218872070e-01 -6.102617979049682617e-01 -2.445329129695892334e-01
-9.475428462028503418e-01 -5.987746715545654297e-01 3.110522925853729248e-01 -3.327749967575073242e-01
-8.153086900711059570e-01 -3.567776978015899658e-01 1.778860837221145630e-01 -3.156921863555908203e-01
-6.575614213943481445e-01 -1.586774922907352448e-02 2.407666146755218506e-01 4.717374145984649658e-01
-6.560936570167541504e-01 -1.418037712574005127e-01 2.768758833408355713e-01 1.382238566875457764e-01
9.782964736223220825e-02 3.160039484500885010e-01 -4.205501675605773926e-01 -9.115273952484130859e-01
-9.498137235641479492e-01 -3.552265167236328125e-01 2.306308448314666748e-01 2.236112579703330994e-02
-6.192463636398315430e-01 1.874444037675857544e-01 1.917330026626586914e-01 5.744647383689880371e-01
-5.875923633575439453e-01 3.939082026481628418e-01 1.485726535320281982e-01 3.047534227371215820e-01
8.501752018928527832e-01 -6.828089952468872070e-01 -6.411593556404113770e-01 2.279961705207824707e-01
7.439288496971130371e-01 3.090516924858093262e-01 4.303788542747497559e-01 8.513990640640258789e-01
9.507358670234680176e-01 9.584400653839111328e-01 -1.250700354576110840e-01 7.362288236618041992e-02
-8.646647930145263672e-01 -1.848096102476119995e-01 2.941829562187194824e-01 2.964554429054260254e-01
-9.097477793693542480e-01 -5.198699235916137695e-02 6.022893786430358887e-01 5.603693127632141113e-01
-4.918418079614639282e-02 -7.408969998359680176e-01 1.383031308650970459e-01 -4.162527918815612793e-01
-3.770533204078674316e-01 9.843332320451736450e-02 -2.326214462518692017e-01 9.144806265830993652e-01
4.177353084087371826e-01 -9.744592905044555664e-01 -8.132368326187133789e-01 5.188578367233276367e-01
-7.102515101432800293e-01 3.192342519760131836e-01 7.014093399047851562e-01 -4.036090970039367676e-01
-3.983787596225738525e-01 8.193550747819244862e-04 -1.874664276838302612e-01 -3.802857100963592529e-01
-2.603923082351684570e-01 -3.037843704223632812e-01 7.844569087028503418e-01 9.908848255872726440e-02
-7.455920577049255371e-01 -1.319783329963684082e-01 -9.768763184547424316e-01 2.333068400621414185e-01
7.787002921104431152e-01 5.920480489730834961e-01 3.902942538261413574e-01 7.932949066162109375e-01
4.179740548133850098e-01 7.500135898590087891e-01 7.191590666770935059e-01 -1.028212234377861023e-01
6.947845816612243652e-01 -3.334127962589263916e-01 1.909939106553792953e-03 3.144776225090026855e-01
-8.405848145484924316e-01 9.748146533966064453e-01 1.913345009088516235e-01 8.642962574958801270e-01
5.824229717254638672e-01 9.377777576446533203e-01 1.071070879697799683e-01 4.865330457687377930e-02
9.950580000877380371e-01 -9.446501731872558594e-01 -2.182947471737861633e-02 4.573463499546051025e-01
4.359157979488372803e-01 -8.760687112808227539e-01 -2.752055525779724121e-01 -9.257019162178039551e-01
-4.606261253356933594e-01 -3.828032910823822021e-01 -2.750415205955505371e-01 6.026909351348876953e-01
9.119608402252197266e-01 -5.122393965721130371e-01 2.237016409635543823e-01 4.727884232997894287e-01
-7.766894698143005371e-01 -7.932434678077697754e-01 5.162178277969360352e-01 -8.145420551300048828e-01
-6.564736962318420410e-01 2.835473120212554932e-01 4.196409881114959717e-01 -5.769258141517639160e-01
9.067156910896301270e-01 3.298827409744262695e-01 3.588676452636718750e-01 5.330868437886238098e-02
5.376985669136047363e-01 8.735152333974838257e-02 2.259266227483749390e-01 -9.628380835056304932e-02
2.702498137950897217e-01 3.333245515823364258e-01 7.228803634643554688e-01 -2.962383925914764404e-01
-3.062208369374275208e-02 -1.818811446428298950e-01 -1.970759630203247070e-01 5.327221751213073730e-01
-4.909123480319976807e-01 2.011031061410903931e-01 -4.475383162498474121e-01 -2.061971873044967651e-01
4.861695691943168640e-02 4.709690809249877930e-02 2.946474403142929077e-02 -8.329588770866394043e-01
2.110753506422042847e-01 3.830371797084808350e-01 -4.921142160892486572e-01 1.808153241872787476e-01
7.193909883499145508e-01 -7.510550618171691895e-01 -4.825290143489837646e-01 -2.547655403614044189e-01
-4.742102622985839844e-01 -2.784374952316284180e-01 -6.257627010345458984e-01 7.146258950233459473e-01
8.914007544517517090e-01 2.778958678245544434e-01 -1.273887902498245239e-01 7.986048460006713867e-01
9.553296118974685669e-02 -3.955363936256617308e-04 -2.162801474332809448e-01 4.332392513751983643e-01
9.299814105033874512e-01 8.264675736427307129e-02 -4.283190146088600159e-02 9.718403816223144531e-01
-4.230167567729949951e-01 9.733626246452331543e-01 9.185304641723632812e-01 -7.530134916305541992e-01
-8.080268502235412598e-01 -1.022133976221084595e-01 4.158752560615539551e-01 4.084645807743072510e-01
-8.546313643455505371e-01 -5.417088866233825684e-01 3.262135684490203857e-01 1.148106455802917480e-01
-1.322363615036010742e-01 1.540647726505994797e-02 4.566605389118194580e-01 -9.462257623672485352e-01
7.838931083679199219e-01 1.988885849714279175e-01 -1.360771954059600830e-01 -8.084253072738647461e-01
-4.997390210628509521e-01 7.518730163574218750e-01 9.085292816162109375e-01 -3.035160303115844727e-01
6.509496569633483887e-01 3.811926543712615967e-01 -4.543543159961700439e-01 2.461070120334625244e-01
2.133814096450805664e-01 5.437182188034057617e-01 -1.412030011415481567e-01 3.202213048934936523e-01
6.057656407356262207e-01 -9.683163762092590332e-01 -7.138324975967407227e-01 -7.751130461692810059e-01
-6.318543553352355957e-01 -4.501097500324249268e-01 -3.976056873798370361e-01 -4.714847207069396973e-01
4.847103953361511230e-01 -6.050394177436828613e-01 -8.358820676803588867e-01 -2.238322645425796509e-01
4.426104128360748291e-01 5.768299698829650879e-01 6.323086023330688477e-01 9.220787882804870605e-01
3.324403613805770874e-02 5.560156106948852539e-01 4.133222699165344238e-01 -6.461925804615020752e-02
4.875851273536682129e-01 2.815074846148490906e-02 7.942867279052734375e-02 -2.012349665164947510e-01
-6.727765798568725586e-01 -9.751281738281250000e-01 -9.922239780426025391e-01 9.134776592254638672e-01
3.114104866981506348e-01 -1.612649559974670410e-01 -4.136393070220947266e-01 -5.445845723152160645e-01
-6.289006471633911133e-01 3.091485798358917236e-01 5.975300669670104980e-01 -1.939637660980224609e-01
-3.663338124752044678e-01 -5.093905925750732422e-01 2.397242784500122070e-01 -5.217566341161727905e-02
1.779635399580001831e-01 -3.959202468395233154e-01 -8.369756340980529785e-01 -4.460207819938659668e-01
1.041517779231071472e-02 6.579482555389404297e-01 -3.812999427318572998e-01 -9.023723006248474121e-01
-8.076745271682739258e-01 5.814542621374130249e-02 6.520484685897827148e-01 -4.205736219882965088e-01
6.839914917945861816e-01 -9.749990701675415039e-01 -2.752478793263435364e-02 -3.798943758010864258e-01
5.067344903945922852e-01 7.959275245666503906e-01 -4.868166446685791016e-01 7.567039132118225098e-01
4.960089623928070068e-01 6.073737740516662598e-01 8.087120652198791504e-01 8.264637589454650879e-01
-3.098088502883911133e-01 4.801233708858489990e-01 -6.856223344802856445e-01 -7.346503734588623047e-01
-1.945784837007522583e-01 -1.466707587242126465e-01 -3.683613538742065430e-01 -9.545826911926269531e-01
-4.155060052871704102e-01 -7.941544651985168457e-01 2.125133126974105835e-01 -1.537057161331176758e-01
3.697373867034912109e-01 -5.930464863777160645e-01 -4.974029362201690674e-01 -4.878625571727752686e-01
7.456508874893188477e-01 -7.470800876617431641e-01 -7.677795290946960449e-01 2.630396783351898193e-01
-4.126545488834381104e-01 9.260306507349014282e-02 -1.351955682039260864e-01 9.412044286727905273e-01
-1.598543673753738403e-01 6.253876257687807083e-03 -3.724287152290344238e-01 -9.521006792783737183e-02
-4.783326983451843262e-01 3.104546070098876953e-01 6.379714608192443848e-01 -1.866130679845809937e-01
4.994084239006042480e-01 -4.183745980262756348e-01 -2.815083265304565430e-01 -8.685810565948486328e-01
3.831688463687896729e-01 5.560318827629089355e-01 1.430996358394622803e-01 6.617413759231567383e-01
-5.609210133552551270e-01 -2.252999842166900635e-01 4.494444653391838074e-02 -9.824384003877639771e-02
-7.075280547142028809e-01 -4.303382709622383118e-02 6.326746940612792969e-01 1.961317807435989380e-01
9.591407179832458496e-01 -5.594754219055175781e-01 2.703467905521392822e-01 5.378886461257934570e-01
-6.329855322837829590e-01 8.096650838851928711e-01 6.434406638145446777e-01 -6.834995150566101074e-01
6.043890118598937988e-01 -8.566430807113647461e-01 -7.573640346527099609e-01 -9.291824698448181152e-01
-2.926397621631622314e-01 4.352720379829406738e-01 5.775218009948730469e-01 -1.547614037990570068e-01
-7.226763367652893066e-01 -5.553807616233825684e-01 9.361172914505004883e-01 4.428810775279998779e-01
6.224933862686157227e-01 9.884180426597595215e-01 -3.697070181369781494e-01 2.064323574304580688e-01
-7.904576659202575684e-01 7.412123084068298340e-01 2.713024914264678955e-01 2.908095158636569977e-02
-7.020404338836669922e-01 -6.594010591506958008e-01 -1.069556623697280884e-01 4.211909174919128418e-01
7.985867261886596680e-01 -5.643962621688842773e-01 -7.542583942413330078e-01 3.553624451160430908e-01
-8.512907624244689941e-01 -1.307516917586326599e-02 -2.522859275341033936e-01 5.289931893348693848e-01
-7.309288382530212402e-01 -2.681431472301483154e-01 4.516381919384002686e-01 4.080967605113983154e-01
-6.564559340476989746e-01 -4.496290087699890137e-01 -4.877658188343048096e-01 -5.149329900741577148e-01
-2.088370621204376221e-01 -7.332516312599182129e-01 3.005612194538116455e-01 -7.178917527198791504e-02
-7.889930009841918945e-01 5.369798541069030762e-01 5.471761226654052734e-01 -1.795158721506595612e-02
-9.427769780158996582e-01 -7.447214126586914062e-01 2.880016267299652100e-01 -3.361682295799255371e-01
9.049525260925292969e-01 -9.867452979087829590e-01 1.489407271146774292e-01 -9.242709875106811523e-01
9.591942429542541504e-01 4.588632285594940186e-01 9.935389161109924316e-01 -4.831466376781463623e-01
-4.240626990795135498e-01 -1.190513744950294495e-02 6.456227898597717285e-01 -8.579348027706146240e-02
-4.504513740539550781e-01 5.884186029434204102e-01 -9.666218757629394531e-01 -6.902825832366943359e-01
3.936204910278320312e-01 -1.505363434553146362e-01 -4.092843234539031982e-01 -6.012432575225830078e-01
6.184548735618591309e-01 3.957853615283966064e-01 -2.102286517620086670e-01 -7.249416112899780273e-01
-7.930461764335632324e-01 9.199795126914978027e-01 2.002010792493820190e-01 6.276288628578186035e-01
9.038103818893432617e-01 -4.681123197078704834e-01 3.187265694141387939e-01 4.515531361103057861e-01
1.647863686084747314e-01 -4.665201902389526367e-01 3.195343911647796631e-01 -7.996271848678588867e-01
-3.556715250015258789e-01 9.768612384796142578e-01 -5.074494481086730957e-01 -2.317935675382614136e-01
-7.313137501478195190e-02 -9.881105422973632812e-01 6.769326329231262207e-02 -6.574411988258361816e-01
6.366558074951171875e-01 -7.771018147468566895e-01 -9.276680946350097656e-01 4.158112704753875732e-01
-6.316513419151306152e-01 -4.224516451358795166e-01 -7.896915823221206665e-02 -1.005452200770378113e-01
8.647457361221313477e-01 7.706434130668640137e-01 1.952145099639892578e-01 -7.936002016067504883e-01
4.418810606002807617e-01 6.899247411638498306e-03 2.191913425922393799e-01 4.421297609806060791e-01
-7.744668722152709961e-01 8.095912337303161621e-01 5.743849873542785645e-01 -4.482706189155578613e-01
8.492211103439331055e-01 -4.027919769287109375e-01 -1.184809207916259766e-01 7.367550134658813477e-01
9.935707785189151764e-03 -4.622402489185333252e-01 6.435380578041076660e-01 -1.541401296854019165e-01
4.599358439445495605e-01 3.100640699267387390e-02 2.408987283706665039e-01 4.178616777062416077e-02
-4.936350584030151367e-01 1.173389926552772522e-01 -4.904793202877044678e-01 8.301863670349121094e-01
-2.207890599966049194e-01 4.817136526107788086e-01 -6.171745061874389648e-01 5.360317230224609375e-01
4.375616908073425293e-01 6.430726647377014160e-01 1.705942861735820770e-02 3.525845333933830261e-02
-8.878032565116882324e-01 7.293487787246704102e-01 7.117099165916442871e-01 1.078997403383255005e-01
-1.839371323585510254e-01 5.749117136001586914e-01 3.955253958702087402e-01 -1.197614613920450211e-02
-7.269679307937622070e-01 -3.490043580532073975e-01 -9.097347259521484375e-01 4.718470871448516846e-01
-5.344730019569396973e-01 -5.583448708057403564e-02 7.431112527847290039e-01 -1.246510446071624756e-01
7.565814852714538574e-01 8.298107981681823730e-01 1.246047168970108032e-01 -4.459122717380523682e-01
-6.041295528411865234e-01 -1.610359847545623779e-01 4.117546975612640381e-01 -5.497897863388061523e-01
8.971696496009826660e-01 -1.507228165864944458e-01 1.068643759936094284e-02 7.628946900367736816e-01
6.876323223114013672e-01 -7.658876180648803711e-01 -5.406615138053894043e-01 3.390995860099792480e-01
-3.121872246265411377e-01 2.235504090785980225e-01 5.699198246002197266e-01 7.595271617174148560e-02
-1.544462442398071289e-01 9.986103773117065430e-01 6.021002680063247681e-02 -3.547087907791137695e-01
7.480164766311645508e-01 -7.332400679588317871e-01 -6.277349591255187988e-01 -1.236328110098838806e-02
-6.592285633087158203e-01 -9.862600564956665039e-01 -8.474193215370178223e-01 9.579174518585205078e-01
7.962392568588256836e-01 3.065389394760131836e-01 -3.042600154876708984e-01 -7.933423519134521484e-01
-9.439224600791931152e-01 -6.718448400497436523e-01 3.692326843738555908e-01 -3.419719636440277100e-01
-6.937875747680664062e-01 8.859504461288452148e-01 2.201139740645885468e-02 -9.663114547729492188e-01
6.940076351165771484e-01 3.442953228950500488e-01 -7.225618511438369751e-02 -3.779993578791618347e-02
9.752687215805053711e-01 9.308285117149353027e-01 5.742045640945434570e-01 -2.436210364103317261e-01
-6.484179496765136719e-01 7.687060832977294922e-01 6.760539412498474121e-01 -6.639690399169921875e-01
4.852049052715301514e-01 6.687320470809936523e-01 -5.356187745928764343e-02 9.911748766899108887e-01
6.592704653739929199e-01 9.883658289909362793e-01 -8.705020695924758911e-02 -6.217414736747741699e-01
6.951433420181274414e-01 4.970934689044952393e-01 -2.294168770313262939e-01 8.183562755584716797e-01
4.548154175281524658e-01 4.833394289016723633e-01 9.186260104179382324e-01 5.742312073707580566e-01
8.070976734161376953e-01 -5.255551934242248535e-01 -1.156494468450546265e-01 8.258652687072753906e-01
-8.514850735664367676e-01 1.180921774357557297e-02 5.873060226440429688e-01 -4.283063709735870361e-01
9.663640856742858887e-01 8.951777219772338867e-01 -2.119584679603576660e-01 7.528669834136962891e-01
-8.376404643058776855e-01 9.944111108779907227e-01 4.677436649799346924e-01 1.063947975635528564e-01
3.345218300819396973e-01 9.093382358551025391e-01 2.378663718700408936e-01 5.833321809768676758e-01
5.026065558195114136e-02 -1.194146126508712769e-01 -2.141553312540054321e-01 2.619809210300445557e-01
-8.381835222244262695e-01 2.062455713748931885e-01 6.512488722801208496e-01 -4.771103858947753906e-01
9.367513656616210938e-01 -5.523051619529724121e-01 -2.474884241819381714e-01 -4.150199890136718750e-01
6.539646387100219727e-01 -8.501132726669311523e-01 -7.277406454086303711e-01 -8.515869975090026855e-01
9.652922302484512329e-02 -4.582488238811492920e-01 7.883363962173461914e-01 2.074921429157257080e-01
-8.920780420303344727e-01 -4.692098796367645264e-01 -5.676169395446777344e-01 1.172964647412300110e-01
-4.194877743721008301e-01 9.318970441818237305e-01 2.351401448249816895e-01 6.410662531852722168e-01
-6.583462357521057129e-01 2.876541614532470703e-01 2.766763567924499512e-01 -2.985911071300506592e-01
7.422040104866027832e-01 -8.016148805618286133e-01 -6.766756176948547363e-01 -8.121839761734008789e-01
-2.970579862594604492e-01 6.908307671546936035e-01 -9.241461753845214844e-01 9.614305496215820312e-01
-8.103655576705932617e-01 -1.911641210317611694e-01 6.639631986618041992e-01 4.440864026546478271e-01
8.094767928123474121e-01 9.687121510505676270e-01 3.395901992917060852e-03 6.228587627410888672e-01
-6.750258207321166992e-01 -5.549952387809753418e-01 7.337268590927124023e-01 1.586681157350540161e-01
-5.584457144141197205e-02 -9.087482094764709473e-01 3.969395458698272705e-01 -9.534385800361633301e-01
5.112171173095703125e-01 -3.102868795394897461e-01 1.990711390972137451e-01 9.891834855079650879e-01
8.622417449951171875e-01 9.124194383621215820e-01 2.666302323341369629e-01 1.702449023723602295e-01
-6.096279621124267578e-01 -9.019649028778076172e-01 5.615246891975402832e-01 -9.528352022171020508e-01
1.209104135632514954e-01 -8.268977403640747070e-01 4.131634533405303955e-01 8.114681243896484375e-01
8.890761435031890869e-02 3.241477310657501221e-01 2.912621796131134033e-01 -9.235461950302124023e-01
9.861582517623901367e-01 1.470123529434204102e-01 9.843164682388305664e-01 -9.452723860740661621e-01
-2.615884840488433838e-01 -2.430057674646377563e-01 -4.653140008449554443e-01 -9.192382097244262695e-01
1.563811004161834717e-01 2.108999192714691162e-01 -2.453444898128509521e-01 -8.446205854415893555e-01
1.053767353296279907e-01 -5.977236032485961914e-01 7.489066123962402344e-01 -7.455682158470153809e-01
-5.175799727439880371e-01 -3.677395582199096680e-01 2.781575322151184082e-01 8.025231361389160156e-01
6.290686130523681641e-01 -6.240130662918090820e-01 -7.929171919822692871e-01 -2.530902624130249023e-01
-8.996195197105407715e-01 6.140216588973999023e-01 3.114523589611053467e-01 -9.536836296319961548e-02
5.486803650856018066e-01 -4.208693206310272217e-01 1.555680781602859497e-01 7.373450696468353271e-02
-5.284599065780639648e-01 9.747579693794250488e-01 3.432890474796295166e-01 -3.297063708305358887e-01
8.303293585777282715e-01 -1.619931906461715698e-01 3.125047683715820312e-02 -4.673254191875457764e-01
4.833028912544250488e-01 5.087921619415283203e-01 7.735180854797363281e-01 6.754073500633239746e-01
6.834380030632019043e-01 -9.253667593002319336e-01 -1.512447930872440338e-02 9.223775267601013184e-01
-1.307480335235595703e-01 -9.856696724891662598e-01 2.315895557403564453e-01 -4.020892381668090820e-01
-3.903346657752990723e-01 5.955441594123840332e-01 3.003099374473094940e-02 6.820501685142517090e-01
4.951941594481468201e-02 -4.255175299476832151e-04 -3.207213282585144043e-01 -1.520275324583053589e-01
-7.522234916687011719e-01 3.255822956562042236e-01 1.821943372488021851e-01 -1.525701880455017090e-01
4.526358842849731445e-01 6.521575450897216797e-01 3.867651820182800293e-01 -5.168694257736206055e-01
-5.221360325813293457e-01 -4.213677346706390381e-01 1.983401598408818245e-03 -1.015074774622917175e-01
-5.586158633232116699e-01 1.272497624158859253e-01 4.808384180068969727e-01 -8.904910832643508911e-02
6.164684295654296875e-01 -2.211406230926513672e-01 2.781762778759002686e-01 1.585738658905029297e-01
4.859155118465423584e-01 -5.624428987503051758e-01 -6.596563458442687988e-01 -7.827075719833374023e-01
4.849108681082725525e-02 -7.512542605400085449e-02 3.373799324035644531e-01 -9.285992383956909180e-01
-9.987798333168029785e-01 5.037055611610412598e-01 -7.486460804939270020e-01 -8.129083365201950073e-02
5.835717916488647461e-01 -4.928504824638366699e-01 -3.966617882251739502e-01 -7.139546275138854980e-01
-2.723202109336853027e-01 -3.974632918834686279e-01 -5.127869844436645508e-01 1.404014378786087036e-01
-8.277588486671447754e-01 -5.505287647247314453e-01 9.086143970489501953e-02 -1.226606499403715134e-02
-4.558016359806060791e-01 3.247825503349304199e-01 4.352931082248687744e-01 -1.201540306210517883e-01
2.973753809928894043e-01 -6.655293107032775879e-01 1.941264271736145020e-01 9.508571028709411621e-01
7.245407700538635254e-01 3.817646503448486328e-01 4.293630123138427734e-01 -1.150260344147682190e-01
6.098730564117431641e-01 6.613236665725708008e-01 2.603833973407745361e-01 -4.830093681812286377e-01
-8.807183504104614258e-01 5.985984206199645996e-01 3.908191323280334473e-01 2.652029991149902344e-01
-8.648249506950378418e-01 4.259020984172821045e-01 7.595698237419128418e-01 6.466068029403686523e-01
3.534576296806335449e-01 -2.879192531108856201e-01 2.852847278118133545e-01 4.496365189552307129e-01
-8.750714063644409180e-01 1.029152348637580872e-01 -8.180156350135803223e-01 -7.426673769950866699e-01
7.313643693923950195e-01 9.904178977012634277e-01 -6.996344327926635742e-01 -5.865388512611389160e-01
-4.585592746734619141e-01 -3.479049801826477051e-01 3.803685903549194336e-01 4.074054062366485596e-01
9.200806021690368652e-01 4.643009305000305176e-01 -2.906328141689300537e-01 -6.726639866828918457e-01
9.104135632514953613e-01 7.558236122131347656e-01 -1.331256479024887085e-01 -1.845348775386810303e-01
4.491108655929565430e-01 1.842957735061645508e-02 7.880002856254577637e-01 1.106618121266365051e-01
-3.315111696720123291e-01 -2.933790683746337891e-01 -2.075665891170501709e-01 4.828476607799530029e-01
-7.264367341995239258e-01 -7.011432051658630371e-01 6.670959591865539551e-01 1.545891314744949341e-01
7.828923463821411133e-01 3.457535505294799805e-01 -2.069416940212249756e-01 -8.429449200630187988e-01
4.234685301780700684e-01 2.019185274839401245e-01 -5.593625903129577637e-01 -8.404979705810546875e-01
7.229510545730590820e-01 -6.871657371520996094e-01 -5.864923596382141113e-01 -6.786392331123352051e-01
-7.049513459205627441e-01 4.126587510108947754e-01 8.005299568176269531e-01 -3.932880163192749023e-01
-5.594367980957031250e-01 -1.574191451072692871e-01 -3.923457562923431396e-01 4.753928780555725098e-01
-4.404738843441009521e-01 4.924597740173339844e-01 3.398647308349609375e-01 -3.405528888106346130e-02
4.875515103340148926e-01 -6.740832924842834473e-01 -7.088476419448852539e-01 -8.029552698135375977e-01
6.374630928039550781e-01 2.385161817073822021e-01 3.808679878711700439e-01 1.659535914659500122e-01
4.503200650215148926e-01 8.172140717506408691e-01 -2.986094355583190918e-01 -6.106755733489990234e-01
-7.664139270782470703e-01 -2.217027992010116577e-01 6.725078821182250977e-01 3.302848637104034424e-01
-2.398652136325836182e-01 4.195585846900939941e-01 -7.730239033699035645e-01 6.222463846206665039e-01
7.980987429618835449e-01 -4.362736940383911133e-01 -3.539249002933502197e-01 -7.804979681968688965e-01
-6.892279982566833496e-01 7.759172320365905762e-01 2.058925777673721313e-01 7.032521963119506836e-01
8.349463343620300293e-03 6.971818804740905762e-01 3.937831223011016846e-01 4.478420913219451904e-01
-6.265726089477539062e-01 4.516309797763824463e-01 8.059203624725341797e-01 -4.246566891670227051e-01
-1.370838284492492676e-01 -6.031815409660339355e-01 3.537809848785400391e-01 8.381801843643188477e-01
2.918432056903839111e-01 7.442275881767272949e-01 5.003256201744079590e-01 7.579674720764160156e-01
9.376745820045471191e-01 7.735369801521301270e-01 -5.204363912343978882e-02 -6.283320784568786621e-01
-7.688715457916259766e-01 -3.832054138183593750e-02 5.655111670494079590e-01 9.313611686229705811e-02
5.986801385879516602e-01 7.567107677459716797e-01 2.355179339647293091e-01 3.028823137283325195e-01
-6.171538829803466797e-01 5.858922600746154785e-01 2.312492206692695618e-02 9.181446433067321777e-01
2.988313734531402588e-01 5.942004919052124023e-01 6.220238208770751953e-01 -6.215276122093200684e-01
7.769134044647216797e-01 -3.132320046424865723e-01 -4.650906324386596680e-01 6.779884099960327148e-01
-8.808937072753906250e-01 -2.208470404148101807e-01 6.873692274093627930e-01 3.842797875404357910e-01
8.290019631385803223e-01 -3.746615648269653320e-01 8.905043452978134155e-02 9.697086215019226074e-01
-4.604473412036895752e-01 6.894960999488830566e-01 1.383655667304992676e-01 -3.224708884954452515e-02
-9.402417540550231934e-01 -6.975777149200439453e-01 -7.220982015132904053e-02 -8.998413681983947754e-01
8.856145739555358887e-01 -3.756693601608276367e-01 -1.443520784378051758e-01 8.778286576271057129e-01
7.304484844207763672e-01 1.496299058198928833e-01 -5.208608135581016541e-02 -8.440337777137756348e-01
-8.988235890865325928e-02 5.107352733612060547e-01 6.859586238861083984e-01 4.614112973213195801e-01
-7.864127755165100098e-01 8.036659955978393555e-01 2.944123148918151855e-01 2.979260981082916260e-01
8.129584193229675293e-01 -3.496219515800476074e-01 -6.682830303907394409e-02 5.099513530731201172e-01
-5.259115695953369141e-01 9.075811505317687988e-02 -2.576940357685089111e-01 -5.109019204974174500e-02
2.225709408521652222e-01 8.696511387825012207e-01 5.167817473411560059e-01 -7.739819884300231934e-01
5.534005761146545410e-01 2.588931918144226074e-01 8.974003195762634277e-01 1.545111238956451416e-01
-9.182605147361755371e-01 3.686675801873207092e-02 1.550930589437484741e-01 1.194900497794151306e-01
9.139673113822937012e-01 7.121002078056335449e-01 -9.678253531455993652e-02 6.014657020568847656e-01
5.873302817344665527e-01 -4.013652801513671875e-01 -6.307694315910339355e-01 1.717980802059173584e-01
-4.320319294929504395e-01 9.898848533630371094e-01 -2.150971442461013794e-01 -7.955989241600036621e-01
5.481183528900146484e-01 -3.525095432996749878e-02 -6.013619899749755859e-01 -7.859517335891723633e-01
-6.678149700164794922e-01 9.567088447511196136e-03 3.251955807209014893e-01 6.932278871536254883e-01
7.816435098648071289e-01 -9.640017151832580566e-01 -6.058391928672790527e-01 2.449914962053298950e-01
1.317635625600814819e-01 5.385079383850097656e-01 -3.893746808171272278e-02 6.606433391571044922e-01
-4.714452624320983887e-01 6.888428926467895508e-01 1.893705129623413086e-01 2.061069607734680176e-01
1.662883758544921875e-01 7.360323667526245117e-01 -5.244086384773254395e-01 -5.723055005073547363e-01
-2.957322001457214355e-01 7.633261084556579590e-01 1.017236188054084778e-01 2.984929680824279785e-01
-8.747009038925170898e-01 9.403280019760131836e-01 5.160458087921142578e-01 1.505528837442398071e-01
-5.882187485694885254e-01 7.153606414794921875e-01 4.320522248744964600e-01 6.001093387603759766e-01
-4.443563520908355713e-01 9.264964461326599121e-01 4.194485843181610107e-01 6.389644742012023926e-01
5.372338294982910156e-01 -5.985885262489318848e-01 -4.560565650463104248e-01 -6.374699473381042480e-01
8.192089796066284180e-01 -5.848959088325500488e-01 -5.122722387313842773e-01 4.730495214462280273e-01
4.726685583591461182e-01 -7.838583588600158691e-01 -9.501382112503051758e-01 7.594383358955383301e-01
-6.421232819557189941e-01 9.423233270645141602e-01 7.790803164243698120e-02 6.752465367317199707e-01
-5.828371644020080566e-01 -2.788658142089843750e-01 1.667494326829910278e-01 5.729633569717407227e-01
-1.157488822937011719e-01 8.772088214755058289e-03 -9.991268515586853027e-01 2.397103458642959595e-01
-9.394222497940063477e-01 1.890677064657211304e-01 6.692454814910888672e-01 4.142446815967559814e-01
5.338658690452575684e-01 -1.660630255937576294e-01 -5.255181789398193359e-01 -2.207318544387817383e-01
-3.096333444118499756e-01 3.680600523948669434e-01 5.403661727905273438e-01 -2.363795787096023560e-02
6.398087739944458008e-01 -5.654858425259590149e-02 -1.307002156972885132e-01 1.570571660995483398e-01
-7.280418276786804199e-01 7.831308841705322266e-01 6.991472244262695312e-01 -4.075757861137390137e-01
2.316198348999023438e-01 -8.634821772575378418e-01 6.420435309410095215e-01 -6.290162205696105957e-01
5.050541758537292480e-01 -4.329762756824493408e-01 -6.843637228012084961e-01 -7.657343745231628418e-01
-4.858793914318084717e-01 9.235190600156784058e-02 3.479080796241760254e-01 -6.067596673965454102e-01
6.500076055526733398e-01 -5.612671840935945511e-03 7.535417675971984863e-01 -6.131713986396789551e-01
5.531839728355407715e-01 -2.747305929660797119e-01 8.783197999000549316e-01 8.679127097129821777e-01
-1.655301749706268311e-01 7.806923389434814453e-01 6.055694818496704102e-01 3.800638914108276367e-01
-3.578960597515106201e-01 2.752110660076141357e-01 6.169501543045043945e-01 -4.614672064781188965e-01
-2.412935793399810791e-01 6.578754186630249023e-01 2.815564572811126709e-01 6.894635409116744995e-02
6.613798737525939941e-01 7.538394927978515625e-01 -1.818831861019134521e-01 -7.201552987098693848e-01
7.620404362678527832e-01 6.107873916625976562e-01 9.839259386062622070e-01 -3.199080228805541992e-01
-3.667461276054382324e-01 -8.104120492935180664e-01 8.086108565330505371e-01 -4.605588018894195557e-01
-9.061623215675354004e-01 7.033417224884033203e-01 2.880859673023223877e-01 5.461640655994415283e-02
2.477408945560455322e-01 7.168053416535258293e-04 -4.407411813735961914e-01 -7.079832553863525391e-01
-8.089721202850341797e-01 4.610113799571990967e-01 1.491139382123947144e-01 2.006367892026901245e-01
7.936044335365295410e-01 -3.199973702430725098e-01 -1.746539026498794556e-01 4.720849394798278809e-01
1.487221568822860718e-01 6.246689558029174805e-01 -4.874856770038604736e-01 -5.201231837272644043e-01
-8.729830980300903320e-01 -3.634196817874908447e-01 4.153768420219421387e-01 -2.597564458847045898e-01
4.077656567096710205e-01 9.881542325019836426e-01 3.887846767902374268e-01 -7.586848735809326172e-01
-2.395088523626327515e-01 -8.646687120199203491e-02 -4.149020835757255554e-02 -9.480950236320495605e-01
7.444127649068832397e-02 -2.929316163063049316e-01 -1.844876855611801147e-01 6.728602647781372070e-01
-2.650331519544124603e-02 3.511736094951629639e-01 7.068695425987243652e-01 3.362707793712615967e-01
-1.571523845195770264e-01 3.256561756134033203e-01 9.581727534532546997e-02 -2.323376685380935669e-01
-7.061011791229248047e-01 1.669370681047439575e-01 -1.402694433927536011e-01 -7.496242523193359375e-01
5.992174148559570312e-01 -8.519826531410217285e-01 -7.111743092536926270e-01 -3.063496351242065430e-01
6.981920599937438965e-01 -9.146975874900817871e-01 -9.226540923118591309e-01 4.972871541976928711e-01
4.889967739582061768e-01 -9.613012075424194336e-01 -6.850465536117553711e-01 4.873805642127990723e-01
7.889051437377929688e-01 3.515596687793731689e-01 -2.241926640272140503e-01 6.241307258605957031e-01
-4.173538684844970703e-01 -1.992535889148712158e-01 -6.671986579895019531e-01 -8.976990580558776855e-01
-6.341271400451660156e-01 3.619464635848999023e-01 4.070362150669097900e-01 -1.694402992725372314e-01
1.115560308098793030e-01 3.464580476284027100e-01 -3.401413559913635254e-01 1.641652286052703857e-01
-4.958019554615020752e-01 -6.735889315605163574e-01 -5.315639972686767578e-01 6.747791767120361328e-01
-7.596626281738281250e-01 -4.386205375194549561e-01 1.210827901959419250e-01 6.667953133583068848e-01
3.311376646161079407e-02 7.659954428672790527e-01 -7.268950343132019043e-01 -5.128908753395080566e-01
9.523554444313049316e-01 8.410803079605102539e-01 1.625703126192092896e-01 -4.910432994365692139e-01
-6.670031547546386719e-01 -9.137474894523620605e-01 -5.847013592720031738e-01 -8.990598320960998535e-01
5.371436476707458496e-01 7.921136021614074707e-01 -5.292741656303405762e-01 -6.761327385902404785e-01
-6.636564731597900391e-01 -3.560115396976470947e-01 -1.455514729022979736e-01 -9.688980877399444580e-02
-6.586027145385742188e-01 5.358148217201232910e-01 7.456007599830627441e-01 -5.604705214500427246e-01
-3.750703930854797363e-01 7.769483327865600586e-01 6.640952825546264648e-01 -8.017570376396179199e-01
-4.296562671661376953e-01 4.807717800140380859e-01 2.501728534698486328e-01 -2.734205871820449829e-02
5.367488265037536621e-01 -6.505475044250488281e-01 -5.368638783693313599e-02 -6.636657714843750000e-01
-1.865625381469726562e-04 1.183228045701980591e-01 -1.250536739826202393e-01 -5.007285475730895996e-01
8.150238394737243652e-01 6.356654763221740723e-01 2.319818586111068726e-01 -5.524844527244567871e-01
-7.959969043731689453e-01 -6.058610677719116211e-01 5.815269351005554199e-01 3.621807098388671875e-01
4.005593657493591309e-01 3.724424839019775391e-01 2.845659255981445312e-01 4.644224643707275391e-01
-3.142006695270538330e-01 -9.087609648704528809e-01 4.875214695930480957e-01 -1.716165840625762939e-01
8.365596085786819458e-02 -9.053734689950942993e-02 -6.302711367607116699e-02 1.615038141608238220e-02
5.690664052963256836e-01 6.958049535751342773e-01 -1.955564171075820923e-01 8.747745752334594727e-01
9.097108840942382812e-01 3.264311850070953369e-01 -1.248474940657615662e-01 4.090971648693084717e-01
-3.378336131572723389e-01 -9.378389716148376465e-01 7.302431464195251465e-01 -4.160731136798858643e-01
-8.436396718025207520e-01 8.419190049171447754e-01 2.891441583633422852e-01 -1.186557859182357788e-01
5.347970724105834961e-01 -8.500297665596008301e-01 -4.272847473621368408e-01 -1.963120847940444946e-01
6.699934005737304688e-01 -6.638702154159545898e-01 -7.606070041656494141e-01 -7.731161117553710938e-01
-7.922234535217285156e-01 -5.132266283035278320e-01 5.052218437194824219e-01 3.189623355865478516e-01
4.731917083263397217e-01 -9.009178876876831055e-01 -8.405601382255554199e-01 1.743702143430709839e-01
-5.283727645874023438e-01 -8.086863160133361816e-01 -5.805136561393737793e-01 -3.136422634124755859e-01
-7.618858665227890015e-02 -3.189444541931152344e-01 8.638923168182373047e-01 -4.471127092838287354e-01
1.539299488067626953e-01 9.843973517417907715e-01 4.075776934623718262e-01 -8.616803884506225586e-01
-7.147703766822814941e-01 5.666401386260986328e-01 2.348541021347045898e-01 3.100307285785675049e-01
-7.413691878318786621e-01 -3.684479892253875732e-01 7.320319414138793945e-01 6.245533227920532227e-01
5.684778690338134766e-01 -8.569040298461914062e-01 -6.228742003440856934e-01 7.280871868133544922e-01
3.457789421081542969e-01 -9.403534531593322754e-01 3.455991446971893311e-01 -6.852578371763229370e-02
-6.485929489135742188e-01 3.520521521568298340e-01 1.164877191185951233e-01 5.983266606926918030e-02
3.222420811653137207e-01 7.229622006416320801e-01 4.844487607479095459e-01 7.712247967720031738e-01
6.797171831130981445e-01 -5.467987433075904846e-02 -2.314116340130567551e-03 -7.894945144653320312e-01
7.666503190994262695e-01 -6.727437973022460938e-01 -9.055930972099304199e-01 -7.126449048519134521e-02
5.929966568946838379e-01 -6.987634301185607910e-01 -6.204603910446166992e-01 5.075286328792572021e-02
9.340482354164123535e-01 8.033083677291870117e-01 -5.744811147451400757e-03 6.252181529998779297e-02
-8.358523249626159668e-01 -1.116694323718547821e-02 -1.587303727865219116e-01 -3.808205574750900269e-02
9.519142508506774902e-01 -1.508561372756958008e-01 5.970524549484252930e-01 -3.904627263545989990e-02
-7.405717968940734863e-01 9.023786783218383789e-01 7.086427807807922363e-01 -1.725942045450210571e-01
3.068583905696868896e-01 -5.179505348205566406e-01 -5.318197607994079590e-01 -7.813029885292053223e-01
-8.806270956993103027e-01 -9.515770077705383301e-01 3.949668407440185547e-01 8.005673885345458984e-01
-2.171035856008529663e-01 4.254379570484161377e-01 4.013929963111877441e-01 9.983153641223907471e-02
-9.394514560699462891e-01 -3.196979463100433350e-01 -8.142935037612915039e-01 -3.152039051055908203e-01
-9.282988309860229492e-01 -5.932039022445678711e-01 1.830384135246276855e-01 1.772879958152770996e-01
5.881420969963073730e-01 3.603165447711944580e-01 3.950354456901550293e-01 2.168736904859542847e-01
1.832582354545593262e-01 -1.651777476072311401e-01 -1.319000571966171265e-01 4.351692795753479004e-01
-4.568500220775604248e-01 2.873354852199554443e-01 -2.910798788070678711e-02 -2.092657983303070068e-02
6.896385550498962402e-01 -7.066465020179748535e-01 -6.628338098526000977e-01 -7.028380036354064941e-01
3.153439760208129883e-01 6.180023550987243652e-01 -3.014726936817169189e-01 -8.036297559738159180e-01
-7.163333892822265625e-01 7.040596008300781250e-01 7.999176383018493652e-01 -4.018236100673675537e-01
-4.146141707897186279e-01 8.851745128631591797e-01 -2.463160753250122070e-01 -6.195322871208190918e-01
4.874475896358489990e-01 -1.983260363340377808e-01 -7.470257282257080078e-01 -4.647348821163177490e-01
4.232283532619476318e-01 -5.532653331756591797e-01 -1.210135444998741150e-01 9.167448282241821289e-01
4.888389706611633301e-01 -5.545983910560607910e-01 5.308375358581542969e-01 4.268255829811096191e-01
4.817965030670166016e-01 2.860979139804840088e-01 6.950435042381286621e-01 3.568428456783294678e-01
-2.250871211290359497e-01 9.943181276321411133e-01 -1.915134191513061523e-01 -3.252919763326644897e-02
-1.973110623657703400e-02 8.654627799987792969e-01 -1.569747328758239746e-01 1.988883018493652344e-01
-7.267677187919616699e-01 9.110796451568603516e-01 9.295601248741149902e-01 -3.097931146621704102e-01
6.681102514266967773e-01 -6.542772054672241211e-01 -3.694024980068206787e-01 7.159740477800369263e-02
4.854311048984527588e-01 -9.298742413520812988e-01 -1.919417232275009155e-01 -4.251016974449157715e-01
-5.735881924629211426e-01 2.060872912406921387e-01 -4.078437387943267822e-02 -4.756458848714828491e-02
6.492193341255187988e-01 -1.721200793981552124e-01 2.989098429679870605e-01 -3.015682697296142578e-01
-7.323964834213256836e-01 7.249630093574523926e-01 3.623910844326019287e-01 -3.138391971588134766e-01
9.442613124847412109e-01 -6.024258136749267578e-01 -6.364569664001464844e-01 3.421662747859954834e-01
3.699689209461212158e-01 -1.855136305093765259e-01 -1.350740790367126465e-01 -9.112580418586730957e-01
5.864624977111816406e-01 -2.280257269740104675e-02 -6.454360485076904297e-02 -7.808026075363159180e-01
7.257447838783264160e-01 3.255020380020141602e-01 -2.000914514064788818e-01 -1.509861648082733154e-02
9.164713621139526367e-01 5.450127124786376953e-01 -9.497296065092086792e-02 3.522344529628753662e-01
-2.406238764524459839e-01 -4.594830870628356934e-01 -2.369839847087860107e-01 -6.763209402561187744e-02
8.497056365013122559e-01 8.202079534530639648e-01 1.309751272201538086e-01 9.833729267120361328e-01
-9.538002014160156250e-01 -2.958580255508422852e-01 2.041894346475601196e-01 -7.212145924568176270e-01
-5.635162591934204102e-01 -2.313276082277297974e-01 3.799761533737182617e-01 9.567112326622009277e-01
-2.986030280590057373e-01 8.510881066322326660e-01 5.232488512992858887e-01 5.439944267272949219e-01
1.187917068600654602e-01 4.779595136642456055e-01 -1.106570437550544739e-01 -9.783286601305007935e-02
-5.224300622940063477e-01 8.528320193290710449e-01 4.527522921562194824e-01 9.333317279815673828e-01
4.488751292228698730e-01 1.115238070487976074e-01 -5.572721362113952637e-01 -8.373053073883056641e-01
-6.298662424087524414e-01 7.335709873586893082e-03 -7.175910752266645432e-03 -8.012897372245788574e-01
6.714255809783935547e-01 -8.172569870948791504e-01 -8.728278279304504395e-01 -8.893399238586425781e-01
