-9.713903069496154785e-01
-4.076302945613861084e-01
5.243441462516784668e-01
-6.442706584930419922e-01
-8.452742099761962891e-01
-1.162694767117500305e-01
9.980421066284179688e-01
1.763267666101455688e-01
6.777005195617675781e-01
3.537295162677764893e-01
-9.518386125564575195e-01
-4.868737161159515381e-01
-9.916267395019531250e-01
4.169516563415527344e-01
-4.124682545661926270e-01
-3.299627006053924561e-01
8.729012012481689453e-01
9.772015213966369629e-01
-2.112342566251754761e-01
3.360429108142852783e-01
7.964170537889003754e-03
-4.438194334506988525e-01
-7.529454827308654785e-01
3.402440845966339111e-01
1.799210309982299805e-01
-9.925206899642944336e-01
9.804330468177795410e-01
6.578514575958251953e-01
-9.855653643608093262e-01
-4.571075439453125000e-01
-4.892657995223999023e-01
-3.445422947406768799e-01
-9.968413114547729492e-01
9.179679751396179199e-01
3.639083504676818848e-01
-2.880600392818450928e-01
9.474117159843444824e-01
-2.047201395034790039e-01
1.259635090827941895e-01
-4.603255391120910645e-01
-9.038672447204589844e-01
-9.964642524719238281e-01
1.197833269834518433e-01
-5.278806686401367188e-01
-1.815336011350154877e-02
-9.688060879707336426e-01
9.451369643211364746e-01
9.190067648887634277e-01
4.430983662605285645e-01
9.822246432304382324e-01
7.029657959938049316e-01
3.677835166454315186e-01
4.495920836925506592e-01
-4.075697660446166992e-01
-1.075862273573875427e-01
4.240765571594238281e-01
-5.671212673187255859e-01
3.120181560516357422e-01
3.963344693183898926e-01
-2.507476508617401123e-01
-1.135861128568649292e-01
-6.240487098693847656e-02
9.970046877861022949e-01
-9.808559715747833252e-02
9.097546339035034180e-01
-4.198936522006988525e-01
7.647703289985656738e-01
9.724906086921691895e-01
-4.023995101451873779e-01
6.115722656250000000e-01
4.072436094284057617e-01
-4.807026088237762451e-01
7.064533978700637817e-02
6.455475687980651855e-01
3.437084555625915527e-01
1.646478474140167236e-01
3.502066135406494141e-01
-6.839275956153869629e-01
-4.449269473552703857e-01
-4.259876608848571777e-01
8.718790113925933838e-02
2.905967086553573608e-02
-1.523835211992263794e-01
-2.166502326726913452e-01
-4.717837870121002197e-01
-4.684623181819915771e-01
-6.446176767349243164e-01
-4.843255877494812012e-01
-3.712235391139984131e-01
7.074808478355407715e-01
6.726411581039428711e-01
4.299558699131011963e-01
9.995568990707397461e-01
3.134319782257080078e-01
3.248208165168762207e-01
7.313756942749023438e-01
-2.913555800914764404e-01
-3.130774497985839844e-01
-3.111736774444580078e-01
-4.302548170089721680e-01
-4.663945361971855164e-02
1.915052533149719238e-01
-9.982414841651916504e-01
1.598856002092361450e-01
9.810683727264404297e-01
3.818078041076660156e-01
-5.573311448097229004e-01
-1.914862990379333496e-01
2.682403326034545898e-01
-2.459335885941982269e-02
-7.926837801933288574e-01
-4.245175719261169434e-01
-3.101539015769958496e-01
2.643463313579559326e-01
8.045186102390289307e-02
7.311890721321105957e-01
8.555125594139099121e-01
-1.017067232169210911e-03
4.563661515712738037e-01
5.762304663658142090e-01
-6.264587640762329102e-01
-2.410272210836410522e-01
4.065867066383361816e-01
9.829217791557312012e-01
2.352249324321746826e-01
5.656371638178825378e-02
6.091203093528747559e-01
-4.302501082420349121e-01
-8.922672271728515625e-01
3.211082220077514648e-01
-7.427849769592285156e-01
-5.943986028432846069e-02
-2.524928152561187744e-01
1.035384088754653931e-01
-7.357060909271240234e-02
3.011587858200073242e-01
3.836373984813690186e-01
-8.567664772272109985e-02
1.759769916534423828e-01
7.518985122442245483e-02
4.085333049297332764e-01
-9.480571150779724121e-01
-5.707576870918273926e-01
-5.090417861938476562e-01
7.056549787521362305e-01
-4.616567194461822510e-01
-7.607008814811706543e-01
3.540767729282379150e-01
7.110244035720825195e-01
4.717475268989801407e-03
3.882039487361907959e-01
-5.318404436111450195e-01
-1.327721029520034790e-01
3.952572345733642578e-01
3.475645482540130615e-01
3.066745102405548096e-01
-6.794558167457580566e-01
1.782289445400238037e-01
-4.050361812114715576e-01
-1.008940413594245911e-01
-2.923601865768432617e-01
-8.791167140007019043e-01
-1.609766632318496704e-01
5.028795003890991211e-01
8.372799754142761230e-01
3.592914938926696777e-01
-2.977978885173797607e-01
7.347351312637329102e-01
-9.305231571197509766e-01
-6.379898190498352051e-01
9.659081697463989258e-01
2.261203229427337646e-01
-9.992430210113525391e-01
-3.213682472705841064e-01
7.386165112257003784e-02
-4.468686580657958984e-01
-4.301250874996185303e-01
4.719859454780817032e-03
2.831668853759765625e-01
9.891007542610168457e-01
3.706214129924774170e-01
-8.083350062370300293e-01
-8.569353818893432617e-01
-2.746661603450775146e-01
6.988362073898315430e-01
-1.349856108427047729e-01
-9.347286224365234375e-01
-5.854666233062744141e-01
3.062504529953002930e-01
8.994983881711959839e-02
9.079660177230834961e-01
-9.810480475425720215e-01
9.112333655357360840e-01
6.829361915588378906e-01
2.857209369540214539e-02
-4.970111846923828125e-01
7.319105863571166992e-01
9.642574787139892578e-01
8.997122049331665039e-01
-6.893604993820190430e-02
3.592063188552856445e-01
2.845767140388488770e-01
-1.586490683257579803e-02
9.950259327888488770e-01
3.890063166618347168e-01
-3.502981364727020264e-01
2.320344299077987671e-01
5.264396667480468750e-01
-2.693137824535369873e-01
8.520967960357666016e-01
-2.032298147678375244e-01
-3.868996202945709229e-01
-8.579844236373901367e-01
8.876254558563232422e-01
-9.994126558303833008e-01
5.010165646672248840e-02
-7.577009797096252441e-01
-9.374136477708816528e-02
1.237282007932662964e-01
2.265440076589584351e-01
-4.756856560707092285e-01
5.887061357498168945e-01
5.821871757507324219e-01
4.295252859592437744e-01
7.882577180862426758e-01
-4.685192406177520752e-01
3.931695520877838135e-01
8.391135334968566895e-01
9.998328089714050293e-01
-4.311424195766448975e-01
-4.842682555317878723e-02
9.386191964149475098e-01
8.874045610427856445e-01
4.614168107509613037e-01
-7.449783384799957275e-02
-6.630740165710449219e-01
2.068786621093750000e-01
-5.716376900672912598e-01
-8.838222026824951172e-01
8.281463384628295898e-01
7.536731958389282227e-01
9.171389341354370117e-01
-4.390647709369659424e-01
-5.214872956275939941e-01
1.472556889057159424e-01
8.650356531143188477e-01
-7.805945277214050293e-01
4.868219196796417236e-01
7.479855418205261230e-01
-9.987688660621643066e-01
3.771958351135253906e-01
1.052992641925811768e-01
-5.319399833679199219e-01
5.776248872280120850e-02
-1.482286900281906128e-01
-2.022114843130111694e-01
4.593597054481506348e-01
6.136452555656433105e-01
5.798143744468688965e-01
-1.195840686559677124e-01
9.621958136558532715e-01
-4.520592391490936279e-01
3.917581140995025635e-01
-9.729320406913757324e-01
4.136364758014678955e-01
-6.268201768398284912e-02
-8.316884189844131470e-02
-5.826203227043151855e-01
9.935632944107055664e-01
9.490656256675720215e-01
-9.779756665229797363e-01
-2.804131507873535156e-01
-1.095327660441398621e-01
1.377531588077545166e-01
9.096655845642089844e-01
2.784776389598846436e-01
5.843290090560913086e-01
-1.160534471273422241e-01
7.418056726455688477e-01
3.605284094810485840e-01
7.176526784896850586e-01
-1.009290888905525208e-01
-3.185152709484100342e-01
8.911158442497253418e-01
-1.339091807603836060e-01
-2.151188701391220093e-01
-9.639582633972167969e-01
9.989539980888366699e-01
-7.009141892194747925e-02
3.698511719703674316e-01
-6.013690233230590820e-01
-8.954079151153564453e-01
-3.484035730361938477e-01
2.763907611370086670e-01
4.843253195285797119e-01
-5.416041612625122070e-01
-4.980729520320892334e-01
5.889787077903747559e-01
-3.287743031978607178e-01
-8.321322202682495117e-01
-4.849590361118316650e-01
9.734659194946289062e-01
1.364573836326599121e-01
-2.113379985094070435e-01
4.261180162429809570e-01
9.469702243804931641e-01
-9.910025596618652344e-01
-5.585912466049194336e-01
-8.451741337776184082e-01
6.194933652877807617e-01
9.449624419212341309e-01
-1.371974050998687744e-01
9.175542593002319336e-01
-9.764556288719177246e-01
-9.949260950088500977e-01
-8.690253496170043945e-01
3.943579196929931641e-01
5.406000018119812012e-01
4.088466167449951172e-01
3.744060397148132324e-01
-4.855460822582244873e-01
6.412051320075988770e-01
4.010436832904815674e-01
9.943511486053466797e-01
3.768241107463836670e-01
-5.862632393836975098e-01
5.269236117601394653e-02
1.810074150562286377e-01
-5.211006402969360352e-01
-6.487752795219421387e-01
-9.110136032104492188e-01
9.483878016471862793e-01
-5.710498895496129990e-03
9.098698496818542480e-01
9.628120660781860352e-01
8.471915721893310547e-01
1.378242671489715576e-01
2.317696996033191681e-02
6.149936914443969727e-01
9.626650214195251465e-01
-3.874693512916564941e-01
3.529940247535705566e-01
8.021278977394104004e-01
-4.205757081508636475e-01
-1.121440455317497253e-01
4.777543842792510986e-01
-3.966599404811859131e-01
-9.998046159744262695e-01
-6.410172581672668457e-01
-7.756134122610092163e-02
4.162605106830596924e-01
-3.928714692592620850e-01
-9.891073703765869141e-01
9.978956580162048340e-01
-3.812526464462280273e-01
-3.119332492351531982e-01
-9.990738034248352051e-01
5.429898574948310852e-02
7.172749191522598267e-02
8.711960315704345703e-01
2.231813967227935791e-03
-3.251866400241851807e-01
-4.130022227764129639e-01
-6.620007753372192383e-01
3.581767380237579346e-01
-6.031816359609365463e-03
4.153249412775039673e-02
4.145972430706024170e-01
-9.932912588119506836e-01
4.024030864238739014e-01
9.460453987121582031e-01
-4.659769237041473389e-01
-4.195021390914916992e-01
9.295504093170166016e-01
-4.159359037876129150e-01
4.673136398196220398e-02
-9.611970186233520508e-01
-3.678301274776458740e-01
-9.820976257324218750e-01
3.341989219188690186e-01
-3.002630174160003662e-01
5.485131144523620605e-01
4.408962428569793701e-01
-3.336178958415985107e-01
1.730767935514450073e-01
-9.614169001579284668e-01
-2.324131876230239868e-01
9.529529809951782227e-01
1.973868012428283691e-01
-1.446292400360107422e-01
-4.662147760391235352e-01
-6.946184039115905762e-01
-4.499374032020568848e-01
9.690719246864318848e-01
9.597361087799072266e-01
4.237425327301025391e-01
-5.586799383163452148e-01
-6.033518910408020020e-01
3.524491190910339355e-01
5.478402972221374512e-02
4.563616216182708740e-01
2.112711220979690552e-01
-8.761265128850936890e-02
9.704521298408508301e-01
7.554805278778076172e-02
-7.813373804092407227e-01
-2.629820406436920166e-01
-5.022575259208679199e-01
-6.267576813697814941e-01
4.331010282039642334e-01
3.391513228416442871e-01
3.327688276767730713e-01
1.830822974443435669e-01
-9.857521653175354004e-01
3.121778964996337891e-01
-9.960961937904357910e-01
8.201671838760375977e-01
-9.945657849311828613e-01
1.512735038995742798e-01
-1.670943349599838257e-01
-3.239203095436096191e-01
-4.615022838115692139e-01
-8.646404743194580078e-01
-1.215103417634963989e-01
-9.860163331031799316e-01
-4.606179893016815186e-01
-4.224981069564819336e-01
-4.012695550918579102e-01
-9.936773777008056641e-01
9.995893836021423340e-01
3.653026223182678223e-01
-5.034410357475280762e-01
-4.187407791614532471e-01
-2.971162497997283936e-01
-5.446348190307617188e-01
2.334965914487838745e-01
9.986880421638488770e-01
8.888036608695983887e-01
-4.204111099243164062e-01
-6.891168951988220215e-01
1.976860314607620239e-01
-2.968962192535400391e-01
-6.914829462766647339e-02
3.401618599891662598e-01
6.129262447357177734e-01
3.712223768234252930e-01
-6.481652855873107910e-01
3.383907377719879150e-01
-9.177620708942413330e-02
7.151797413825988770e-01
3.651513755321502686e-01
-2.684254050254821777e-01
-5.156705975532531738e-01
5.225713923573493958e-02
4.543040394783020020e-01
8.337190747261047363e-01
-6.204433157108724117e-04
-6.061252951622009277e-01
3.511633574962615967e-01
3.305659592151641846e-01
-1.874265968799591064e-01
-3.402675986289978027e-01
3.321815133094787598e-01
7.180015444755554199e-01
8.820770978927612305e-01
8.686055541038513184e-01
-3.743933439254760742e-01
9.942954182624816895e-01
9.873700141906738281e-01
2.839949727058410645e-01
3.749813437461853027e-01
7.464933395385742188e-01
8.905630558729171753e-02
4.238387569785118103e-02
9.285698533058166504e-01
-9.907857179641723633e-01
5.132520794868469238e-01
1.472608149051666260e-01
-9.338225126266479492e-01
1.170311681926250458e-02
-9.904005527496337891e-01
-6.458852887153625488e-01
-6.054809689521789551e-01
-5.972610712051391602e-01
3.484977781772613525e-01
1.394716352224349976e-01
-9.820653796195983887e-01
-7.759069800376892090e-01
-1.841144412755966187e-01
1.496859490871429443e-01
-8.780075907707214355e-01
-5.912025645375251770e-02
8.611369729042053223e-01
-4.359650611877441406e-01
7.122962474822998047e-01
4.981768429279327393e-01
-4.930248856544494629e-01
-3.125930726528167725e-01
-4.738145768642425537e-01
-2.378946542739868164e-02
3.373987376689910889e-01
3.357514142990112305e-01
-6.591148376464843750e-01
9.938870072364807129e-01
8.406238555908203125e-01
3.690480589866638184e-01
3.665891587734222412e-01
7.907968163490295410e-01
1.580635271966457367e-02
-7.830211520195007324e-01
9.998193383216857910e-01
8.743308782577514648e-01
9.348239302635192871e-01
9.581902623176574707e-01
3.133230805397033691e-01
-1.059804037213325500e-01
-4.707345366477966309e-01
8.982011675834655762e-02
6.503764986991882324e-01
-8.832541853189468384e-02
3.130935132503509521e-01
-1.808177083730697632e-01
-8.245070576667785645e-01
-5.392669439315795898e-01
9.183169007301330566e-01
3.196201026439666748e-01
-6.165260076522827148e-01
3.742575347423553467e-01
8.037988543510437012e-01
7.059624791145324707e-01
3.532115519046783447e-01
-4.843843579292297363e-01
4.523364901542663574e-01
3.690482676029205322e-01
3.175843060016632080e-01
9.992150664329528809e-01
3.356375098228454590e-01
-8.985887765884399414e-01
-7.789424657821655273e-01
4.898335635662078857e-01
9.368156194686889648e-01
3.407262265682220459e-01
1.847057342529296875e-01
3.483758270740509033e-01
3.168068826198577881e-01
9.600031971931457520e-01
9.995185732841491699e-01
-5.274522304534912109e-01
-7.564606070518493652e-01
9.673231244087219238e-01
-1.688151210546493530e-01
3.520655632019042969e-01
2.521551251411437988e-01
-4.328160285949707031e-01
-4.524119198322296143e-01
-3.786789774894714355e-01
-4.843845367431640625e-01
3.636853694915771484e-01
-9.532293677330017090e-01
-4.240780472755432129e-01
-3.350985944271087646e-01
4.332365691661834717e-01
9.958570003509521484e-01
9.606326818466186523e-01
-3.981000483036041260e-01
-4.645614027976989746e-01
6.568493843078613281e-01
-9.136584401130676270e-02
9.877520203590393066e-01
-5.688308477401733398e-01
-1.500232219696044922e-01
-6.352287530899047852e-01
-9.843309968709945679e-02
3.417097777128219604e-02
-6.310460567474365234e-01
3.555869460105895996e-01
-7.515086531639099121e-01
2.448882311582565308e-01
8.548024296760559082e-01
4.487836062908172607e-01
-4.609780311584472656e-01
8.224569261074066162e-02
-3.678775727748870850e-01
-6.395189762115478516e-01
9.989213347434997559e-01
-1.063104271888732910e-01
-2.109234184026718140e-01
6.326478123664855957e-01
4.436236023902893066e-01
-1.323145627975463867e-01
6.403030157089233398e-01
3.314844369888305664e-01
-7.093105912208557129e-01
1.537489444017410278e-01
-1.227417811751365662e-01
3.356519937515258789e-01
-5.615677833557128906e-01
-4.420926868915557861e-01
-4.411835670471191406e-01
4.625487625598907471e-01
3.523226380348205566e-01
-9.940325021743774414e-01
1.851214766502380371e-01
-1.157830655574798584e-01
9.945519566535949707e-01
-2.063452899456024170e-01
8.822926878929138184e-01
-1.188110560178756714e-01
2.970637381076812744e-01
6.748036742210388184e-01
9.790888428688049316e-01
2.014903575181961060e-01
-9.623833894729614258e-01
-4.157893657684326172e-01
9.996181726455688477e-01
6.246510744094848633e-01
-4.932015538215637207e-01
9.941850900650024414e-01
3.989837765693664551e-01
-1.443596482276916504e-01
1.850862503051757812e-01
4.365918338298797607e-01
-4.320603013038635254e-01
9.950159788131713867e-01
9.511881470680236816e-01
-8.742813766002655029e-02
3.116627931594848633e-01
-4.631308615207672119e-01
3.274830281734466553e-01
-1.132159009575843811e-01
-5.361803174018859863e-01
-4.725926518440246582e-01
1.799016594886779785e-01
-4.959299266338348389e-01
4.111793339252471924e-01
-6.558132171630859375e-01
-3.294559419155120850e-01
3.704489022493362427e-02
-9.166565537452697754e-01
-4.165790677070617676e-01
1.068765744566917419e-01
-8.918384909629821777e-01
-4.571097195148468018e-01
4.970234036445617676e-01
-5.825970768928527832e-01
-9.939110875129699707e-01
-4.883942306041717529e-01
3.830589950084686279e-01
3.253470361232757568e-01
-4.294209480285644531e-01
7.734867334365844727e-01
1.855220794677734375e-01
9.962691068649291992e-01
-3.665253221988677979e-01
9.435999393463134766e-02
4.347755014896392822e-01
2.645969390869140625e-01
5.397609472274780273e-01
8.748575448989868164e-01
-4.336077570915222168e-01
4.308259189128875732e-01
7.470893859863281250e-01
-9.998736381530761719e-01
3.683123886585235596e-01
-6.414983272552490234e-01
-1.303217709064483643e-01
-3.257219195365905762e-01
-7.868473231792449951e-02
-1.710008084774017334e-01
-5.224313139915466309e-01
-6.648901700973510742e-01
5.894482731819152832e-01
-4.043717086315155029e-01
3.409869968891143799e-01
-5.637891888618469238e-01
9.677112102508544922e-01
1.937234997749328613e-01
-4.856907427310943604e-01
-9.992509484291076660e-01
8.682259321212768555e-01
9.816789031028747559e-01
9.412801265716552734e-01
-9.722446799278259277e-01
-9.990460872650146484e-01
1.716399639844894409e-01
3.458169698715209961e-01
-4.904124140739440918e-01
4.279644787311553955e-01
2.834813296794891357e-01
-1.104002967476844788e-01
-7.356598973274230957e-01
1.421347856521606445e-01
-4.329993724822998047e-01
3.274049758911132812e-01
-2.905098497867584229e-01
-6.299146413803100586e-01
-1.098068878054618835e-01
-9.777338504791259766e-01
1.196442022919654846e-01
4.281077980995178223e-01
3.380901813507080078e-01
6.085571646690368652e-01
-7.782550454139709473e-01
-1.187297254800796509e-01
8.502060770988464355e-01
-2.142591923475265503e-01
-4.750633239746093750e-01
1.678446531295776367e-01
-4.718541204929351807e-01
-6.289319992065429688e-01
9.997034072875976562e-01
2.927412390708923340e-01
-9.842818975448608398e-01
-2.692991681396961212e-02
4.305687248706817627e-01
6.180134415626525879e-01
4.281992018222808838e-01
7.843313813209533691e-01
4.770179986953735352e-01
-5.159801840782165527e-01
3.654699623584747314e-01
-4.057999253273010254e-01
4.090650975704193115e-01
-9.990705251693725586e-01
8.008848428726196289e-01
-1.377107948064804077e-01
9.987718462944030762e-01
4.920583963394165039e-01
-6.248784661293029785e-01
3.549432754516601562e-01
-8.860006928443908691e-01
3.245186805725097656e-01
-5.447068810462951660e-01
-6.361619234085083008e-01
9.887540936470031738e-01
9.766359329223632812e-01
3.561804890632629395e-01
-4.721183776855468750e-01
4.238158762454986572e-01
7.138620018959045410e-01
-9.582043886184692383e-01
4.750111699104309082e-01
9.972181916236877441e-01
-1.185536608099937439e-01
-2.770161926746368408e-01
-3.374373912811279297e-01
-2.543266117572784424e-01
6.811347603797912598e-01
4.764318838715553284e-02
-3.795625269412994385e-02
-1.938976943492889404e-01
3.180918395519256592e-01
3.381652235984802246e-01
-1.047427132725715637e-01
5.939890742301940918e-01
-3.206148743629455566e-01
4.719324409961700439e-01
1.464621424674987793e-01
9.609368443489074707e-01
-1.672135144472122192e-01
-4.063245356082916260e-01
-9.989524483680725098e-01
4.795144200325012207e-01
-1.172326132655143738e-01
9.046338200569152832e-01
-7.185228466987609863e-01
-4.859091341495513916e-01
7.146840691566467285e-01
-9.969384074211120605e-01
-1.875348836183547974e-01
-8.213929533958435059e-01
6.977488398551940918e-01
-6.501581072807312012e-01
4.534319043159484863e-01
-5.314508080482482910e-01
4.303221404552459717e-01
-1.968922168016433716e-01
6.135874986648559570e-01
8.595658540725708008e-01
-9.993231296539306641e-01
2.729300260543823242e-01
-2.964992821216583252e-01
-4.110136032104492188e-01
2.843227386474609375e-01
2.016049474477767944e-01
-3.483394086360931396e-01
-5.117866396903991699e-01
2.680615782737731934e-01
1.066805869340896606e-01
2.009028792381286621e-01
-9.809801578521728516e-01
-7.724208235740661621e-01
2.544112205505371094e-01
5.192508697509765625e-01
-9.709835052490234375e-01
8.321741223335266113e-01
-5.084588527679443359e-01
9.372490048408508301e-01
8.330412507057189941e-01
-8.154624700546264648e-01
8.208821713924407959e-02
-6.765456199645996094e-01
-9.915463924407958984e-01
-9.324501752853393555e-01
-4.508557319641113281e-01
9.823454618453979492e-01
-3.549183160066604614e-02
7.730334401130676270e-01
3.429618179798126221e-01
1.412560939788818359e-01
4.576299488544464111e-01
-6.291354894638061523e-01
3.491400778293609619e-01
-9.733722209930419922e-01
-5.554272606968879700e-02
-9.679510593414306641e-01
-7.369095087051391602e-02
4.152194857597351074e-01
5.013759136199951172e-01
-3.811167776584625244e-01
4.981613457202911377e-01
-5.834587812423706055e-01
-5.411162376403808594e-01
-6.353401541709899902e-01
2.958342134952545166e-01
-2.579988352954387665e-02
-1.763583272695541382e-01
-7.334074974060058594e-01
9.920868873596191406e-01
-8.461975455284118652e-01
6.718171834945678711e-01
3.856779336929321289e-01
-8.572192192077636719e-01
1.790015399456024170e-01
8.425828218460083008e-01
2.182648628950119019e-01
-6.200188994407653809e-01
-6.571270525455474854e-02
4.042896032333374023e-01
3.232573270797729492e-01
9.987831711769104004e-01
4.896683692932128906e-01
8.554151654243469238e-01
7.670902013778686523e-01
-3.758967518806457520e-01
5.629896521568298340e-01
9.986187815666198730e-01
8.254927396774291992e-02
1.379674673080444336e-02
9.960968494415283203e-01
-2.408018261194229126e-01
2.450437992811203003e-01
-5.603017807006835938e-01
-7.134096026420593262e-01
-8.942802995443344116e-02
-8.952541947364807129e-01
3.454301655292510986e-01
3.139968216419219971e-01
3.514492511749267578e-01
-9.373292326927185059e-01
-3.070974349975585938e-01
-3.396057188510894775e-01
1.952225267887115479e-01
6.495028138160705566e-01
2.368045002222061157e-01
-6.635626554489135742e-01
-8.271046280860900879e-01
5.700784921646118164e-01
-6.920405477285385132e-02
-9.805142879486083984e-01
9.779481291770935059e-01
3.474529087543487549e-01
-7.338920831680297852e-01
2.590128779411315918e-01
-3.963381350040435791e-01
-4.464693069458007812e-01
4.895791113376617432e-01
-6.363998055458068848e-01
6.120710968971252441e-01
-2.420762330293655396e-01
4.561265707015991211e-01
8.219879865646362305e-01
5.814495682716369629e-01
3.804953098297119141e-01
4.394044280052185059e-01
-1.345876883715391159e-02
-9.305442571640014648e-01
9.970392584800720215e-01
7.421321272850036621e-01
-6.675052046775817871e-01
-8.553026616573333740e-02
-7.207513451576232910e-01
2.931735515594482422e-01
6.591341495513916016e-01
1.350817978382110596e-01
4.254528284072875977e-01
6.037876605987548828e-01
-6.475278735160827637e-01
1.966599524021148682e-01
4.834094941616058350e-01
4.637495875358581543e-01
2.756195366382598877e-01
-4.049269109964370728e-02
-5.934268236160278320e-01
3.573637902736663818e-01
-9.751185774803161621e-01
9.192923903465270996e-01
3.501056432723999023e-01
-4.931279718875885010e-01
3.924614489078521729e-01
-2.891782820224761963e-01
5.566657781600952148e-01
3.536755144596099854e-01
4.538291096687316895e-01
9.933186173439025879e-01
3.955208361148834229e-01
-7.947878837585449219e-01
8.431709408760070801e-01
-6.834967732429504395e-01
-3.848830461502075195e-01
-5.014004111289978027e-01
-2.797058820724487305e-01
-2.746118009090423584e-01
3.886570334434509277e-01
5.211057662963867188e-01
3.505326807498931885e-01
