-2.882808148860931396e-01 9.063344597816467285e-01 5.666491985321044922e-01 -7.902737855911254883e-01
-5.845046639442443848e-01 4.051485359668731689e-01 1.806467920541763306e-01 8.788943886756896973e-01
4.602569714188575745e-02 -9.599308371543884277e-01 -6.448165774345397949e-01 -4.638191461563110352e-01
-2.278427779674530029e-01 -9.939371794462203979e-02 9.282593131065368652e-01 -1.991855651140213013e-01
-9.388771057128906250e-01 5.397585630416870117e-01 -5.049937963485717773e-01 -3.873015642166137695e-01
1.407923698425292969e-01 3.225585818290710449e-01 3.563528656959533691e-01 4.451683759689331055e-01
7.762809842824935913e-02 -8.921517133712768555e-01 -3.493221700191497803e-01 6.763874888420104980e-01
2.934631705284118652e-01 9.223342537879943848e-01 5.690330266952514648e-01 2.136515676975250244e-01
-3.913917243480682373e-01 -4.313599467277526855e-01 -8.334107995033264160e-01 9.264242649078369141e-01
-7.561397552490234375e-02 8.828612565994262695e-01 -5.270708203315734863e-01 -9.483521580696105957e-01
-1.872177422046661377e-01 3.679974973201751709e-01 9.718737602233886719e-01 -1.671064794063568115e-01
-2.579403221607208252e-01 -7.660418748855590820e-01 -6.487448513507843018e-02 -6.915445923805236816e-01
-5.193901658058166504e-01 -2.620579674839973450e-02 2.711534798145294189e-01 -9.906108379364013672e-01
-1.398593485355377197e-01 -7.172763347625732422e-01 -7.784748077392578125e-01 -9.317615628242492676e-01
-8.725443482398986816e-01 -5.751800537109375000e-01 -6.709185242652893066e-01 -6.578387022018432617e-01
-8.061001300811767578e-01 -3.541938588023185730e-02 -9.763943552970886230e-01 9.487735629081726074e-01
7.897288799285888672e-01 -8.011894226074218750e-01 -2.336201071739196777e-01 -1.887624412775039673e-01
5.123249292373657227e-01 -5.300796627998352051e-01 -3.914093077182769775e-01 8.065307736396789551e-01
-8.811022639274597168e-01 8.074704408645629883e-01 -8.448866754770278931e-02 3.172909915447235107e-01
3.666494786739349365e-01 5.680845379829406738e-01 9.218197315931320190e-02 -6.949439048767089844e-01
2.925975620746612549e-01 4.828706979751586914e-01 9.545198678970336914e-01 -4.052368700504302979e-01
-4.222771227359771729e-01 -8.284370899200439453e-01 2.446274012327194214e-01 1.723492890596389771e-01
-8.874641656875610352e-01 5.381534695625305176e-01 3.495659232139587402e-01 3.365437686443328857e-01
6.888790726661682129e-01 6.083451509475708008e-01 -3.817389309406280518e-01 -4.199081361293792725e-01
5.932289361953735352e-01 9.818307161331176758e-01 -6.410143375396728516e-01 2.932670414447784424e-01
-3.928889632225036621e-01 2.704810202121734619e-01 9.436597228050231934e-01 -1.685828864574432373e-01
4.334930181503295898e-01 -7.876617908477783203e-01 -8.252376317977905273e-01 -4.455178380012512207e-01
5.307362079620361328e-01 2.365214973688125610e-01 -9.215773344039916992e-01 -6.770431399345397949e-01
-4.445111751556396484e-01 -5.683994293212890625e-01 3.308582603931427002e-01 -8.118957281112670898e-01
-2.382055073976516724e-01 -9.653162956237792969e-01 6.451993584632873535e-01 3.537107706069946289e-01
9.190096259117126465e-01 -2.958342730998992920e-01 5.239865779876708984e-01 -8.152092695236206055e-01
-9.408590793609619141e-01 -5.990141034126281738e-01 -6.871066689491271973e-01 -2.651273012161254883e-01
-4.855916202068328857e-01 2.447426319122314453e-02 6.357280015945434570e-01 -7.565948367118835449e-01
4.269080758094787598e-01 -6.882414817810058594e-01 -6.770758032798767090e-01 -5.850589871406555176e-01
7.223150730133056641e-01 8.212498426437377930e-01 -1.317532509565353394e-01 -8.663079142570495605e-01
-7.643040418624877930e-01 5.145388841629028320e-01 1.015281826257705688e-01 4.275468587875366211e-01
6.843586564064025879e-01 -1.269896775484085083e-01 -5.764045119285583496e-01 7.825194597244262695e-01
-4.238553345203399658e-01 6.234830021858215332e-01 -3.701246902346611023e-02 -4.979681372642517090e-01
9.182211160659790039e-01 7.595478743314743042e-02 -2.813792824745178223e-01 -6.054713726043701172e-01
2.276713997125625610e-01 -8.139120936393737793e-01 2.167318016290664673e-01 6.591735482215881348e-01
6.653021275997161865e-02 6.509674787521362305e-01 9.386873841285705566e-01 6.473075151443481445e-01
-5.897060036659240723e-01 1.109950914978981018e-01 4.220023155212402344e-01 -7.869951128959655762e-01
6.666015386581420898e-01 6.541684865951538086e-01 3.698202371597290039e-01 8.299176096916198730e-01
-4.043602943420410156e-01 -6.730064749717712402e-01 2.776581346988677979e-01 -5.088816285133361816e-01
1.178390979766845703e-01 -8.748328089714050293e-01 1.317376196384429932e-01 -4.388238489627838135e-01
-4.254736602306365967e-01 -4.464243650436401367e-01 2.898218333721160889e-01 -7.539782524108886719e-01
-7.757806219160556793e-03 -7.794414758682250977e-01 -5.281920433044433594e-01 4.893601834774017334e-01
8.316681385040283203e-01 -2.512664794921875000e-01 -9.929197281599044800e-02 -1.506125275045633316e-02
-4.713818058371543884e-02 -8.521084785461425781e-01 1.658298075199127197e-01 -8.730097413063049316e-01
9.441993236541748047e-01 -3.129224777221679688e-01 -3.243011981248855591e-02 3.242847323417663574e-01
5.488958954811096191e-01 -2.182275801897048950e-01 -8.129900693893432617e-01 7.530962228775024414e-01
1.363278329372406006e-01 1.117135304957628250e-02 -5.487084016203880310e-02 -9.156907200813293457e-01
-3.587699960917234421e-03 -4.764159619808197021e-01 -7.739058136940002441e-01 -6.809207797050476074e-01
-8.898310065269470215e-01 -7.040078639984130859e-01 -9.260277748107910156e-01 -5.468139648437500000e-01
-2.648908793926239014e-01 9.274042844772338867e-01 -7.372014969587326050e-02 8.220138549804687500e-01
3.266105353832244873e-01 2.052472233772277832e-01 -8.758598566055297852e-01 -7.827747464179992676e-01
-2.884795367717742920e-01 -6.153321638703346252e-02 2.262578159570693970e-01 -9.850515127182006836e-01
-4.962040781974792480e-01 8.816614747047424316e-01 -7.362287044525146484e-01 -8.198171257972717285e-01
3.219576179981231689e-01 6.654555797576904297e-01 -9.265923500061035156e-01 -9.652481675148010254e-01
-6.357519626617431641e-01 5.067040324211120605e-01 -8.517091274261474609e-01 -3.734075725078582764e-01
-5.824881196022033691e-01 6.923457384109497070e-01 1.191336661577224731e-01 9.448883533477783203e-01
-4.137953519821166992e-01 -8.836987614631652832e-01 -8.762721717357635498e-02 6.315792798995971680e-01
9.433164000511169434e-01 -2.718532681465148926e-01 -1.668029725551605225e-01 2.889059484004974365e-01
-1.832014881074428558e-02 5.257700681686401367e-01 -4.567494615912437439e-02 8.568651080131530762e-01
7.157369256019592285e-01 -5.755869746208190918e-01 -9.849571585655212402e-01 -5.477961897850036621e-01
-6.453582644462585449e-01 -6.577938199043273926e-01 5.937647819519042969e-01 6.344123482704162598e-01
1.408004611730575562e-01 -1.283120363950729370e-01 1.684863865375518799e-02 2.424302548170089722e-01
8.386413455009460449e-01 -3.265671730041503906e-01 1.154843047261238098e-01 4.175540506839752197e-01
-6.133587360382080078e-01 -9.428968429565429688e-01 -6.311498284339904785e-01 -3.931966125965118408e-01
1.409668773412704468e-01 -6.394354104995727539e-01 -9.649423956871032715e-01 5.512218475341796875e-01
1.433906406164169312e-01 -1.979094743728637695e-01 -6.001997590065002441e-01 -8.196309208869934082e-01
-4.852933585643768311e-01 -7.094183564186096191e-01 -1.126878783106803894e-01 -6.333030462265014648e-01
9.624511003494262695e-01 4.563636183738708496e-01 1.165118217468261719e-01 6.287557482719421387e-01
-2.147565186023712158e-01 -5.316672325134277344e-01 -4.641982913017272949e-01 5.889549851417541504e-01
3.741843700408935547e-01 5.961164236068725586e-01 -2.639088332653045654e-01 -3.477142751216888428e-02
2.618565857410430908e-01 8.579828739166259766e-01 4.619564414024353027e-01 4.008604884147644043e-01
1.062865406274795532e-01 5.327411293983459473e-01 -4.954437613487243652e-01 -7.137550711631774902e-01
-2.160886228084564209e-01 4.399146139621734619e-01 7.477556467056274414e-01 2.474474906921386719e-01
-5.162764787673950195e-01 -5.867833495140075684e-01 -2.829381823539733887e-01 -5.372490882873535156e-01
-4.852674305438995361e-01 -7.507772445678710938e-01 -4.334464669227600098e-01 -5.114716887474060059e-01
7.036652565002441406e-01 7.641493678092956543e-01 1.008782163262367249e-01 9.865217208862304688e-01
6.074202656745910645e-01 5.932791829109191895e-01 3.569755852222442627e-01 -1.211045160889625549e-01
1.335071176290512085e-01 6.871604919433593750e-01 7.803074717521667480e-01 5.662503838539123535e-01
-5.610043406486511230e-01 8.282020092010498047e-01 -4.766668081283569336e-01 -6.231020689010620117e-01
-5.015195608139038086e-01 -9.011803269386291504e-01 9.239472448825836182e-02 -5.173752903938293457e-01
-5.664893388748168945e-01 -8.994668722152709961e-01 -5.875181555747985840e-01 -7.877745628356933594e-01
-6.904251873493194580e-02 5.699436664581298828e-01 6.952749490737915039e-01 -4.018172025680541992e-01
-5.391242504119873047e-01 -8.101829886436462402e-01 -1.306936237961053848e-02 -6.344658732414245605e-01
-7.327526807785034180e-01 -8.383736759424209595e-02 2.398909330368041992e-01 8.568186759948730469e-01
1.402639299631118774e-01 6.064919829368591309e-01 -4.626226723194122314e-01 3.535326421260833740e-01
-6.641065478324890137e-01 7.640148401260375977e-01 -9.421479701995849609e-01 -6.120451688766479492e-01
6.919543147087097168e-01 -4.451286494731903076e-01 -8.134281039237976074e-01 -6.962167024612426758e-01
4.817565977573394775e-01 -7.470276355743408203e-01 -1.728200167417526245e-01 6.726274490356445312e-01
4.876693189144134521e-01 5.898298025131225586e-01 4.430384375154972076e-03 -5.103563070297241211e-01
4.067106842994689941e-01 8.768748641014099121e-01 2.324897348880767822e-01 -8.788962364196777344e-01
6.822527050971984863e-01 -9.125196933746337891e-01 1.251781731843948364e-01 -8.011641502380371094e-01
-9.822394251823425293e-01 6.493300795555114746e-01 -6.819766163825988770e-01 -4.113630354404449463e-01
-9.627586603164672852e-01 5.776404961943626404e-02 5.158712267875671387e-01 7.119606137275695801e-01
-8.666991591453552246e-01 8.590583503246307373e-02 4.943354725837707520e-01 6.389496326446533203e-01
-8.233711868524551392e-02 -9.236384034156799316e-01 -6.453686952590942383e-02 5.210235118865966797e-01
5.167139768600463867e-01 -9.530600905418395996e-01 2.069104015827178955e-01 9.840669035911560059e-01
5.418110489845275879e-01 9.618418812751770020e-01 2.376443296670913696e-01 -4.784317910671234131e-01
-5.673547983169555664e-01 6.205959916114807129e-01 5.243962407112121582e-01 -7.976146340370178223e-01
6.138771772384643555e-01 9.341936707496643066e-01 2.480744272470474243e-01 6.155539751052856445e-01
8.247547149658203125e-01 -1.064941287040710449e-02 -2.015069425106048584e-01 8.554448485374450684e-01
-1.275084614753723145e-01 -3.649870753288269043e-01 -1.895744800567626953e-01 -9.137498736381530762e-01
-1.428011357784271240e-01 -5.556234121322631836e-01 5.046458169817924500e-02 -9.600873589515686035e-01
-9.122119098901748657e-02 8.762872815132141113e-01 6.873135566711425781e-01 6.307458877563476562e-01
-2.085801810026168823e-01 9.068449735641479492e-01 2.098536938428878784e-01 -5.456138849258422852e-01
3.924863636493682861e-01 -7.589785456657409668e-01 6.008663177490234375e-01 3.056221604347229004e-01
-9.143180251121520996e-01 9.179013967514038086e-02 6.804129481315612793e-01 6.244847774505615234e-01
-6.139944791793823242e-01 -5.933954715728759766e-01 -5.442829132080078125e-01 -5.777059197425842285e-01
-9.146895408630371094e-01 3.570766374468803406e-02 5.926408767700195312e-01 7.798718810081481934e-01
-4.737959206104278564e-01 9.449540972709655762e-01 -3.791287541389465332e-01 -5.906466245651245117e-01
9.024273157119750977e-01 1.989277452230453491e-01 -9.055688232183456421e-02 8.929941654205322266e-01
-7.447631359100341797e-01 2.027071118354797363e-01 -6.627637743949890137e-01 -9.858019351959228516e-01
8.229168653488159180e-01 -7.284905314445495605e-01 9.946075081825256348e-01 -1.556359231472015381e-01
4.525378644466400146e-01 4.360488355159759521e-01 7.273954749107360840e-01 -4.821484982967376709e-01
-2.479416280984878540e-01 -5.684645771980285645e-01 -9.591208696365356445e-01 -8.096571564674377441e-01
-5.477884039282798767e-02 -7.963186502456665039e-01 -8.877341151237487793e-01 -4.709715545177459717e-01
-1.138727590441703796e-01 1.435581892728805542e-01 9.151091575622558594e-01 -4.532733857631683350e-01
-6.467396616935729980e-01 5.289620757102966309e-01 -7.143895626068115234e-01 -5.347715020179748535e-01
-5.511779189109802246e-01 2.503181695938110352e-01 -8.037549257278442383e-01 -8.874638676643371582e-01
2.132275104522705078e-01 -9.067400693893432617e-01 -8.153842091560363770e-01 -2.479667961597442627e-01
-3.469178676605224609e-01 9.743239879608154297e-01 -1.230851337313652039e-01 -1.451269835233688354e-01
6.485873460769653320e-01 4.345361292362213135e-01 6.149163246154785156e-01 1.240344569087028503e-01
2.608750946819782257e-02 -3.615546524524688721e-01 -7.595572471618652344e-01 -3.165555000305175781e-01
-6.624764204025268555e-01 -4.412446916103363037e-01 -6.977994441986083984e-01 -6.797096729278564453e-01
-4.953932166099548340e-01 2.397162467241287231e-01 2.455899417400360107e-01 -6.170483231544494629e-01
7.392472624778747559e-01 7.194722890853881836e-01 -2.790560759603977203e-02 -4.132376313209533691e-01
-4.817776978015899658e-01 5.173543691635131836e-01 6.912783384323120117e-01 6.837661266326904297e-01
-5.180538296699523926e-01 -6.553265452384948730e-01 4.585783779621124268e-01 8.372465968132019043e-01
-8.490518331527709961e-01 5.015229582786560059e-01 -1.873837858438491821e-01 1.527931243181228638e-01
7.703727483749389648e-01 7.356670498847961426e-01 2.061359435319900513e-01 9.533770680427551270e-01
-4.590277969837188721e-01 -6.099302172660827637e-01 -3.058751821517944336e-01 8.523809909820556641e-01
-4.535048305988311768e-01 8.690640330314636230e-01 -7.738332748413085938e-01 -6.367172002792358398e-01
5.154542326927185059e-01 3.554326295852661133e-01 -6.025791168212890625e-01 -9.714254736900329590e-01
4.854366481304168701e-01 6.507591009140014648e-01 9.773697853088378906e-01 9.955890178680419922e-01
4.491319656372070312e-01 8.998562693595886230e-01 3.565702438354492188e-01 -1.094380542635917664e-01
9.511738419532775879e-01 5.518029928207397461e-01 9.553775191307067871e-02 9.236717224121093750e-01
5.371993184089660645e-01 -7.282724138349294662e-03 -7.692562937736511230e-01 -9.195960760116577148e-01
-3.235294222831726074e-01 1.918277144432067871e-01 8.722743391990661621e-01 -3.073540031909942627e-01
-3.356612324714660645e-01 -4.447136521339416504e-01 3.491437435150146484e-01 -7.769588232040405273e-01
-4.681921377778053284e-02 -6.353191733360290527e-01 4.574825763702392578e-01 1.958290487527847290e-01
-6.137608289718627930e-01 4.348153173923492432e-01 -8.060066699981689453e-01 -9.095724821090698242e-01
-1.445382982492446899e-01 -6.827217936515808105e-01 9.372173249721527100e-02 -3.309436738491058350e-01
3.049824833869934082e-01 6.989698410034179688e-01 9.500686526298522949e-01 6.361889839172363281e-01
8.989502787590026855e-01 -2.428375929594039917e-02 3.477724790573120117e-01 -9.803787469863891602e-01
-3.907991051673889160e-01 4.851373732089996338e-01 -5.785925984382629395e-01 -7.714710235595703125e-01
1.366402208805084229e-01 7.388263940811157227e-01 6.361224651336669922e-01 -5.347943902015686035e-01
5.383037328720092773e-01 -1.953689008951187134e-01 8.582040667533874512e-02 -8.889873623847961426e-01
-3.517002463340759277e-01 -5.926274061203002930e-01 -6.210608407855033875e-02 -8.672867417335510254e-01
-3.629717230796813965e-01 2.055500000715255737e-01 -5.564519762992858887e-02 -1.299063768237829208e-02
1.354056298732757568e-01 1.564527116715908051e-02 -5.542153716087341309e-01 -9.533866047859191895e-01
6.175364851951599121e-01 8.486549854278564453e-01 4.711474850773811340e-02 -8.666097521781921387e-01
2.331693172454833984e-01 7.120093107223510742e-01 -7.189343571662902832e-01 -4.044581651687622070e-01
-1.404838860034942627e-01 4.127960205078125000e-01 6.813303828239440918e-01 1.088641285896301270e-01
2.155114114284515381e-01 8.910290598869323730e-01 5.414184331893920898e-01 4.875539243221282959e-01
-6.482764482498168945e-01 -9.025567770004272461e-01 -5.960732102394104004e-01 -4.328978657722473145e-01
-3.288136720657348633e-01 3.007998764514923096e-01 3.169272243976593018e-01 9.426586031913757324e-01
-9.169592857360839844e-01 7.167010754346847534e-02 6.247170567512512207e-01 7.170171141624450684e-01
-6.246220469474792480e-01 2.865792512893676758e-01 2.154733836650848389e-01 -3.997150659561157227e-01
-1.332910656929016113e-01 7.001301050186157227e-01 -6.478142142295837402e-01 -2.891218662261962891e-01
1.096971929073333740e-01 -6.101486086845397949e-01 -7.237315773963928223e-01 -1.879262477159500122e-01
7.950134277343750000e-01 -5.845001935958862305e-01 -3.151031732559204102e-01 -6.951135396957397461e-01
2.294865995645523071e-01 1.509764790534973145e-01 -3.180295228958129883e-02 -8.492817282676696777e-01
-8.325724601745605469e-01 4.196844696998596191e-01 4.551217555999755859e-01 6.487146615982055664e-01
-5.672510266304016113e-01 5.570261478424072266e-01 -7.127078771591186523e-01 -9.917601346969604492e-01
-4.049100875854492188e-01 5.442951917648315430e-01 6.623513102531433105e-01 -1.177537515759468079e-01
9.290615916252136230e-01 -7.822963595390319824e-01 9.978960752487182617e-01 -5.316719412803649902e-01
7.479056119918823242e-01 -3.988229036331176758e-01 2.009095251560211182e-01 4.141071140766143799e-01
1.092738062143325806e-01 8.707977533340454102e-01 5.458959341049194336e-01 -7.293010950088500977e-01
-5.635314583778381348e-01 -3.667532652616500854e-02 5.664724111557006836e-01 -8.102234005928039551e-01
-9.274539351463317871e-01 4.816657304763793945e-01 4.326481521129608154e-01 7.348903417587280273e-01
6.894922852516174316e-01 2.250328063964843750e-01 -3.267551362514495850e-01 8.463218808174133301e-01
-6.252475976943969727e-01 -4.297007620334625244e-01 -4.034669697284698486e-01 -6.441910266876220703e-01
-6.350152492523193359e-01 -5.929297804832458496e-01 2.198084592819213867e-01 4.531538486480712891e-01
3.787787258625030518e-01 5.399880409240722656e-01 8.197810053825378418e-01 -5.552035570144653320e-01
-4.056216478347778320e-01 7.811027169227600098e-01 -5.290677770972251892e-02 -5.061032772064208984e-01
6.668842434883117676e-01 -6.441411375999450684e-01 -4.902343153953552246e-01 4.617392420768737793e-01
-3.696356117725372314e-01 -2.007489055395126343e-01 -2.375213801860809326e-01 -9.427916407585144043e-01
-7.727810740470886230e-01 3.078173696994781494e-01 4.904478192329406738e-01 4.946074783802032471e-01
-6.617627739906311035e-01 3.586255311965942383e-01 8.512006402015686035e-01 4.779316782951354980e-01
-9.596742391586303711e-01 6.976521015167236328e-01 2.424203306436538696e-01 3.210197389125823975e-01
7.310693860054016113e-01 -2.454559653997421265e-01 -9.043831825256347656e-01 -1.088882759213447571e-01
4.428004324436187744e-01 8.215831518173217773e-01 -5.871057510375976562e-06 5.372266173362731934e-01
-1.009576842188835144e-01 5.702363848686218262e-01 5.486598014831542969e-01 -5.789569616317749023e-01
-3.171044290065765381e-01 -8.845311999320983887e-01 3.343139886856079102e-01 -7.080395817756652832e-01
-3.340725898742675781e-01 6.892149448394775391e-01 -7.162184715270996094e-01 -4.854399263858795166e-01
8.516177535057067871e-01 5.235814452171325684e-01 1.410519331693649292e-01 8.172608017921447754e-01
8.993402123451232910e-01 2.427392899990081787e-01 6.197882890701293945e-01 8.084886670112609863e-01
-8.477370142936706543e-01 3.737044334411621094e-01 1.655349731445312500e-01 -6.992647051811218262e-01
6.696876287460327148e-01 -9.785463809967041016e-01 -1.751769036054611206e-01 1.553894281387329102e-01
-3.863688111305236816e-01 2.053709477186203003e-01 -7.152354121208190918e-01 -8.547105193138122559e-01
4.018490910530090332e-01 7.613662481307983398e-01 3.717601299285888672e-01 -4.391517639160156250e-01
-6.379643082618713379e-01 -8.647724390029907227e-01 2.838947176933288574e-01 -5.519455671310424805e-01
-3.830133974552154541e-01 5.105306506156921387e-01 -5.156083703041076660e-01 -9.501250386238098145e-01
8.019602894783020020e-01 -4.785616397857666016e-01 -6.453816890716552734e-01 -4.854680001735687256e-01
2.921276092529296875e-01 -8.056727647781372070e-01 -1.090540736913681030e-01 -2.351177930831909180e-01
1.136208698153495789e-01 -3.593380749225616455e-01 -6.235860288143157959e-02 7.379523515701293945e-01
6.371707916259765625e-01 6.521817445755004883e-01 2.444531470537185669e-01 -9.796671271324157715e-01
1.461271196603775024e-01 9.248420596122741699e-01 4.771211743354797363e-01 -9.227926731109619141e-01
7.261951565742492676e-01 1.059262901544570923e-01 6.230949759483337402e-01 -2.488874495029449463e-01
1.377174705266952515e-01 -8.975521922111511230e-01 -2.778975665569305420e-01 7.279624938964843750e-01
7.838094830513000488e-01 4.103308916091918945e-01 -5.462312102317810059e-01 -6.865807771682739258e-01
-8.906744122505187988e-01 -6.433798372745513916e-02 3.457437157630920410e-01 7.970202565193176270e-01
1.289270371198654175e-01 7.212620973587036133e-01 4.382529854774475098e-01 -6.529490351676940918e-01
1.164226308465003967e-01 -9.809425473213195801e-01 -4.720843732357025146e-01 -5.001276731491088867e-01
-9.642327427864074707e-01 6.271469593048095703e-01 1.248102933168411255e-01 3.345486521720886230e-01
4.791426062583923340e-01 -7.542937397956848145e-01 -6.180909872055053711e-01 -7.332669496536254883e-01
-6.041892170906066895e-01 6.300354599952697754e-01 1.533062905073165894e-01 -6.489639282226562500e-01
-5.381903052330017090e-01 -8.647693991661071777e-01 -9.204081445932388306e-02 6.216992735862731934e-01
-7.740077376365661621e-01 4.381570518016815186e-01 6.237033009529113770e-01 1.178102418780326843e-01
7.131552100181579590e-01 -6.897336244583129883e-01 5.005995631217956543e-01 1.440032273530960083e-01
-5.016115903854370117e-01 4.661433771252632141e-02 5.019950866699218750e-01 -7.862002253532409668e-01
9.508575797080993652e-01 6.535075902938842773e-01 9.347410202026367188e-01 3.280168399214744568e-02
1.304501891136169434e-01 7.858496308326721191e-01 9.318815469741821289e-01 5.900368094444274902e-01
5.138168931007385254e-01 5.715410113334655762e-01 2.989098429679870605e-01 9.620497226715087891e-01
8.592548370361328125e-01 7.478997707366943359e-01 1.195731386542320251e-02 8.627386689186096191e-01
1.467246413230895996e-01 9.626689553260803223e-01 3.912960588932037354e-01 -8.234183192253112793e-01
-2.314720004796981812e-01 -7.829837203025817871e-01 3.519828617572784424e-01 6.901860982179641724e-02
-2.621855735778808594e-01 -6.072763204574584961e-01 -4.478943347930908203e-01 -8.084180764853954315e-03
-3.026386722922325134e-03 -7.874120473861694336e-01 -9.021903276443481445e-01 -6.739292293787002563e-02
3.493720591068267822e-01 -6.582084894180297852e-01 -6.645596623420715332e-01 -7.911958098411560059e-01
4.777784347534179688e-01 -4.398487210273742676e-01 -1.378158628940582275e-01 -7.371539473533630371e-01
-4.138087630271911621e-01 -9.534496068954467773e-01 5.084635019302368164e-01 2.828987315297126770e-02
3.833374679088592529e-01 4.396592974662780762e-01 -8.517189025878906250e-01 -8.676407337188720703e-01
4.697602987289428711e-01 -3.903849422931671143e-01 -3.919161558151245117e-01 -6.882531642913818359e-01
7.182223796844482422e-01 -7.792961597442626953e-01 -4.072664082050323486e-01 5.535620450973510742e-01
-6.822280883789062500e-01 -9.176440834999084473e-01 -2.577508613467216492e-02 -1.253038495779037476e-01
4.485858976840972900e-01 -9.580823779106140137e-01 3.475298881530761719e-01 9.724946022033691406e-01
3.432833254337310791e-01 -7.443841695785522461e-01 -7.864188402891159058e-02 -1.918000169098377228e-02
5.497745871543884277e-01 -6.689459681510925293e-01 -4.600678980350494385e-01 -6.045386195182800293e-01
2.984787225723266602e-01 -5.053892731666564941e-01 -6.062928438186645508e-01 -2.741788923740386963e-01
2.561528980731964111e-01 -4.807482659816741943e-01 2.200591713190078735e-01 9.944634437561035156e-01
-9.209214448928833008e-01 -3.262636363506317139e-01 6.605618000030517578e-01 4.886588081717491150e-03
2.284162640571594238e-01 9.183502793312072754e-01 4.491291642189025879e-01 -7.270452976226806641e-01
-1.517464965581893921e-01 -7.485687136650085449e-01 2.383049130439758301e-01 -8.741304278373718262e-01
-6.389730572700500488e-01 1.461045444011688232e-01 8.067328333854675293e-01 1.850482523441314697e-01
5.682549476623535156e-01 -1.640252023935317993e-01 -7.040035128593444824e-01 7.358762025833129883e-01
4.413593709468841553e-01 -1.896074712276458740e-01 -6.971403360366821289e-01 -5.229581594467163086e-01
6.894564032554626465e-01 -6.454403400421142578e-01 -9.508436322212219238e-01 -6.288844943046569824e-01
-4.230166077613830566e-01 -4.673810899257659912e-01 -9.847737550735473633e-01 -2.780507504940032959e-01
-5.490632057189941406e-01 -7.136595845222473145e-01 -2.306194454431533813e-01 -9.586111903190612793e-01
8.701887726783752441e-01 8.989559412002563477e-01 5.935146287083625793e-02 6.596278548240661621e-01
8.861860632896423340e-01 -7.167067527770996094e-01 -5.800400376319885254e-01 -7.334882616996765137e-01
-7.589196562767028809e-01 3.068775534629821777e-01 8.485208749771118164e-01 6.159676909446716309e-01
2.066752165555953979e-01 -7.171571850776672363e-01 -5.420611500740051270e-01 -3.783594667911529541e-01
4.842457473278045654e-01 2.099522054195404053e-01 -6.036875844001770020e-01 6.161416172981262207e-01
-2.733726799488067627e-01 6.071290969848632812e-01 6.760023236274719238e-01 -6.813827157020568848e-01
6.667253375053405762e-01 6.055102944374084473e-01 -7.513432502746582031e-01 -8.474376797676086426e-01
9.000757932662963867e-01 5.757965445518493652e-01 1.923969388008117676e-01 7.898506522178649902e-01
2.025801986455917358e-01 -2.842423319816589355e-02 3.227231204509735107e-01 -6.092680692672729492e-01
6.648293137550354004e-01 4.738214313983917236e-01 1.730603873729705811e-01 1.227424070239067078e-01
-6.264944076538085938e-01 6.794656515121459961e-01 4.496062546968460083e-02 6.406894922256469727e-01
-5.687737464904785156e-02 6.303127408027648926e-01 4.749976992607116699e-01 -5.977848172187805176e-01
2.406160980463027954e-01 -7.709466814994812012e-01 -5.407481789588928223e-01 -7.060653567314147949e-01
-6.202101111412048340e-01 4.885566830635070801e-01 -9.030910730361938477e-01 -4.023624956607818604e-01
-1.412345468997955322e-02 -5.461137294769287109e-01 -5.493709444999694824e-01 -1.281798928976058960e-01
5.789771080017089844e-01 2.723163962364196777e-01 5.582693964242935181e-02 6.272560954093933105e-01
7.047225832939147949e-01 -8.763365149497985840e-01 8.786385506391525269e-02 8.396009206771850586e-01
-3.661043047904968262e-01 -7.119596004486083984e-01 -2.446444332599639893e-01 -5.538348555564880371e-01
3.553325831890106201e-01 5.798261761665344238e-01 -8.455641269683837891e-01 -8.047633171081542969e-01
1.089915782213211060e-01 3.924612402915954590e-01 7.398506402969360352e-01 -7.862385511398315430e-01
9.437070041894912720e-02 -5.955228209495544434e-01 -1.919648051261901855e-01 -9.169037938117980957e-01
-2.204326242208480835e-01 -6.119080781936645508e-01 4.296987354755401611e-01 9.978795647621154785e-01
1.232417151331901550e-01 -1.782165020704269409e-01 -1.424403637647628784e-01 9.315804243087768555e-01
2.742106914520263672e-01 4.189428687095642090e-01 5.698001384735107422e-01 -7.383189201354980469e-01
6.095085144042968750e-01 -7.227042913436889648e-01 -7.487825155258178711e-01 6.739081740379333496e-01
4.500053524971008301e-01 -6.672231554985046387e-01 -9.375157356262207031e-01 -3.987855613231658936e-01
-4.425491392612457275e-01 -3.083378374576568604e-01 2.079018801450729370e-01 -8.443181514739990234e-01
-9.612895250320434570e-01 8.338864445686340332e-01 1.145292446017265320e-01 4.253273308277130127e-01
4.310908615589141846e-01 4.908384680747985840e-01 8.208350539207458496e-01 4.501696825027465820e-01
4.653021097183227539e-01 6.814820766448974609e-01 2.418584972620010376e-01 6.281679272651672363e-01
8.270990252494812012e-01 -4.151088893413543701e-01 -7.871156930923461914e-01 -3.745495676994323730e-01
-2.320101708173751831e-01 8.408635258674621582e-01 3.022539317607879639e-01 -6.877121329307556152e-01
-1.022966727614402771e-01 -5.162224173545837402e-01 -9.125410914421081543e-01 2.020216733217239380e-01
-4.209837913513183594e-01 8.238343596458435059e-01 8.863141536712646484e-01 9.760406613349914551e-01
1.900627017021179199e-01 -2.190905958414077759e-01 -5.989691615104675293e-01 5.027118325233459473e-01
1.879854053258895874e-01 3.483256697654724121e-01 -9.109398722648620605e-02 -8.876141309738159180e-01
3.640235066413879395e-01 -2.150278985500335693e-01 -7.218725681304931641e-01 -2.514998614788055420e-01
-4.892477691173553467e-01 6.444084048271179199e-01 3.084784150123596191e-01 9.706675410270690918e-01
-9.860323071479797363e-01 -4.007045030593872070e-01 -6.777169108390808105e-01 4.256286099553108215e-02
8.706856966018676758e-01 2.618362605571746826e-01 5.429487824440002441e-01 5.593979954719543457e-01
5.437566637992858887e-01 5.667425394058227539e-01 -1.011874154210090637e-01 6.139190196990966797e-01
-5.957856178283691406e-01 7.877348661422729492e-01 2.622005343437194824e-01 -4.334439933300018311e-01
1.456010937690734863e-01 5.753034949302673340e-01 7.399579882621765137e-01 -8.109372258186340332e-01
7.107229828834533691e-01 -6.854096055030822754e-01 -3.199430108070373535e-01 5.848309397697448730e-01
-5.525456666946411133e-01 -6.407275795936584473e-01 -4.304493963718414307e-01 8.944878578186035156e-01
7.097140550613403320e-01 4.098642468452453613e-01 -7.446393966674804688e-01 -8.608610033988952637e-01
-2.529609501361846924e-01 1.182295903563499451e-01 3.148100972175598145e-01 -7.000835537910461426e-01
-9.194433093070983887e-01 5.059038996696472168e-01 3.445461690425872803e-01 2.304456233978271484e-01
-6.292223930358886719e-01 -6.247689127922058105e-01 -3.513501584529876709e-01 3.019335567951202393e-01
-4.445068538188934326e-01 8.724477291107177734e-01 -4.144686460494995117e-01 -6.417127847671508789e-01
1.079081669449806213e-01 -8.307662606239318848e-01 -6.450391411781311035e-01 -5.972318053245544434e-01
-1.780693829059600830e-01 -5.386179685592651367e-01 4.212603271007537842e-01 -8.375588059425354004e-01
-7.614557147026062012e-01 -7.802427411079406738e-01 -2.891900539398193359e-01 -8.725998997688293457e-01
-4.010931551456451416e-01 -5.450650453567504883e-01 -8.992817401885986328e-01 4.954496026039123535e-01
-9.788319468498229980e-01 2.417318820953369141e-01 1.850602775812149048e-01 3.886526525020599365e-01
-8.734192848205566406e-01 2.631116807460784912e-01 -1.663136929273605347e-01 -2.842926383018493652e-01
-6.463039517402648926e-01 -9.234932661056518555e-01 6.854271888732910156e-02 -6.562249064445495605e-01
-7.818575203418731689e-02 -8.589022159576416016e-01 -1.648956984281539917e-01 4.770405888557434082e-01
6.702161431312561035e-01 8.889431953430175781e-01 2.424829900264739990e-01 7.743023037910461426e-01
-4.467566907405853271e-01 7.378427982330322266e-01 -5.556674599647521973e-01 -2.763995230197906494e-01
7.230305075645446777e-01 -6.525545120239257812e-01 -3.961464762687683105e-01 -8.266678452491760254e-01
-1.279540061950683594e-01 -9.216750860214233398e-01 -1.623945385217666626e-01 6.112572550773620605e-01
-5.562903881072998047e-01 -3.657176792621612549e-01 4.044857919216156006e-01 -7.662568092346191406e-01
-4.889268279075622559e-01 -8.197697401046752930e-01 2.078722268342971802e-01 -7.083416581153869629e-01
-6.983361244201660156e-01 3.429556787014007568e-01 -3.128090798854827881e-01 -1.251583993434906006e-01
-2.253002971410751343e-01 -6.201819777488708496e-01 -6.781867742538452148e-01 7.179425358772277832e-01
5.904262661933898926e-01 -5.978618860244750977e-01 -5.194253325462341309e-01 3.371628522872924805e-01
2.308565676212310791e-01 8.754038214683532715e-01 3.959492743015289307e-01 8.758966326713562012e-01
8.987122774124145508e-01 -6.143550276756286621e-01 -8.852748870849609375e-01 1.742346882820129395e-01
-5.053877234458923340e-01 2.231822460889816284e-01 9.454665184020996094e-01 -8.665916975587606430e-04
-7.428607940673828125e-01 3.323644697666168213e-01 2.317496389150619507e-01 -9.923864603042602539e-01
-5.820439457893371582e-01 4.475106894969940186e-01 5.237212777137756348e-01 4.037865623831748962e-02
4.759813100099563599e-02 -2.265066951513290405e-01 2.786793746054172516e-02 -8.697006106376647949e-01
-1.453985571861267090e-01 -5.515462160110473633e-01 -9.037788510322570801e-01 1.046678945422172546e-01
3.978111743927001953e-01 -4.370978474617004395e-01 -3.681169450283050537e-01 -9.243599176406860352e-01
3.100121319293975830e-01 -1.105218082666397095e-01 2.481640279293060303e-01 -7.706110477447509766e-01
-4.892535507678985596e-01 -7.357769012451171875e-01 -5.373647212982177734e-01 -8.594633340835571289e-01
1.771904230117797852e-01 -6.068666651844978333e-02 -8.587079048156738281e-01 -4.755076467990875244e-01
3.510992228984832764e-02 -3.436844050884246826e-01 1.578289270401000977e-02 -9.057536125183105469e-01
5.192260146141052246e-01 -7.424774169921875000e-01 -7.170216441154479980e-01 -5.756156444549560547e-01
6.875230073928833008e-01 6.045182943344116211e-01 -6.346037387847900391e-01 -8.580767512321472168e-01
-4.624996185302734375e-01 -4.801647067070007324e-01 4.020846188068389893e-01 -6.888900399208068848e-01
3.805498182773590088e-01 8.340602517127990723e-01 3.569364547729492188e-01 -1.397756636142730713e-01
8.746505975723266602e-01 8.815318942070007324e-01 -2.405834197998046875e-01 -4.999908804893493652e-01
-5.517685413360595703e-01 -5.909444689750671387e-01 1.845055073499679565e-01 -6.557537317276000977e-01
7.837481796741485596e-02 2.750389743596315384e-03 9.982261061668395996e-01 -2.084755152463912964e-01
-6.969865560531616211e-01 1.079985946416854858e-01 7.757103443145751953e-01 2.481296360492706299e-01
4.027696251869201660e-01 -5.778194069862365723e-01 -4.454099237918853760e-01 5.310867428779602051e-01
5.968865156173706055e-01 2.325391769409179688e-01 7.655554413795471191e-01 -3.293845951557159424e-01
6.412526369094848633e-01 2.556615769863128662e-01 5.522603988647460938e-01 8.878628015518188477e-01
8.931760191917419434e-01 9.197394549846649170e-02 -1.251880824565887451e-01 8.686996698379516602e-01
9.244278669357299805e-01 -7.540067434310913086e-01 -5.147819966077804565e-02 -4.599395096302032471e-01
6.078610420227050781e-01 7.211712002754211426e-01 1.005335375666618347e-01 5.332447886466979980e-01
9.548981189727783203e-01 5.336955785751342773e-01 9.855604171752929688e-01 -1.126774623990058899e-01
3.898211941123008728e-02 -6.244016885757446289e-01 -5.366199016571044922e-01 3.183722794055938721e-01
7.900874614715576172e-01 -9.853513240814208984e-01 -8.883605152368545532e-02 4.549644291400909424e-01
-9.427348375320434570e-01 -5.415108203887939453e-01 -6.806503534317016602e-01 -6.181064844131469727e-01
3.718532025814056396e-01 1.743650734424591064e-01 -3.204501867294311523e-01 -1.729899644851684570e-01
5.735985040664672852e-01 -4.676126241683959961e-01 -3.478097915649414062e-01 -7.195844054222106934e-01
-6.171064972877502441e-01 -6.115995049476623535e-01 3.283521831035614014e-01 4.105983376502990723e-01
-1.513168215751647949e-01 4.666897356510162354e-01 -1.358472704887390137e-01 8.490487933158874512e-01
2.379754930734634399e-01 -6.242203712463378906e-01 -8.281214833259582520e-01 -4.344607889652252197e-01
-6.984016895294189453e-01 -7.485831975936889648e-01 1.299864202737808228e-01 5.723527073860168457e-01
-4.747262895107269287e-01 4.481536746025085449e-01 5.466546416282653809e-01 -7.966827750205993652e-01
4.239763915538787842e-01 -4.577620625495910645e-01 7.294552922248840332e-01 -2.982023060321807861e-01
1.071179285645484924e-01 -1.959595233201980591e-01 -4.502387642860412598e-01 9.842383861541748047e-01
2.034246027469635010e-01 -9.478591382503509521e-02 -4.734553098678588867e-01 -7.783723473548889160e-01
-5.384395122528076172e-01 -8.770751357078552246e-01 -5.781365558505058289e-02 6.886196732521057129e-01
-4.631538987159729004e-01 4.693161547183990479e-01 6.286581158638000488e-01 -5.737432241439819336e-01
4.826209247112274170e-01 -7.911706566810607910e-01 -6.206466555595397949e-01 -4.782982766628265381e-01
-7.896986007690429688e-01 -5.439453721046447754e-01 1.665613986551761627e-02 6.899017691612243652e-01
-8.452171087265014648e-01 4.587790966033935547e-01 2.585282027721405029e-01 5.297415256500244141e-01
-5.523160696029663086e-01 4.245751798152923584e-01 5.093781948089599609e-01 -8.165037035942077637e-01
6.746729016304016113e-01 7.881754040718078613e-01 5.409612059593200684e-01 -3.147325292229652405e-02
7.549553513526916504e-01 1.322381794452667236e-01 -1.068814769387245178e-01 5.450712442398071289e-01
4.157994389533996582e-01 -6.621918082237243652e-01 -7.190062999725341797e-01 -6.460530161857604980e-01
6.395304799079895020e-01 4.903226494789123535e-01 3.672496080398559570e-01 -3.144147992134094238e-01
-8.379268050193786621e-01 4.614702984690666199e-02 -9.422488808631896973e-01 7.857001423835754395e-01
-8.996497988700866699e-01 -6.988073587417602539e-01 -2.490281760692596436e-01 -2.156072258949279785e-01
-1.430348604917526245e-01 3.820857405662536621e-01 6.060559153556823730e-01 -1.168825700879096985e-01
4.319883584976196289e-01 -1.056641265749931335e-01 2.062126547098159790e-01 -7.666034698486328125e-01
9.832530617713928223e-01 1.964514553546905518e-01 7.480145096778869629e-01 -2.834309339523315430e-01
4.862369000911712646e-01 -7.749405503273010254e-01 2.818870246410369873e-01 8.052746653556823730e-01
1.860103905200958252e-01 -5.909283757209777832e-01 -7.808083891868591309e-01 -8.158683776855468750e-01
-4.108965098857879639e-01 3.774642348289489746e-01 8.788177371025085449e-01 -4.021298885345458984e-02
5.713295936584472656e-01 -8.190369606018066406e-02 -7.688579559326171875e-01 -9.383823871612548828e-01
3.739905953407287598e-01 -5.932385921478271484e-01 -4.024021327495574951e-01 8.541682958602905273e-01
-5.837310552597045898e-01 -9.565234780311584473e-01 3.198888003826141357e-01 -2.357117980718612671e-01
-8.462278842926025391e-01 -9.181235432624816895e-01 -7.280381321907043457e-01 -6.359109282493591309e-01
1.357290297746658325e-01 -4.541987180709838867e-01 1.698129326105117798e-01 3.963337838649749756e-01
-2.146313339471817017e-01 -7.938460111618041992e-01 -6.951690912246704102e-01 -2.985000610351562500e-01
4.582566916942596436e-01 3.782950341701507568e-01 -2.467006444931030273e-02 4.030692875385284424e-01
-3.379583358764648438e-04 4.916590452194213867e-01 4.803994894027709961e-01 -7.748344540596008301e-01
-8.377052545547485352e-01 -2.273699343204498291e-01 2.866432964801788330e-01 8.148252367973327637e-01
-2.516083121299743652e-01 8.009586930274963379e-01 5.914674997329711914e-01 -7.460238337516784668e-01
-3.858279585838317871e-01 8.643592596054077148e-01 -4.800661504268646240e-01 -9.241748452186584473e-01
-9.492828845977783203e-01 5.963935852050781250e-01 3.237985074520111084e-01 4.247289001941680908e-01
-2.322374880313873291e-01 -9.511071443557739258e-01 -9.193612337112426758e-01 5.142230540513992310e-02
4.183125868439674377e-02 -5.553169846534729004e-01 -6.694152951240539551e-01 -7.492239475250244141e-01
-9.308362007141113281e-01 5.553286671638488770e-01 3.310758173465728760e-01 7.031239271163940430e-01
5.830850601196289062e-01 7.985457181930541992e-01 -1.684678792953491211e-01 3.663065135478973389e-01
-6.022500991821289062e-01 4.554969072341918945e-01 6.969535350799560547e-01 -1.011098399758338928e-01
-8.352271318435668945e-01 7.887310385704040527e-01 1.666467487812042236e-01 2.347460538148880005e-01
5.196992158889770508e-01 -8.845291733741760254e-01 -5.200554728507995605e-01 -5.995807647705078125e-01
7.308332920074462891e-01 9.811533093452453613e-01 -1.140900552272796631e-01 -4.472141265869140625e-01
3.338570892810821533e-02 8.611990809440612793e-01 3.230404555797576904e-01 8.625248074531555176e-01
-9.581036120653152466e-02 -8.003589510917663574e-01 1.262955218553543091e-01 -1.326861530542373657e-01
-4.800777733325958252e-01 6.565029621124267578e-01 6.221535205841064453e-01 2.253762483596801758e-01
-5.239057540893554688e-02 -8.922373056411743164e-01 -3.479391038417816162e-01 -3.935238420963287354e-01
5.798999071121215820e-01 -7.174458503723144531e-01 -9.272844195365905762e-01 -4.970409870147705078e-01
1.519648879766464233e-01 -6.165140271186828613e-01 -3.352310359477996826e-01 5.246906876564025879e-01
6.771968603134155273e-01 -6.113731861114501953e-01 -5.718953013420104980e-01 -8.016269803047180176e-01
-4.082521498203277588e-01 -8.835398554801940918e-01 2.391493767499923706e-01 -7.136586308479309082e-01
4.713072180747985840e-01 -9.721535444259643555e-02 6.206745505332946777e-01 -3.031123615801334381e-02
6.767223477363586426e-01 6.972558498382568359e-01 3.572751879692077637e-01 -9.700283408164978027e-01
2.627733349800109863e-01 7.190204858779907227e-01 7.650550007820129395e-01 4.099814891815185547e-01
1.035739667713642120e-02 -5.424665212631225586e-01 -5.801391601562500000e-01 -6.598235368728637695e-01
-6.942734867334365845e-02 8.398536443710327148e-01 -2.634697258472442627e-01 -2.548179328441619873e-01
9.135577082633972168e-02 5.450397729873657227e-01 2.296882122755050659e-01 9.876152873039245605e-01
7.597138285636901855e-01 -3.298003971576690674e-02 -2.372968494892120361e-01 6.508604288101196289e-01
7.930955886840820312e-01 2.817252874374389648e-01 -1.944260597229003906e-01 9.714520573616027832e-01
-6.471320390701293945e-01 5.553583502769470215e-01 4.770390391349792480e-01 2.574990391731262207e-01
-8.739146590232849121e-01 9.029670357704162598e-01 -8.225421905517578125e-01 -6.111971139907836914e-01
-6.161902546882629395e-01 -7.432931065559387207e-01 -5.434779450297355652e-02 -7.501686215400695801e-01
4.963342249393463135e-01 8.275213092565536499e-02 4.298966228961944580e-01 -2.106086611747741699e-01
3.884757757186889648e-01 -6.659355759620666504e-01 -6.787227988243103027e-01 -7.763551473617553711e-01
6.738431453704833984e-01 9.017913937568664551e-01 1.966127008199691772e-01 -9.630393385887145996e-01
-3.461135625839233398e-01 7.713502049446105957e-01 -4.504490792751312256e-01 -8.710504770278930664e-01
7.700064778327941895e-01 9.445462822914123535e-01 -1.579291671514511108e-01 -5.667416453361511230e-01
-3.829787373542785645e-01 2.990125417709350586e-01 8.811341524124145508e-01 -2.300296276807785034e-01
-1.715587079524993896e-01 8.692262172698974609e-01 -5.119643211364746094e-01 -6.929092407226562500e-01
-1.703204959630966187e-02 4.228942692279815674e-01 6.246990561485290527e-01 -7.533515691757202148e-01
7.468306422233581543e-01 -6.523488163948059082e-01 -5.253067016601562500e-01 -7.562528252601623535e-01
-2.449782192707061768e-01 6.731986254453659058e-02 4.020593464374542236e-01 -8.026673197746276855e-01
7.943733334541320801e-01 7.669747471809387207e-01 3.136877119541168213e-01 1.973532140254974365e-01
-2.487968467175960541e-02 8.504594564437866211e-01 5.214215517044067383e-01 7.996012568473815918e-01
-9.453868269920349121e-01 3.900754451751708984e-01 3.191032409667968750e-01 6.005141735076904297e-01
-6.760483980178833008e-01 -8.434392213821411133e-01 2.398188859224319458e-01 -2.737838029861450195e-01
-9.422263503074645996e-01 3.983741700649261475e-01 9.696934819221496582e-01 3.850953280925750732e-01
-5.108935832977294922e-01 2.258548736572265625e-01 -5.021743774414062500e-01 7.838672399520874023e-02
-1.899485141038894653e-01 7.868359684944152832e-01 6.645891070365905762e-01 -6.920316219329833984e-01
-7.815221548080444336e-01 -9.408753514289855957e-01 -5.131770968437194824e-01 -7.633797526359558105e-01
-3.885540962219238281e-01 -8.002638816833496094e-01 4.627845883369445801e-01 8.303351402282714844e-01
-6.694571971893310547e-01 -6.737743020057678223e-01 1.664410829544067383e-01 5.639929771423339844e-01
-5.522904396057128906e-01 -2.260490506887435913e-02 6.165463328361511230e-01 -8.195003271102905273e-01
3.439454138278961182e-01 -7.401006221771240234e-01 -4.313880801200866699e-01 6.307878494262695312e-01
-2.847818434238433838e-01 7.243298888206481934e-01 -4.365290701389312744e-01 -9.735416173934936523e-01
3.866299688816070557e-01 -1.634134799242019653e-01 3.912747502326965332e-01 -7.804351449012756348e-01
-2.013051062822341919e-01 -8.531064987182617188e-01 -6.048126816749572754e-01 -3.725212812423706055e-01
-8.774203062057495117e-01 5.039364099502563477e-01 2.793671190738677979e-01 4.436894059181213379e-01
-3.822038173675537109e-01 -3.379860818386077881e-01 1.024631187319755554e-01 -8.124216198921203613e-01
-3.650230765342712402e-01 9.848688840866088867e-01 -2.757916152477264404e-01 -3.518656194210052490e-01
4.699819684028625488e-01 -7.278306484222412109e-01 -3.724728822708129883e-01 7.274087071418762207e-01
3.612502217292785645e-01 -9.375564455986022949e-01 -4.447138905525207520e-01 -4.826982319355010986e-01
-7.861240506172180176e-01 -9.368383884429931641e-01 7.768832147121429443e-03 8.652644604444503784e-02
-1.732267886400222778e-01 2.632789313793182373e-01 6.559392809867858887e-01 8.525011539459228516e-01
7.069281935691833496e-01 8.848827481269836426e-01 2.513220906257629395e-01 -3.465660214424133301e-01
-5.996989607810974121e-01 5.952482223510742188e-01 3.458592891693115234e-01 7.184718847274780273e-01
-4.950998127460479736e-01 -6.821884512901306152e-01 -2.834075391292572021e-01 7.726883292198181152e-01
8.745105266571044922e-01 6.884246468544006348e-01 2.586700916290283203e-01 -9.319488406181335449e-01
-6.197838187217712402e-01 -5.008624792098999023e-01 -8.567177057266235352e-01 7.124409079551696777e-02
3.891068994998931885e-01 5.736115574836730957e-01 -5.419660732150077820e-02 -9.785525202751159668e-01
-4.253865182399749756e-01 5.760864615440368652e-01 6.088624000549316406e-01 -2.317971289157867432e-01
-7.750452309846878052e-02 6.282824873924255371e-01 -7.516021728515625000e-01 -4.893814921379089355e-01
-8.036261200904846191e-01 -2.546595931053161621e-01 -2.006036937236785889e-01 8.878372311592102051e-01
4.607730209827423096e-01 2.798406779766082764e-01 -8.480903506278991699e-01 -6.771207451820373535e-01
-2.890353836119174957e-02 1.183411702513694763e-01 8.286657929420471191e-02 -9.213312268257141113e-01
-9.835757613182067871e-01 1.975966989994049072e-01 -3.994306027889251709e-01 -5.046374201774597168e-01
-4.523314833641052246e-01 -8.249140381813049316e-01 8.940578252077102661e-02 -7.261361479759216309e-01
2.097253799438476562e-01 7.134696245193481445e-01 4.592855274677276611e-01 1.693042516708374023e-01
3.824507594108581543e-01 -6.420950293540954590e-01 -8.104156851768493652e-01 -5.719035267829895020e-01
1.197520270943641663e-01 -4.870778918266296387e-01 -2.339252382516860962e-01 1.338366232812404633e-02
8.063778877258300781e-01 2.374775111675262451e-01 5.137142539024353027e-01 -2.131405174732208252e-01
-6.524512171745300293e-01 -7.806485295295715332e-01 5.863463282585144043e-01 -3.549388647079467773e-01
3.395395576953887939e-01 7.446413040161132812e-01 -1.178256422281265259e-01 -9.259373545646667480e-01
8.670492768287658691e-01 -9.959578514099121094e-02 2.540057003498077393e-01 -8.783271908760070801e-01
-6.077354550361633301e-01 6.460906863212585449e-01 -1.924974285066127777e-02 -8.756227493286132812e-01
-9.482183456420898438e-01 4.412821829319000244e-01 2.849159836769104004e-01 6.700720787048339844e-01
5.464994311332702637e-01 1.327423602342605591e-01 6.269969046115875244e-02 -1.620367467403411865e-01
-1.725495606660842896e-01 2.420557439327239990e-01 -7.366525530815124512e-01 -4.218950271606445312e-01
5.905551910400390625e-01 -5.219560265541076660e-01 -6.974824070930480957e-01 -6.072393655776977539e-01
6.632370352745056152e-01 -3.321627080440521240e-01 -6.564432978630065918e-01 6.560959815979003906e-01
-6.974012255668640137e-01 -6.273403167724609375e-01 -2.740058004856109619e-01 7.639957666397094727e-01
6.895614862442016602e-01 -4.984135925769805908e-01 -2.184373289346694946e-01 3.476909697055816650e-01
5.141453146934509277e-01 -7.986058592796325684e-01 -5.831362009048461914e-01 -6.362213492393493652e-01
-3.999509662389755249e-02 8.459812998771667480e-01 -5.405658856034278870e-02 -2.495509088039398193e-01
7.215075939893722534e-02 1.116505041718482971e-01 -4.979748278856277466e-03 -8.663066625595092773e-01
8.252214193344116211e-01 9.322861582040786743e-02 6.706124544143676758e-01 4.414208531379699707e-01
7.404837012290954590e-01 1.228106692433357239e-01 -1.163915246725082397e-01 9.770479798316955566e-01
9.478558897972106934e-01 3.298052847385406494e-01 5.208982825279235840e-01 3.001693822443485260e-02
6.548888683319091797e-01 -5.464150309562683105e-01 -4.883595407009124756e-01 -5.537471175193786621e-01
-1.392332464456558228e-01 3.800242245197296143e-01 4.907516837120056152e-01 -7.218038439750671387e-01
1.950612664222717285e-02 -4.142498373985290527e-01 -8.476486206054687500e-01 -3.143125772476196289e-01
7.691156268119812012e-01 9.893478751182556152e-01 5.243946611881256104e-02 7.083575725555419922e-01
-9.201236069202423096e-02 6.236279010772705078e-01 5.166902542114257812e-01 -6.215458512306213379e-01
7.829613685607910156e-01 4.444292783737182617e-01 5.496592521667480469e-01 -2.282004803419113159e-01
-4.949444830417633057e-01 -5.043708682060241699e-01 4.254245758056640625e-01 -8.605633974075317383e-01
4.756348952651023865e-02 4.464724361896514893e-01 4.432402253150939941e-01 -5.872768163681030273e-01
8.585153520107269287e-02 7.484035938978195190e-02 2.829726040363311768e-01 -5.867580175399780273e-01
-3.793712556362152100e-01 -6.352340579032897949e-01 4.942983984947204590e-01 -8.973395824432373047e-01
-1.506887376308441162e-01 3.984307348728179932e-01 -7.027662992477416992e-01 -4.917746484279632568e-01
5.190367698669433594e-01 8.124939799308776855e-01 3.539121448993682861e-01 3.318027257919311523e-01
-3.544388413429260254e-01 3.588705658912658691e-01 8.393716812133789062e-01 -1.742638200521469116e-01
2.376861125230789185e-01 2.476284503936767578e-01 6.627814769744873047e-01 7.817600369453430176e-01
-3.553600311279296875e-01 9.232409000396728516e-01 -4.352208077907562256e-01 -8.102029561996459961e-02
8.050556182861328125e-01 9.858555793762207031e-01 -2.724402397871017456e-02 7.093971371650695801e-01
-5.279898047447204590e-01 4.808917343616485596e-01 6.652197837829589844e-01 -1.295139193534851074e-01
5.613614916801452637e-01 -8.873064517974853516e-01 1.182837858796119690e-01 8.899388909339904785e-01
8.332307338714599609e-01 7.630424201488494873e-02 5.752093195915222168e-01 7.617903947830200195e-01
-7.669677138328552246e-01 -8.991569876670837402e-01 -5.534027814865112305e-01 -6.478697657585144043e-01
3.032745420932769775e-01 -3.005874454975128174e-01 -6.433341503143310547e-01 -1.645548492670059204e-01
2.007465064525604248e-01 -9.832038879394531250e-01 -2.937939763069152832e-01 -4.605115950107574463e-01
-2.863272428512573242e-01 -9.324356317520141602e-01 4.468144476413726807e-01 -1.112701818346977234e-01
-9.907836914062500000e-01 5.482028126716613770e-01 1.081947013735771179e-01 4.181648194789886475e-01
-6.932169198989868164e-01 -8.425092101097106934e-01 -5.685983300209045410e-01 -8.359565138816833496e-01
5.249304175376892090e-01 -7.396069765090942383e-01 4.505221843719482422e-01 3.184476494789123535e-01
6.353591084480285645e-01 4.039022326469421387e-01 4.632264673709869385e-01 -8.673710823059082031e-01
7.161163091659545898e-01 9.362366199493408203e-01 -6.089800596237182617e-01 1.187434643507003784e-01
-2.509728372097015381e-01 5.890657305717468262e-01 6.381727457046508789e-01 -3.115876615047454834e-01
3.926579952239990234e-01 -8.127457499504089355e-01 -7.676685452461242676e-01 6.236149668693542480e-01
6.387082934379577637e-01 -1.348753571510314941e-01 -5.914353132247924805e-01 5.525335669517517090e-01
4.905879497528076172e-01 4.206135571002960205e-01 -5.930421948432922363e-01 -7.467070817947387695e-01
7.620702385902404785e-01 7.104299664497375488e-01 -3.362913131713867188e-01 -7.442005872726440430e-01
7.874075770378112793e-01 3.831568062305450439e-01 9.726166129112243652e-01 1.860698908567428589e-01
1.749022603034973145e-01 6.947034597396850586e-01 4.430226981639862061e-01 -3.486433327198028564e-01
-4.142581224441528320e-01 7.475215792655944824e-01 6.262907385826110840e-01 7.575529813766479492e-01
3.993251323699951172e-01 -7.429862618446350098e-01 -2.760935127735137939e-01 5.573258996009826660e-01
6.998828649520874023e-01 -7.200182080268859863e-01 -4.176848232746124268e-01 -5.816725492477416992e-01
8.049557209014892578e-01 -5.915828943252563477e-01 -5.454131364822387695e-01 5.269867181777954102e-01
7.963853478431701660e-01 -6.552862524986267090e-01 3.423595130443572998e-01 3.108755648136138916e-01
1.741225570440292358e-01 6.568244695663452148e-01 4.476761519908905029e-01 -8.169273138046264648e-01
-4.555377960205078125e-01 1.300881430506706238e-02 -1.978096514940261841e-01 3.945530578494071960e-02
-3.076295256614685059e-01 -5.831713676452636719e-01 -2.231141328811645508e-01 -6.106543540954589844e-01
7.808609604835510254e-01 6.317954659461975098e-01 6.603788733482360840e-01 1.917444318532943726e-01
2.807935476303100586e-01 -6.382558941841125488e-01 -9.428389668464660645e-01 6.840387582778930664e-01
-5.841859579086303711e-01 -5.620983242988586426e-01 -5.492215752601623535e-01 9.930217266082763672e-01
-5.733305215835571289e-02 7.445415258407592773e-01 4.235107600688934326e-01 -9.230422377586364746e-01
-1.466764956712722778e-01 6.711077094078063965e-01 4.591159522533416748e-01 5.767264962196350098e-01
-4.274304211139678955e-01 8.674413561820983887e-01 7.176725268363952637e-01 7.428433299064636230e-01
-2.676835954189300537e-01 -5.150753259658813477e-01 1.676426269114017487e-02 -9.262102246284484863e-01
6.845768094062805176e-01 -2.031475864350795746e-02 -3.196389675140380859e-01 6.298218369483947754e-01
5.687609314918518066e-01 9.302513599395751953e-01 2.381231933832168579e-01 -9.046765565872192383e-01
-1.614852100610733032e-01 -9.478088021278381348e-01 5.478886365890502930e-01 -5.145033597946166992e-01
3.460725843906402588e-01 4.767175018787384033e-01 -3.512965738773345947e-01 -9.376354813575744629e-01
4.877541959285736084e-01 3.447618186473846436e-01 6.475940942764282227e-01 4.080884456634521484e-01
3.374434411525726318e-01 2.795748710632324219e-01 5.885651111602783203e-01 8.196749091148376465e-01
-2.189411371946334839e-01 7.948580980300903320e-01 -3.258878886699676514e-01 -9.522500038146972656e-01
-6.326899528503417969e-01 -7.742165923118591309e-01 4.999113082885742188e-01 -1.873243749141693115e-01
9.419654309749603271e-02 -8.965467214584350586e-01 -7.402270436286926270e-01 -8.706818222999572754e-01
4.792103469371795654e-01 5.357741713523864746e-01 -3.672875463962554932e-01 -9.266567230224609375e-01
-4.306337535381317139e-01 9.882118105888366699e-01 -7.367638349533081055e-01 -8.559484481811523438e-01
5.817225575447082520e-01 -7.899488210678100586e-01 -7.768222093582153320e-01 4.695870578289031982e-01
6.805938482284545898e-01 8.586336374282836914e-01 2.756469845771789551e-01 -9.750925898551940918e-01
-2.835304737091064453e-01 4.363057017326354980e-01 6.524400711059570312e-01 1.899686157703399658e-01
-9.236003160476684570e-01 6.892843842506408691e-01 3.100353479385375977e-01 2.235836982727050781e-01
2.793458998203277588e-01 -9.510200023651123047e-01 -4.391866624355316162e-01 -6.625068187713623047e-01
4.306532144546508789e-01 -5.559302568435668945e-01 -6.900252103805541992e-01 -1.789287477731704712e-01
6.636045575141906738e-01 4.328446686267852783e-01 5.008537769317626953e-01 -9.039288163185119629e-01
7.020164132118225098e-01 9.775064587593078613e-01 5.410151928663253784e-02 -2.740702331066131592e-01
8.544687032699584961e-01 -6.873054057359695435e-02 2.584403157234191895e-01 -9.387907385826110840e-01
5.942808389663696289e-01 9.563063979148864746e-01 5.782250687479972839e-02 -8.471538424491882324e-01
2.395845949649810791e-01 -7.302746176719665527e-01 -5.368922948837280273e-01 9.536689519882202148e-01
7.318626642227172852e-01 -7.277802228927612305e-01 -2.377278953790664673e-01 6.513425111770629883e-01
-3.962280750274658203e-01 -2.672634720802307129e-01 -3.986842930316925049e-02 -8.275930285453796387e-01
-5.953777432441711426e-01 -7.472313046455383301e-01 -2.578456997871398926e-01 2.879296839237213135e-01
5.047250390052795410e-01 -2.695583999156951904e-01 -3.890818357467651367e-01 9.656987190246582031e-01
-3.825965821743011475e-01 9.383029937744140625e-01 -4.936352074146270752e-01 -5.841505527496337891e-02
-2.661276459693908691e-01 8.105207085609436035e-01 -4.909484088420867920e-01 -9.659051895141601562e-01
-4.594885408878326416e-01 9.646430611610412598e-01 -3.404591083526611328e-01 -4.825108349323272705e-01
-8.443784713745117188e-01 -9.182739257812500000e-01 -2.820487618446350098e-01 -5.194565057754516602e-01
-5.560504794120788574e-01 -8.006344437599182129e-01 -1.405669748783111572e-01 -4.909735023975372314e-01
-8.014282584190368652e-01 -7.484884262084960938e-01 -4.384833574295043945e-01 2.063059061765670776e-01
-1.727360934019088745e-01 -8.227334022521972656e-01 1.666812896728515625e-01 -3.006349503993988037e-01
4.890863299369812012e-01 5.564600229263305664e-01 -8.522459864616394043e-01 -7.069751620292663574e-01
-4.946147203445434570e-01 -5.082775354385375977e-01 3.357969820499420166e-01 -7.370002865791320801e-01
-3.555812835693359375e-01 -7.649276256561279297e-01 1.828362047672271729e-01 5.018329620361328125e-01
-9.588455557823181152e-01 -4.800343811511993408e-01 -7.042230367660522461e-01 -2.001939713954925537e-01
8.524135351181030273e-01 -7.312405109405517578e-01 -4.958013594150543213e-01 -8.087536692619323730e-01
4.632176458835601807e-01 -7.409945726394653320e-01 -7.774467468261718750e-01 5.219005942344665527e-01
4.966681301593780518e-01 -7.143286466598510742e-01 -6.514971256256103516e-01 -5.854533910751342773e-01
-3.907439708709716797e-01 -9.529609084129333496e-01 -6.767073273658752441e-01 -3.265981376171112061e-01
-7.185331583023071289e-01 -8.751589059829711914e-01 1.273387074470520020e-01 -4.756109714508056641e-01
1.110440716147422791e-01 -5.897541642189025879e-01 -1.142902150750160217e-01 -5.323066115379333496e-01
-6.055737733840942383e-01 8.609538078308105469e-01 7.654376626014709473e-01 9.741921424865722656e-01
5.024009346961975098e-01 -7.424278259277343750e-01 -7.954871654510498047e-01 1.835805624723434448e-01
-5.195186734199523926e-01 -9.372487664222717285e-01 4.465950727462768555e-01 -4.706825911998748779e-01
-7.235939502716064453e-01 9.831879138946533203e-01 9.964075684547424316e-02 7.704241871833801270e-01
-9.437276422977447510e-02 3.080936074256896973e-01 9.232017397880554199e-01 -3.532623350620269775e-01
-1.592632681131362915e-01 -6.026336550712585449e-01 -8.424514532089233398e-02 3.095085918903350830e-01
6.103051900863647461e-01 5.886449813842773438e-01 5.805979967117309570e-01 -5.758785083889961243e-02
1.627668589353561401e-01 2.335189133882522583e-01 6.030813455581665039e-01 -3.891099393367767334e-01
2.966268062591552734e-01 2.694560885429382324e-01 -5.194036960601806641e-01 -5.912150740623474121e-01
-4.885503351688385010e-01 8.682708144187927246e-01 5.781493782997131348e-01 5.772982835769653320e-01
-6.409040689468383789e-01 9.891000986099243164e-01 2.681065797805786133e-01 -2.681155502796173096e-01
5.530897378921508789e-01 6.193031072616577148e-01 7.487919330596923828e-01 4.320448637008666992e-01
2.218865603208541870e-02 -6.544847488403320312e-01 -8.185971975326538086e-01 -7.111696004867553711e-01
2.338049709796905518e-01 -9.958582520484924316e-01 4.319701492786407471e-01 7.156544327735900879e-01
8.847990632057189941e-01 4.706387221813201904e-01 1.634641885757446289e-01 7.284808754920959473e-01
-9.037494659423828125e-01 -5.708134770393371582e-01 -4.811379015445709229e-01 8.509966544806957245e-03
6.793224811553955078e-02 -9.753585457801818848e-01 7.788133025169372559e-01 -8.910825848579406738e-01
5.660090446472167969e-01 -7.784826755523681641e-01 -1.500663161277770996e-01 7.743335962295532227e-01
1.552777439355850220e-01 3.213684558868408203e-01 2.351039946079254150e-01 6.157807111740112305e-01
-7.634226083755493164e-01 8.275392055511474609e-01 2.793289124965667725e-01 -2.163939028978347778e-01
-6.759667992591857910e-01 -3.635498285293579102e-01 -6.599501371383666992e-01 3.465990126132965088e-01
-3.655648231506347656e-01 -6.516094207763671875e-01 -9.674310684204101562e-01 -9.443800449371337891e-01
4.678891301155090332e-01 9.657623767852783203e-01 1.231626197695732117e-01 7.616465091705322266e-01
-3.661910593509674072e-01 4.228165745735168457e-01 -9.833027124404907227e-01 -1.360838413238525391e-01
-1.862861774861812592e-02 6.465473175048828125e-01 -4.479776024818420410e-01 -7.117520570755004883e-01
-3.523193895816802979e-01 -5.337612628936767578e-01 7.555983215570449829e-02 3.992322087287902832e-01
4.202086031436920166e-01 9.358255863189697266e-01 5.617445111274719238e-01 5.569935441017150879e-01
7.060829997062683105e-01 -3.168807923793792725e-01 4.359631836414337158e-01 -2.683897614479064941e-01
-1.085207983851432800e-01 9.661229252815246582e-01 -5.608394145965576172e-01 -9.234927296638488770e-01
5.319396853446960449e-01 3.628689944744110107e-01 6.561205983161926270e-01 -8.385725617408752441e-01
-6.626409888267517090e-01 -9.538090229034423828e-01 -2.975619435310363770e-01 -5.550272464752197266e-01
-7.755076885223388672e-01 -9.366555213928222656e-01 -5.707467198371887207e-01 -6.812148690223693848e-01
-2.223721444606781006e-01 -4.928309023380279541e-01 -6.364823579788208008e-01 -7.707567811012268066e-01
6.968120336532592773e-01 7.781770229339599609e-01 1.115842834115028381e-01 -9.066511988639831543e-01
-3.504110500216484070e-02 3.957175612449645996e-01 7.215561270713806152e-01 -7.222698926925659180e-01
8.048652410507202148e-01 9.585745930671691895e-01 -3.936653137207031250e-01 -3.658394813537597656e-01
1.322525590658187866e-01 7.691660523414611816e-01 3.263046443462371826e-01 9.345831871032714844e-01
4.334398806095123291e-01 -8.370662927627563477e-01 -6.317831873893737793e-01 -5.164216160774230957e-01
-3.036651611328125000e-01 6.810591816902160645e-01 4.192494153976440430e-01 5.521710515022277832e-01
8.509244918823242188e-01 -6.191298365592956543e-01 -8.713419437408447266e-01 1.904431432485580444e-01
4.766966104507446289e-01 9.875150322914123535e-01 -5.520101785659790039e-01 4.747971594333648682e-01
4.310784339904785156e-01 4.848724305629730225e-01 9.828159809112548828e-01 -7.750418186187744141e-01
3.548830747604370117e-01 2.419989556074142456e-01 -8.444378376007080078e-01 -4.735503196716308594e-01
1.350593417882919312e-01 -9.530965089797973633e-01 -7.567521333694458008e-01 -2.167044132947921753e-01
5.131163001060485840e-01 9.108706116676330566e-01 3.237649798393249512e-01 -7.765915989875793457e-01
-7.201829552650451660e-02 2.574198246002197266e-01 6.393837928771972656e-01 -6.358499526977539062e-01
-2.659009993076324463e-01 -8.149302005767822266e-01 -8.234407007694244385e-02 2.538645267486572266e-01
4.484333395957946777e-01 -7.453117966651916504e-01 -5.132762193679809570e-01 8.926241993904113770e-01
-9.262714982032775879e-01 -3.035033643245697021e-01 -7.771189808845520020e-01 1.473166942596435547e-01
-7.563545703887939453e-01 -9.169135689735412598e-01 7.537937257438898087e-03 -7.229858636856079102e-01
5.766186714172363281e-01 -7.370203733444213867e-01 -5.492586493492126465e-01 -4.765047729015350342e-01
-2.165509462356567383e-01 -3.305169343948364258e-01 -7.420577108860015869e-02 -8.724265694618225098e-01
-8.520939946174621582e-02 6.078876256942749023e-01 4.738664329051971436e-01 4.211248159408569336e-01
2.068278938531875610e-01 9.253071546554565430e-01 5.107217431068420410e-01 4.292850792407989502e-01
5.203948020935058594e-01 -8.053340315818786621e-01 -4.371075928211212158e-01 -8.449186682701110840e-01
-1.426235288381576538e-01 -9.629815816879272461e-01 -7.249562740325927734e-01 -4.666833877563476562e-01
5.176776647567749023e-01 -7.705401182174682617e-01 -9.065610170364379883e-01 -7.914217561483383179e-02
7.237853407859802246e-01 -6.527079343795776367e-01 -7.920898199081420898e-01 -6.355258226394653320e-01
-6.025607511401176453e-02 5.796325206756591797e-01 7.880420237779617310e-02 9.895229935646057129e-01
-3.367332816123962402e-01 8.731241822242736816e-01 -3.916957676410675049e-01 -7.687298655509948730e-01
-5.436177849769592285e-01 -9.307000041007995605e-01 2.542448043823242188e-01 -2.133221924304962158e-01
7.700428962707519531e-01 8.476421236991882324e-01 1.688244789838790894e-01 -8.106867074966430664e-01
-8.551605045795440674e-02 5.746814608573913574e-01 4.824579656124114990e-01 9.071522355079650879e-01
-2.268693000078201294e-01 -9.476802349090576172e-01 3.914040029048919678e-01 -3.807087838649749756e-01
-6.106764674186706543e-01 -9.591475129127502441e-01 2.463867142796516418e-02 -5.983855724334716797e-01
6.344381570816040039e-01 9.228186011314392090e-01 2.628301978111267090e-01 -5.894768983125686646e-02
1.404953449964523315e-01 -2.373275607824325562e-01 3.533413708209991455e-01 -5.460295677185058594e-01
2.643958926200866699e-01 -1.961617022752761841e-01 -6.093529462814331055e-01 -7.631497979164123535e-01
-3.434313237667083740e-01 -2.856371365487575531e-02 7.415055632591247559e-01 -9.672302007675170898e-02
-9.662256240844726562e-01 7.553244233131408691e-01 1.763231903314590454e-01 7.124018669128417969e-01
1.624022573232650757e-01 7.324856519699096680e-01 7.200579047203063965e-01 3.737268447875976562e-01
-2.498066276311874390e-01 5.386732220649719238e-01 5.223973393440246582e-01 -5.125343203544616699e-01
-3.573606014251708984e-01 -9.669129252433776855e-01 -7.937666773796081543e-02 4.618459939956665039e-01
6.524369716644287109e-01 5.021947026252746582e-01 3.497688472270965576e-01 7.518414855003356934e-01
-6.716711521148681641e-01 8.982142210006713867e-01 3.070563673973083496e-01 -3.983727693557739258e-01
-4.478396773338317871e-01 -8.027435541152954102e-01 7.588995993137359619e-02 -3.618189096450805664e-01
-1.223941519856452942e-01 -9.779119491577148438e-01 -9.627190232276916504e-01 -7.253880500793457031e-01
4.241003394126892090e-01 2.724607586860656738e-01 6.736999750137329102e-01 -5.232323408126831055e-01
-4.658308029174804688e-01 1.264635473489761353e-01 6.262118220329284668e-01 -6.807508468627929688e-01
-5.441635847091674805e-01 -9.330003261566162109e-01 7.999130524694919586e-03 -6.729407310485839844e-01
-1.206537857651710510e-01 1.955927349627017975e-02 1.546040028333663940e-01 -9.853018522262573242e-01
7.603062987327575684e-01 4.632829129695892334e-01 4.909830987453460693e-01 -8.783091306686401367e-01
-5.564516186714172363e-01 -8.248142600059509277e-01 -3.963616192340850830e-01 -5.356229543685913086e-01
5.500606298446655273e-01 2.063528150320053101e-01 6.069461703300476074e-01 7.817912101745605469e-01
7.588787078857421875e-01 8.806794881820678711e-01 -1.352673023939132690e-01 -2.670678123831748962e-02
7.094756364822387695e-01 -8.007038235664367676e-01 -8.213310688734054565e-02 6.248197555541992188e-01
-9.113473296165466309e-01 -1.595987081527709961e-01 3.031789064407348633e-01 7.498203516006469727e-01
9.111570715904235840e-01 5.712009668350219727e-01 5.413928031921386719e-01 2.073851674795150757e-01
1.971483975648880005e-02 -7.981467843055725098e-01 -1.329274475574493408e-01 -9.238894581794738770e-01
-5.358885526657104492e-01 9.543610811233520508e-01 -4.903495013713836670e-01 -6.517386436462402344e-01
5.468112230300903320e-02 -9.209579229354858398e-01 -5.570222735404968262e-01 -2.294479906558990479e-01
8.367252945899963379e-01 -5.699889659881591797e-01 -9.254791140556335449e-01 -6.365618109703063965e-01
-7.550114393234252930e-01 -5.493174791336059570e-01 -1.833806186914443970e-01 4.146529734134674072e-02
5.842095017433166504e-01 -6.200859546661376953e-01 -7.710596323013305664e-01 -7.342092990875244141e-01
6.919602751731872559e-01 -3.095795214176177979e-01 4.151992201805114746e-01 2.337183952331542969e-01
-7.213027477264404297e-01 -2.885287106037139893e-01 4.029348790645599365e-01 -8.535718321800231934e-01
-1.365341693162918091e-01 7.358035445213317871e-01 -5.573449134826660156e-01 -8.946475982666015625e-01
1.131533384323120117e-01 1.792911887168884277e-01 9.534159898757934570e-01 -4.661532938480377197e-01
1.762694269418716431e-01 6.089826226234436035e-01 3.153438568115234375e-01 6.263702511787414551e-01
-8.655267357826232910e-01 -7.306565064936876297e-03 5.059763789176940918e-01 8.673056364059448242e-01
-6.595566272735595703e-01 -4.671937525272369385e-01 -2.354008853435516357e-01 8.557033538818359375e-01
-6.688624024391174316e-01 8.110284209251403809e-01 -1.621861457824707031e-01 2.259277552366256714e-01
-6.179740428924560547e-01 -8.583602309226989746e-01 2.328092902898788452e-01 -6.626735329627990723e-01
-1.258104201406240463e-02 -3.651757836341857910e-01 7.869882583618164062e-01 -2.176481038331985474e-01
-5.348805785179138184e-01 -6.775557398796081543e-01 -5.551310777664184570e-01 3.353629112243652344e-01
-7.957047224044799805e-01 -9.422169923782348633e-01 -5.152087211608886719e-01 -4.052779674530029297e-01
-4.824889600276947021e-01 5.998272895812988281e-01 -8.592504262924194336e-01 -7.278157472610473633e-01
4.709206223487854004e-01 4.636496603488922119e-01 4.703191518783569336e-01 -9.467438459396362305e-01
5.703823566436767578e-01 -6.371080875396728516e-01 -6.372606754302978516e-01 3.317978978157043457e-01
7.189891934394836426e-01 9.350387454032897949e-01 2.036033123731613159e-01 -8.665394186973571777e-01
-1.107930466532707214e-01 -9.319530129432678223e-01 -1.296737939119338989e-01 -7.879755496978759766e-01
-4.453155100345611572e-01 -1.208754628896713257e-01 5.076161026954650879e-01 -9.072927832603454590e-01
8.945786952972412109e-01 -6.298271417617797852e-01 -9.557150006294250488e-01 2.037422657012939453e-01
1.352155208587646484e-01 -8.746860623359680176e-01 -6.815184950828552246e-01 7.147182226181030273e-01
8.862974047660827637e-01 -4.131649732589721680e-01 -3.521547093987464905e-02 4.047645032405853271e-01
-5.867855548858642578e-01 4.711260795593261719e-01 7.444821596145629883e-01 -1.324247568845748901e-01
-4.650185406208038330e-01 -1.862715743482112885e-02 4.037133753299713135e-01 -8.789341449737548828e-01
5.688489079475402832e-01 9.013767838478088379e-01 2.792348265647888184e-01 2.070935517549514771e-01
7.400922179222106934e-01 6.319115757942199707e-01 3.063915669918060303e-01 -9.525136947631835938e-01
-5.321163535118103027e-01 -6.017320752143859863e-01 -1.031457558274269104e-01 -6.070927381515502930e-01
-2.581366896629333496e-01 -4.770886600017547607e-01 -6.408285498619079590e-01 -8.546519279479980469e-01
-4.860360622406005859e-01 9.485423564910888672e-01 -6.285533905029296875e-01 -6.951928734779357910e-01
6.015862226486206055e-01 6.325377821922302246e-01 1.485120952129364014e-01 8.534141182899475098e-01
-8.734501898288726807e-02 9.790425896644592285e-01 6.618662476539611816e-01 4.441545903682708740e-01
7.282041907310485840e-01 9.537660479545593262e-01 1.582271903753280640e-01 7.174203395843505859e-01
-8.220635652542114258e-01 -8.110716938972473145e-01 -1.315654907375574112e-02 2.944396808743476868e-02
4.598187506198883057e-01 8.298068046569824219e-01 1.890710294246673584e-01 -8.441567420959472656e-01
-9.862874746322631836e-01 5.782053470611572266e-01 2.568103671073913574e-01 3.788211345672607422e-01
2.380163669586181641e-01 8.473828434944152832e-02 9.987506270408630371e-01 -3.751987516880035400e-01
2.465108335018157959e-01 -1.609531939029693604e-01 7.062987238168716431e-02 1.486389338970184326e-01
-3.802918195724487305e-01 2.522399723529815674e-01 7.721183300018310547e-01 -4.146181941032409668e-01
4.716511964797973633e-01 7.868881821632385254e-01 5.514349937438964844e-01 3.232235610485076904e-01
4.223990440368652344e-01 -6.153593659400939941e-01 -6.940339207649230957e-01 -7.730316519737243652e-01
6.085127964615821838e-02 -3.896333277225494385e-02 1.209343746304512024e-01 1.887812465429306030e-02
1.322043240070343018e-01 -6.721897125244140625e-01 5.465812608599662781e-02 -4.832192063331604004e-01
-6.334527134895324707e-01 5.935425758361816406e-01 7.363209724426269531e-01 4.781648516654968262e-01
-1.385192126035690308e-01 9.818421602249145508e-01 -4.364285171031951904e-01 1.740655750036239624e-01
8.008348941802978516e-01 -5.729071497917175293e-01 -9.237214922904968262e-01 -6.772746443748474121e-01
-3.245359659194946289e-01 9.707161188125610352e-01 9.181641042232513428e-02 6.532707810401916504e-01
-6.906731724739074707e-01 -9.299878478050231934e-01 -1.617678999900817871e-01 -6.887778639793395996e-01
3.701944351196289062e-01 9.584358334541320801e-01 4.001821577548980713e-01 8.124746084213256836e-01
-5.764425992965698242e-01 -8.199873566627502441e-01 5.685447454452514648e-01 1.431568861007690430e-01
4.269576966762542725e-01 -9.181665182113647461e-01 6.060159802436828613e-01 -9.802486300468444824e-01
7.146404385566711426e-01 -7.613800764083862305e-01 -3.532570004463195801e-01 4.237366318702697754e-01
-4.160375893115997314e-02 7.661889195442199707e-01 -2.524479329586029053e-01 -5.817480683326721191e-01
-4.395082592964172363e-01 -3.685465157032012939e-01 4.212978780269622803e-01 -8.470486998558044434e-01
6.113348007202148438e-01 -9.163940548896789551e-01 6.609264612197875977e-01 7.966193556785583496e-01
6.767540425062179565e-02 -6.108179688453674316e-01 1.993975639343261719e-01 -9.321023821830749512e-01
-5.473530888557434082e-01 -5.713314414024353027e-01 -5.475055575370788574e-01 5.452539920806884766e-01
2.989596724510192871e-01 -4.960841834545135498e-01 -4.031749069690704346e-01 -7.466039657592773438e-01
3.788517415523529053e-01 -4.142411649227142334e-01 -5.786117911338806152e-02 -6.547161340713500977e-01
3.330292403697967529e-01 -8.972072005271911621e-01 -1.493854224681854248e-01 -6.793640255928039551e-01
-3.675611913204193115e-01 -3.713486492633819580e-01 -3.876310586929321289e-02 -6.786637902259826660e-01
5.578899383544921875e-01 5.082020759582519531e-01 -1.363300252705812454e-02 -7.715909481048583984e-01
-4.800511002540588379e-01 -8.782786726951599121e-01 -7.091522682458162308e-03 5.824858546257019043e-01
-6.108732894062995911e-02 -5.491766929626464844e-01 -6.889388561248779297e-01 -8.626885414123535156e-01
-4.303294718265533447e-01 1.979996114969253540e-01 4.720624089241027832e-01 -7.601521015167236328e-01
-9.299593418836593628e-02 5.590186119079589844e-01 -2.438396811485290527e-01 4.112966358661651611e-01
-1.103048399090766907e-01 6.797822117805480957e-01 2.900394611060619354e-02 5.876989960670471191e-01
7.311682105064392090e-01 -9.044922590255737305e-01 -2.953543066978454590e-01 3.150945603847503662e-01
1.694643795490264893e-01 -9.287778735160827637e-01 -2.684599459171295166e-01 -5.709808468818664551e-01
-2.866756618022918701e-01 -8.037881255149841309e-01 8.278474807739257812e-01 -6.824567914009094238e-01
4.289321601390838623e-01 4.747623205184936523e-01 3.108627200126647949e-01 -8.784332275390625000e-01
-8.504952788352966309e-01 2.227406650781631470e-01 6.506351288408041000e-03 -6.527690291404724121e-01
5.783368349075317383e-01 8.472013473510742188e-01 2.699511349201202393e-01 -8.600413799285888672e-01
4.062669277191162109e-01 1.546377241611480713e-01 5.596135258674621582e-01 -7.666523456573486328e-01
-6.442097425460815430e-01 -4.619800746440887451e-01 7.651290893554687500e-01 1.906893253326416016e-01
3.406031727790832520e-01 -8.602208495140075684e-01 -6.734402179718017578e-01 -4.878202378749847412e-01
5.398526787757873535e-01 -6.359331011772155762e-01 -7.489927411079406738e-01 -5.397162437438964844e-01
7.058333158493041992e-01 1.468916330486536026e-02 3.448914885520935059e-01 -8.893087506294250488e-01
-3.426259160041809082e-01 -9.829174280166625977e-01 2.962059974670410156e-01 -1.330913305282592773e-01
3.097750246524810791e-01 1.760360449552536011e-01 -9.136429429054260254e-01 -8.486533761024475098e-01
2.954297661781311035e-01 4.404982551932334900e-02 -4.887756407260894775e-01 8.427005410194396973e-01
-5.844288039952516556e-03 -1.487556695938110352e-01 2.151143103837966919e-01 -8.924694657325744629e-01
-4.659338593482971191e-01 -7.125434279441833496e-01 -9.409484863281250000e-01 3.872564733028411865e-01
6.152657866477966309e-01 -6.024596095085144043e-01 -3.321794271469116211e-01 6.588995456695556641e-01
-7.858847379684448242e-01 4.697724804282188416e-02 -8.331666588783264160e-01 -2.526100873947143555e-01
6.044831871986389160e-01 8.272444605827331543e-01 -8.952320367097854614e-02 9.654955863952636719e-01
-5.480331182479858398e-01 -7.497577667236328125e-01 1.451710313558578491e-01 -6.344615817070007324e-01
-5.201616883277893066e-01 -8.561341166496276855e-01 2.278020083904266357e-01 -8.389347791671752930e-02
3.157585859298706055e-01 7.771033048629760742e-01 -3.251077234745025635e-01 -6.386557817459106445e-01
-5.079663991928100586e-01 9.164785146713256836e-01 2.235473394393920898e-01 5.884827375411987305e-01
4.466051757335662842e-01 9.863696694374084473e-01 9.901517629623413086e-02 2.706827521324157715e-01
-3.239619433879852295e-01 6.774011254310607910e-02 -2.938571758568286896e-02 2.935337126255035400e-01
9.819237142801284790e-02 5.913482308387756348e-01 -4.598082900047302246e-01 -9.509142041206359863e-01
6.828761100769042969e-01 6.385077834129333496e-01 4.929626360535621643e-02 -9.408351182937622070e-01
-4.769786298274993896e-01 -7.909683585166931152e-01 -1.941049657762050629e-02 4.789553582668304443e-01
-1.927799731492996216e-01 3.743114769458770752e-01 -6.471905112266540527e-01 2.176501229405403137e-02
-7.359675168991088867e-01 -8.386970758438110352e-01 -3.065735697746276855e-01 -6.249555945396423340e-01
5.344607830047607422e-01 -4.566015303134918213e-01 -6.631765961647033691e-01 -9.126248955726623535e-01
3.684057593345642090e-01 -4.736317396163940430e-01 -2.625778615474700928e-01 -9.773195385932922363e-01
9.571558237075805664e-01 -1.883352547883987427e-01 -1.242235451936721802e-01 -3.178866505622863770e-01
-9.413437843322753906e-01 5.015932321548461914e-01 3.469506800174713135e-01 5.035939812660217285e-01
-4.737403094768524170e-01 -7.559978961944580078e-01 1.336248517036437988e-01 3.918367326259613037e-01
-4.653196334838867188e-01 8.477905392646789551e-02 4.803184270858764648e-01 -7.104828953742980957e-01
1.358695924282073975e-01 2.982118427753448486e-01 -2.659519314765930176e-01 -9.707794189453125000e-01
3.136112540960311890e-02 -8.310720324516296387e-01 -1.453956067562103271e-01 9.980689883232116699e-01
5.695855021476745605e-01 -8.061504960060119629e-01 -9.432447552680969238e-01 4.233240783214569092e-01
-9.568150639533996582e-01 -9.010531008243560791e-02 2.661982178688049316e-01 5.769314169883728027e-01
-1.831387728452682495e-01 7.194153070449829102e-01 2.494957894086837769e-01 9.432371258735656738e-01
4.339234232902526855e-01 1.075148135423660278e-01 -6.886754035949707031e-01 -9.157458543777465820e-01
-5.548531413078308105e-01 4.200255274772644043e-01 7.575895786285400391e-01 -3.700814843177795410e-01
-5.107697844505310059e-01 1.917112171649932861e-01 6.365644931793212891e-01 3.308525383472442627e-01
-3.112666606903076172e-01 -5.647403597831726074e-01 3.765039443969726562e-01 -6.850690841674804688e-01
8.723047375679016113e-01 3.979526460170745850e-01 3.833237290382385254e-01 -2.284925282001495361e-01
-2.531060874462127686e-01 9.137460589408874512e-01 2.766164839267730713e-01 -9.096441417932510376e-02
7.173027396202087402e-01 -5.668628215789794922e-01 -9.139517545700073242e-01 -8.850881457328796387e-01
-6.493915915489196777e-01 -7.383178472518920898e-01 1.546691656112670898e-01 -1.723642647266387939e-01
-7.452306896448135376e-02 8.631193637847900391e-01 -6.031373739242553711e-01 -5.462619662284851074e-01
-6.274319291114807129e-01 9.275650382041931152e-01 -7.378880679607391357e-02 7.501803040504455566e-01
-5.090857148170471191e-01 -1.023489683866500854e-01 4.532828927040100098e-02 -9.185639023780822754e-01
6.207497715950012207e-01 -5.136268138885498047e-01 -7.954138517379760742e-01 8.006556630134582520e-01
-6.471181511878967285e-01 4.138619005680084229e-01 5.928261280059814453e-01 -8.588790893554687500e-01
2.182129919528961182e-01 7.479270696640014648e-01 -3.345169126987457275e-01 -9.489111304283142090e-01
-4.012368321418762207e-01 4.570644795894622803e-01 9.383007884025573730e-01 4.017835482954978943e-02
-3.788414299488067627e-01 -7.581957578659057617e-01 -2.522153258323669434e-01 -5.279635787010192871e-01
6.947223544120788574e-01 5.116069912910461426e-01 3.327472209930419922e-01 7.217254042625427246e-01
8.228241801261901855e-01 7.779327034950256348e-01 2.228424549102783203e-01 4.918334782123565674e-01
-2.903050743043422699e-02 -7.199823856353759766e-01 -8.554130792617797852e-03 -8.861798048019409180e-01
-8.621664643287658691e-01 -4.923139214515686035e-01 -3.201821446418762207e-01 -1.281215548515319824e-01
8.896781206130981445e-01 8.194945454597473145e-01 2.086198627948760986e-01 -6.839433908462524414e-01
-4.966351687908172607e-01 7.497174143791198730e-01 -5.677595734596252441e-02 -7.256500124931335449e-01
3.421585634350776672e-02 8.446497321128845215e-01 1.508985459804534912e-01 -6.857739090919494629e-01
-4.906086921691894531e-01 7.142922282218933105e-01 4.100654125213623047e-01 -8.966840505599975586e-01
-9.496684670448303223e-01 4.089024364948272705e-01 3.316214084625244141e-01 2.289592921733856201e-01
7.582852244377136230e-01 8.665756583213806152e-01 -9.583251178264617920e-02 -4.459485039114952087e-02
-3.509013354778289795e-01 -1.516280174255371094e-01 1.546860039234161377e-01 -9.413111805915832520e-01
5.616476014256477356e-02 6.927173733711242676e-01 6.488618254661560059e-01 -8.036988377571105957e-01
8.559541106224060059e-01 -6.561349630355834961e-01 -9.684493541717529297e-01 -7.333525419235229492e-01
-9.279593229293823242e-01 4.901992082595825195e-01 3.994328379631042480e-01 7.942755222320556641e-01
9.441573619842529297e-01 -5.043899416923522949e-01 5.057747960090637207e-01 -1.329878717660903931e-01
3.444620668888092041e-01 -7.744715809822082520e-01 -7.296532988548278809e-01 -1.702401638031005859e-01
-8.124650716781616211e-01 -5.399274230003356934e-01 6.200776696205139160e-01 -6.905273199081420898e-01
9.662618041038513184e-01 -4.362324476242065430e-01 9.861028194427490234e-01 -5.210438370704650879e-01
-1.350479871034622192e-01 7.412075996398925781e-01 6.108190417289733887e-01 4.172330200672149658e-01
-7.075797915458679199e-01 6.870530843734741211e-01 5.418561697006225586e-01 -4.317985475063323975e-01
-7.320442199707031250e-01 3.180347383022308350e-01 3.622973263263702393e-01 -3.143907338380813599e-02
-9.565988779067993164e-01 -8.195200562477111816e-01 -9.300721287727355957e-01 -6.080502271652221680e-01
8.145914673805236816e-01 -8.190863132476806641e-01 -5.134973526000976562e-01 -4.865032732486724854e-01
7.909932136535644531e-01 4.209311604499816895e-01 -5.207187682390213013e-02 6.787924170494079590e-01
7.161757349967956543e-01 3.628903329372406006e-01 5.775590538978576660e-01 8.458126783370971680e-01
-5.641418695449829102e-02 6.500095725059509277e-01 1.663815081119537354e-01 7.632861137390136719e-01
-9.184596538543701172e-01 -7.160761952400207520e-01 -4.379953145980834961e-01 -5.102334618568420410e-01
1.814488135278224945e-02 -2.123769521713256836e-01 -9.073421955108642578e-01 -3.305942416191101074e-01
-9.300729632377624512e-01 -2.909997701644897461e-01 6.663431525230407715e-01 5.699530616402626038e-02
2.936077117919921875e-01 -7.141113281250000000e-01 -7.202181220054626465e-01 -7.408050894737243652e-01
-8.140949010848999023e-01 1.024365075863897800e-03 7.859494090080261230e-01 1.849112659692764282e-01
8.446053266525268555e-01 2.959957420825958252e-01 2.361241877079010010e-01 6.834585219621658325e-02
-2.489461600780487061e-01 6.732276678085327148e-01 9.018522500991821289e-01 1.043175309896469116e-01
-1.343177556991577148e-01 -9.035415053367614746e-01 7.958959043025970459e-02 -8.669160008430480957e-01
3.852595984935760498e-01 -6.005632281303405762e-01 -8.193066716194152832e-01 -3.085232675075531006e-01
2.615831494331359863e-01 -1.674045175313949585e-01 2.093764394521713257e-01 4.287278056144714355e-01
-2.872949838638305664e-01 7.054780721664428711e-01 5.930235143750905991e-03 -9.493810534477233887e-01
-1.143743023276329041e-01 -8.211996555328369141e-01 -8.537356257438659668e-01 8.344092965126037598e-01
-9.624516367912292480e-01 6.949092745780944824e-01 3.538989648222923279e-02 2.004185914993286133e-01
-3.371853828430175781e-01 -4.090788960456848145e-01 4.032427370548248291e-01 -5.700467824935913086e-01
-7.425483465194702148e-01 -8.643574714660644531e-01 -8.046672344207763672e-01 -2.047075629234313965e-01
-7.096169143915176392e-02 5.982784628868103027e-01 -8.417169749736785889e-02 -9.149261713027954102e-01
4.459510445594787598e-01 5.157177448272705078e-01 3.789195716381072998e-01 -9.436216950416564941e-01
-7.678809762001037598e-01 -8.941887021064758301e-01 -6.899611353874206543e-01 -9.062411189079284668e-01
-7.866954207420349121e-01 -8.236528635025024414e-01 -1.231151893734931946e-01 1.362933218479156494e-01
5.621588826179504395e-01 -7.702527642250061035e-01 -7.906235456466674805e-01 -2.062872946262359619e-01
-8.970169425010681152e-01 -2.452160418033599854e-01 -7.596966624259948730e-02 3.111861050128936768e-01
8.085654973983764648e-01 3.827763497829437256e-01 6.435385346412658691e-01 5.745629668235778809e-01
7.777898311614990234e-01 4.512797296047210693e-01 3.100437819957733154e-01 -9.169875383377075195e-01
-2.831085026264190674e-01 -2.814634144306182861e-02 6.599727869033813477e-01 -3.954113423824310303e-01
-5.812923908233642578e-01 6.720871329307556152e-01 -5.137983560562133789e-01 -6.625303626060485840e-01
3.388601839542388916e-01 -7.525554299354553223e-01 -6.697589159011840820e-01 -4.962389469146728516e-01
6.933792829513549805e-01 -8.107540011405944824e-01 1.075380742549896240e-01 7.759014368057250977e-01
-4.122894108295440674e-01 -9.900730252265930176e-01 4.436460435390472412e-01 -5.426344871520996094e-01
3.587909638881683350e-01 -1.022689566016197205e-01 1.592906862497329712e-01 -6.633496284484863281e-01
1.549654901027679443e-01 -7.521104812622070312e-01 -7.376922369003295898e-01 -7.686668038368225098e-01
3.025668859481811523e-01 2.057123184204101562e-01 -7.453757524490356445e-01 -7.222768068313598633e-01
9.074055552482604980e-01 -6.655636429786682129e-01 3.971031308174133301e-02 6.651912331581115723e-01
1.901969611644744873e-01 -4.707782566547393799e-01 -8.532199263572692871e-01 -4.234814643859863281e-01
7.345908284187316895e-01 2.009234875440597534e-01 5.561725497245788574e-01 4.088834524154663086e-01
2.475855052471160889e-01 1.486381143331527710e-01 2.683075666427612305e-01 -8.249962925910949707e-01
-8.802186846733093262e-01 -1.937850005924701691e-02 -3.225018382072448730e-01 5.254566669464111328e-01
5.735880136489868164e-01 -6.649157963693141937e-03 -1.256916522979736328e-01 2.473150938749313354e-01
2.057363241910934448e-01 -9.118713736534118652e-01 -7.400305271148681641e-01 7.253777384757995605e-01
-5.200905799865722656e-01 -8.456543087959289551e-01 2.270434796810150146e-01 -4.358979165554046631e-01
-4.313508793711662292e-02 9.677724242210388184e-01 -2.199479937553405762e-01 7.204379141330718994e-02
6.771880984306335449e-01 -5.720633864402770996e-01 -2.823547422885894775e-01 4.692994058132171631e-01
-1.253699362277984619e-01 -4.605151116847991943e-01 -5.187801718711853027e-01 -6.306186318397521973e-01
5.492099523544311523e-01 8.776955008506774902e-01 -1.753467917442321777e-01 -5.477253794670104980e-01
2.751539349555969238e-01 -6.493675708770751953e-01 1.924819350242614746e-01 -7.369976639747619629e-01
-5.116908550262451172e-01 -8.139034509658813477e-01 1.078283414244651794e-01 -4.113435447216033936e-01
6.386067271232604980e-01 3.743150234222412109e-01 6.407889127731323242e-01 -7.832359075546264648e-01
-5.051587820053100586e-01 4.598997533321380615e-01 5.785356760025024414e-01 5.922362804412841797e-01
6.179295182228088379e-01 2.748543620109558105e-01 1.366475075483322144e-01 -9.387661814689636230e-01
-1.450768262147903442e-01 7.068030834197998047e-01 -4.618170261383056641e-01 -7.647131681442260742e-01
3.438127636909484863e-01 3.309595286846160889e-01 3.491384387016296387e-01 -9.528342485427856445e-01
-6.025770306587219238e-01 2.831355631351470947e-01 8.004533052444458008e-01 4.988128244876861572e-01
5.607485771179199219e-01 2.770087122917175293e-01 -2.501536607742309570e-01 8.362385630607604980e-01
-2.445470094680786133e-01 -8.942241668701171875e-01 -5.047415196895599365e-02 -8.759204745292663574e-01
4.369630217552185059e-01 -5.302184224128723145e-01 6.537613272666931152e-01 -7.592051029205322266e-01
5.567614436149597168e-01 5.688841938972473145e-01 2.803482115268707275e-01 9.615699648857116699e-01
8.821164965629577637e-01 7.063371539115905762e-01 3.029680848121643066e-01 4.019853174686431885e-01
-3.488261699676513672e-01 -3.843391835689544678e-01 -3.913259878754615784e-02 -8.337087035179138184e-01
-4.450484216213226318e-01 -2.802992165088653564e-01 6.766768097877502441e-01 9.408807158470153809e-01
7.446132302284240723e-01 -1.413740217685699463e-01 -7.866531610488891602e-01 -4.660836756229400635e-01
3.885428905487060547e-01 9.065940976142883301e-01 3.435674905776977539e-01 8.862805366516113281e-01
-8.394618630409240723e-01 7.000877857208251953e-01 4.474958479404449463e-01 -2.947058975696563721e-01
5.092442631721496582e-01 -7.377266883850097656e-01 -9.032746553421020508e-01 -1.870826929807662964e-01
-4.891964793205261230e-01 -7.762119770050048828e-01 3.103868290781974792e-02 6.419394612312316895e-01
-6.414896845817565918e-01 -7.088815569877624512e-01 -2.639612257480621338e-01 6.057559251785278320e-01
3.939245939254760742e-01 8.397045731544494629e-01 4.260486662387847900e-01 -7.925984263420104980e-01
-7.748043537139892578e-01 -5.888133645057678223e-01 -1.841990798711776733e-01 5.617325752973556519e-02
-8.624801039695739746e-01 -4.452727362513542175e-02 -5.084590055048465729e-03 7.110419869422912598e-01
4.522140026092529297e-01 -5.945596694946289062e-01 -8.337262868881225586e-01 -6.767593622207641602e-01
4.109624028205871582e-01 -2.956856489181518555e-01 4.583764970302581787e-01 -8.962460160255432129e-01
-4.212453961372375488e-02 -8.554578423500061035e-01 -8.129840493202209473e-01 -8.418526053428649902e-01
-4.298499524593353271e-01 2.853510379791259766e-01 -1.114757433533668518e-01 8.971109986305236816e-01
3.998405933380126953e-01 -6.811297535896301270e-01 -5.441473126411437988e-01 -6.936828494071960449e-01
7.053593993186950684e-01 -5.649449825286865234e-01 -8.866473436355590820e-01 -6.338833570480346680e-01
7.352812886238098145e-01 1.870490461587905884e-01 8.178617954254150391e-01 5.565881133079528809e-01
8.003474473953247070e-01 9.191844612360000610e-02 1.661169230937957764e-01 -8.243504762649536133e-01
-7.383335232734680176e-01 -3.612763881683349609e-01 -4.602505862712860107e-01 -1.515948772430419922e-01
2.883536815643310547e-01 9.034124612808227539e-01 6.835222989320755005e-02 8.292356133460998535e-01
8.610563725233078003e-02 3.747614473104476929e-02 6.486476659774780273e-01 -8.212380409240722656e-01
5.906716585159301758e-01 -8.965593576431274414e-01 -6.030997037887573242e-01 -1.984023451805114746e-01
-1.319658309221267700e-01 -7.468149065971374512e-01 -3.639594614505767822e-01 9.106968045234680176e-01
-9.693074226379394531e-02 6.575688719749450684e-01 6.313839554786682129e-01 -4.368884116411209106e-02
-7.956094741821289062e-01 -5.782119035720825195e-01 -6.781696081161499023e-01 -6.785480976104736328e-01
-3.204302489757537842e-01 -4.644446372985839844e-01 1.138749718666076660e-01 -8.024755120277404785e-01
-3.815743699669837952e-02 4.105753600597381592e-01 -1.506135612726211548e-01 3.037755191326141357e-01
8.373203873634338379e-01 -8.061980605125427246e-01 -7.585107684135437012e-01 -3.080089390277862549e-01
-3.879697918891906738e-01 -6.274060010910034180e-01 -9.594375491142272949e-01 -4.481675624847412109e-01
4.479350447654724121e-01 -7.376363277435302734e-01 -5.456876158714294434e-01 -8.086230754852294922e-01
4.792598262429237366e-02 6.721646785736083984e-01 -5.938256382942199707e-01 -8.175815939903259277e-01
-7.373546361923217773e-01 -7.758539319038391113e-01 1.240030005574226379e-01 4.696942865848541260e-01
8.423153311014175415e-02 7.163803577423095703e-01 4.512004256248474121e-01 -6.882873177528381348e-01
-4.136165380477905273e-01 7.270312905311584473e-01 -2.850303053855895996e-01 -5.405823588371276855e-01
8.454738259315490723e-01 1.297565400600433350e-01 -3.205807209014892578e-01 8.353412747383117676e-01
3.139298558235168457e-01 8.435012698173522949e-01 2.752214074134826660e-01 -9.250906109809875488e-01
-3.591031134128570557e-01 9.777345061302185059e-01 5.843934416770935059e-01 -8.278387784957885742e-01
-7.882267832756042480e-01 4.259246215224266052e-02 -7.742727398872375488e-01 -6.749607920646667480e-01
-1.941762268543243408e-01 -7.149715423583984375e-01 8.691413402557373047e-01 3.270860314369201660e-01
-4.700071513652801514e-01 3.160481452941894531e-01 9.294894933700561523e-01 -2.578589618206024170e-01
7.170516848564147949e-01 -3.420675694942474365e-01 -8.221857547760009766e-01 -4.194917976856231689e-01
4.156281650066375732e-01 -3.777553141117095947e-02 3.336191475391387939e-01 -8.498963713645935059e-01
-6.542959213256835938e-01 8.587630987167358398e-01 1.528948247432708740e-01 1.834790855646133423e-01
4.901624023914337158e-01 -3.249189257621765137e-01 -2.364970743656158447e-01 -9.487781524658203125e-01
-4.591529369354248047e-01 -7.066071629524230957e-01 2.243615835905075073e-01 -7.150899171829223633e-01
8.766101598739624023e-01 -2.265140414237976074e-01 -7.256926894187927246e-01 4.267845451831817627e-01
8.507636785507202148e-01 7.106298804283142090e-01 6.021810322999954224e-02 1.788344681262969971e-01
4.658037424087524414e-01 2.761923670768737793e-01 2.148306965827941895e-01 -9.466533660888671875e-01
9.060236811637878418e-01 -3.170860409736633301e-01 -4.389848560094833374e-02 6.154891252517700195e-01
7.873702049255371094e-01 7.611904144287109375e-01 5.354353785514831543e-01 -2.489783614873886108e-01
-9.606583118438720703e-01 -1.185221150517463684e-01 -7.613646388053894043e-01 4.657404124736785889e-01
2.335908263921737671e-01 1.136233955621719360e-01 1.521952636539936066e-02 9.647864699363708496e-01
-8.963800072669982910e-01 -3.499098420143127441e-01 -4.255506694316864014e-01 5.299479365348815918e-01
-5.282019376754760742e-01 -6.409801840782165527e-01 2.899183034896850586e-01 6.545733213424682617e-01
-7.572065591812133789e-01 8.881609439849853516e-01 3.037892878055572510e-01 1.359101980924606323e-01
4.370294138789176941e-02 7.640094161033630371e-01 2.894357144832611084e-01 9.738987088203430176e-01
-7.986511588096618652e-01 -1.545659303665161133e-01 1.408529579639434814e-01 7.071004509925842285e-01
5.309288501739501953e-01 -6.020824909210205078e-01 -2.828603088855743408e-01 -8.336925506591796875e-01
1.620887815952301025e-01 -6.182703375816345215e-01 -3.778799772262573242e-01 -3.790353536605834961e-01
4.607822000980377197e-01 7.497815787792205811e-02 8.712130784988403320e-02 -9.455760717391967773e-01
