-9.780339002609252930e-01 2.190501615405082703e-02
-3.945233821868896484e-01 -7.900084853172302246e-01
1.739287525415420532e-01 -3.380444645881652832e-01
-4.268855154514312744e-01 -8.762443810701370239e-02
-8.182465434074401855e-01 -6.939011216163635254e-01
-6.646144390106201172e-01 3.856170773506164551e-01
5.847636461257934570e-01 -8.880925774574279785e-01
-4.044899642467498779e-01 4.629410207271575928e-01
2.886441648006439209e-01 3.441982567310333252e-01
3.474317789077758789e-01 7.322360277175903320e-01
-2.977063357830047607e-01 -1.062710769474506378e-02
6.937327980995178223e-02 -2.764461636543273926e-01
3.469660580158233643e-01 9.731573462486267090e-01
6.883705854415893555e-01 8.548695445060729980e-01
3.038529455661773682e-01 -6.090265512466430664e-01
9.964690208435058594e-01 -9.198486208915710449e-01
7.537119388580322266e-01 1.282215863466262817e-01
1.403646916151046753e-01 2.557768821716308594e-01
-9.136357903480529785e-01 4.800159633159637451e-01
2.709982693195343018e-01 6.246721744537353516e-01
-2.312193214893341064e-01 -1.119802370667457581e-01
-2.127929180860519409e-01 -6.982941627502441406e-01
-8.975880146026611328e-01 -8.415151238441467285e-01
1.581116616725921631e-01 6.479610800743103027e-01
1.651095226407051086e-02 5.066204667091369629e-01
-7.294772267341613770e-01 -3.006329992786049843e-03
9.600344896316528320e-01 -8.135620504617691040e-02
6.527028679847717285e-01 5.084786415100097656e-01
-5.510487556457519531e-01 3.395657986402511597e-02
-2.204131186008453369e-01 -6.272049546241760254e-01
-2.977766692638397217e-01 -5.909109115600585938e-01
-2.976297438144683838e-01 -9.016800522804260254e-01
-6.943063735961914062e-01 1.724072359502315521e-02
9.581784605979919434e-01 5.820684880018234253e-02
2.918320894241333008e-01 7.430863976478576660e-01
-9.659483432769775391e-01 -8.799806833267211914e-01
6.445353627204895020e-01 7.020302861928939819e-02
-9.087224006652832031e-01 4.058055877685546875e-01
2.727330923080444336e-01 6.553490161895751953e-01
-1.576533317565917969e-01 -6.591423749923706055e-01
-6.363459229469299316e-01 -1.221075132489204407e-01
-8.114489912986755371e-01 7.614294439554214478e-02
-1.076049432158470154e-01 3.842530250549316406e-01
-1.084905788302421570e-01 -4.875898957252502441e-01
-1.109241601079702377e-02 -1.092219203710556030e-01
-8.390230126678943634e-03 -2.626732587814331055e-01
5.959790349006652832e-01 -8.882313966751098633e-01
6.874206066131591797e-01 9.003167599439620972e-02
9.148446917533874512e-01 2.555359303951263428e-01
7.174819111824035645e-01 5.335076525807380676e-02
5.000506043434143066e-01 1.457665413618087769e-01
2.954185903072357178e-01 9.103022813796997070e-01
8.123178482055664062e-01 6.600022315979003906e-01
3.127141594886779785e-01 -6.529999971389770508e-01
-9.863001108169555664e-01 -9.596275687217712402e-01
7.732089757919311523e-01 4.808521866798400879e-01
3.641954064369201660e-01 9.861391186714172363e-01
-9.177724719047546387e-01 9.719244837760925293e-01
4.811678528785705566e-01 7.294194698333740234e-01
5.491365194320678711e-01 5.606556534767150879e-01
-4.230960309505462646e-01 -8.697559833526611328e-01
-2.318158447742462158e-01 -8.817614912986755371e-01
7.762635946273803711e-01 6.436390429735183716e-02
-4.911388456821441650e-01 -8.060457706451416016e-01
9.524187445640563965e-01 -1.561859548091888428e-01
-2.734952270984649658e-01 -7.215454578399658203e-01
1.858423054218292236e-01 4.511372745037078857e-01
5.922294855117797852e-01 5.231297388672828674e-02
1.784799396991729736e-01 -7.894626855850219727e-01
9.958062767982482910e-01 -3.662286698818206787e-01
9.141980409622192383e-01 5.660638809204101562e-01
8.308560401201248169e-02 -3.277539908885955811e-01
-2.236136496067047119e-01 5.160287618637084961e-01
8.087799549102783203e-01 -3.631659150123596191e-01
1.435512751340866089e-01 5.493389368057250977e-01
-5.174129605293273926e-01 4.750580787658691406e-01
-7.984513640403747559e-01 8.649700880050659180e-01
-5.600214600563049316e-01 -1.385838687419891357e-01
-2.833880186080932617e-01 -6.508431434631347656e-01
1.640779525041580200e-01 -6.551238298416137695e-01
1.204563491046428680e-02 2.639650404453277588e-01
-3.493364155292510986e-01 6.159099340438842773e-01
-4.399797022342681885e-01 3.011340498924255371e-01
-9.992827177047729492e-01 4.237222075462341309e-01
-1.927220635116100311e-02 -5.749046206474304199e-01
1.520379334688186646e-01 -4.415877461433410645e-01
-2.899815142154693604e-01 4.723037127405405045e-03
-9.194830432534217834e-03 -5.346099138259887695e-01
-3.895610272884368896e-01 -9.245184659957885742e-01
1.457577943801879883e-01 5.179203152656555176e-01
4.505728781223297119e-01 5.997568964958190918e-01
8.485842347145080566e-01 4.203957021236419678e-01
6.268171072006225586e-01 -1.330729424953460693e-01
1.704047992825508118e-02 6.293426752090454102e-01
-1.403461098670959473e-01 8.632208108901977539e-01
-2.189640887081623077e-02 -2.338930405676364899e-02
-8.970654606819152832e-01 -7.916592359542846680e-01
-8.552327156066894531e-01 -8.921049833297729492e-01
-7.971311807632446289e-01 -8.493765592575073242e-01
-1.671347618103027344e-01 -7.524409294128417969e-01
-7.218965888023376465e-02 1.785703897476196289e-01
-2.066033780574798584e-01 6.219487786293029785e-01
-8.978598117828369141e-01 3.742972016334533691e-02
-7.376124709844589233e-02 4.783474504947662354e-01
-1.029710173606872559e-01 3.418186902999877930e-01
6.014757156372070312e-01 9.123715162277221680e-01
6.047154068946838379e-01 9.560899734497070312e-01
-6.380789875984191895e-01 -1.583388447761535645e-01
-5.618563890457153320e-01 7.088747024536132812e-01
-3.435326367616653442e-02 2.422359399497509003e-02
-8.087131381034851074e-01 -4.620658159255981445e-01
-3.085905909538269043e-01 -6.959925889968872070e-01
-8.157433867454528809e-01 -8.769557476043701172e-01
-9.921560287475585938e-01 9.736835360527038574e-01
-1.055423617362976074e-01 3.239324092864990234e-01
6.974406838417053223e-01 3.002333641052246094e-01
7.741510272026062012e-01 1.598084867000579834e-01
-1.967570334672927856e-01 7.633446156978607178e-02
7.029539942741394043e-01 6.994520425796508789e-01
8.983051776885986328e-01 -4.568594694137573242e-01
-3.533052206039428711e-01 -1.942807249724864960e-02
-8.097205758094787598e-01 -6.872059702873229980e-01
7.791569232940673828e-01 4.629637002944946289e-01
9.580772519111633301e-01 -7.635562121868133545e-02
-6.860463023185729980e-01 7.292683124542236328e-01
6.276678293943405151e-02 3.048178739845752716e-02
6.787436008453369141e-01 5.747015476226806641e-01
9.217619895935058594e-01 -5.606371760368347168e-01
-5.427863597869873047e-01 -2.810032367706298828e-01
-1.293896930292248726e-03 6.536390781402587891e-01
-7.467463016510009766e-01 -2.972781658172607422e-01
-2.643211781978607178e-01 -8.428127169609069824e-01
-9.786741733551025391e-01 4.636393487453460693e-01
-5.592477321624755859e-02 3.435301780700683594e-01
-6.692332029342651367e-01 -9.699349999427795410e-01
-9.916459918022155762e-01 9.918892979621887207e-01
2.959317564964294434e-01 7.229601144790649414e-01
-5.770267248153686523e-01 -7.619485855102539062e-01
-2.356813699007034302e-01 5.738078951835632324e-01
-6.531888246536254883e-02 3.328481018543243408e-01
8.392413854598999023e-01 4.135375618934631348e-01
-3.542596697807312012e-01 9.439545683562755585e-03
-1.289117429405450821e-02 -2.475533634424209595e-01
-1.184168308973312378e-01 -5.065668821334838867e-01
7.451779246330261230e-01 4.453232586383819580e-01
-1.467263549566268921e-01 -6.236566305160522461e-01
-8.083564043045043945e-01 -3.205923438072204590e-01
1.704048216342926025e-01 8.316048383712768555e-01
3.431222438812255859e-01 5.004113316535949707e-01
-2.725668847560882568e-01 1.425609737634658813e-01
4.748474955558776855e-01 8.286374807357788086e-01
-2.816167175769805908e-01 -4.227907359600067139e-01
-8.046515583992004395e-01 4.000445008277893066e-01
4.821424484252929688e-01 8.703352212905883789e-01
-4.373646154999732971e-02 7.588155269622802734e-01
-8.597695231437683105e-01 8.145799040794372559e-01
-5.768215656280517578e-01 -1.457806080579757690e-01
-4.398216903209686279e-01 4.783178567886352539e-01
1.759532094001770020e-01 -7.589761614799499512e-01
-5.382393002510070801e-01 -7.758094668388366699e-01
-8.158829808235168457e-01 -8.268707990646362305e-01
-6.840458512306213379e-01 -4.302000701427459717e-01
-9.087886810302734375e-01 8.567918539047241211e-01
9.621669650077819824e-01 -4.233772307634353638e-02
7.434126138687133789e-01 1.473402231931686401e-01
2.894093990325927734e-01 8.449113368988037109e-01
-8.794964551925659180e-01 -8.983674049377441406e-01
7.418029904365539551e-01 3.798424005508422852e-01
-5.968207716941833496e-01 -1.022093892097473145e-01
-1.349179539829492569e-02 -1.480618268251419067e-01
6.092574596405029297e-01 5.903274565935134888e-02
-2.935685217380523682e-01 7.183237671852111816e-01
-6.968564987182617188e-01 4.247349873185157776e-02
-9.108385443687438965e-01 -9.494170546531677246e-01
6.364718824625015259e-02 3.334358930587768555e-01
-3.271319270133972168e-01 -6.399304866790771484e-01
-3.184507191181182861e-01 -7.246076464653015137e-01
-2.182758897542953491e-01 7.622151821851730347e-02
-6.941688060760498047e-01 8.050411343574523926e-01
7.392230033874511719e-01 2.979159727692604065e-02
2.261560261249542236e-01 9.193311333656311035e-01
-8.337916731834411621e-01 -4.593729376792907715e-01
-6.951622962951660156e-01 -3.285584151744842529e-01
-9.642230272293090820e-01 -8.627010583877563477e-01
3.140848577022552490e-01 4.384752511978149414e-01
-6.698930263519287109e-01 6.061894297599792480e-01
-5.160727500915527344e-01 -2.090296149253845215e-01
-2.100909501314163208e-02 -1.829752773046493530e-01
-9.909939765930175781e-01 9.774920344352722168e-01
-7.553159445524215698e-02 3.548735380172729492e-01
4.191916584968566895e-01 3.281809017062187195e-02
-6.840919256210327148e-01 -6.025364995002746582e-01
8.813632726669311523e-01 1.246967539191246033e-01
7.138363122940063477e-01 4.767170548439025879e-01
-3.042503893375396729e-01 6.785459518432617188e-01
-2.876483462750911713e-02 -5.029360055923461914e-01
6.901876330375671387e-01 2.969763875007629395e-01
8.046212196350097656e-01 1.010628789663314819e-01
1.936491876840591431e-01 -1.515221446752548218e-01
1.055455431342124939e-01 3.409974277019500732e-01
6.180487200617790222e-02 9.447508454322814941e-01
-1.989284902811050415e-01 8.903509378433227539e-01
-1.168583706021308899e-01 1.638706773519515991e-02
-1.845671087503433228e-01 -8.777443170547485352e-01
2.799021899700164795e-01 6.709836721420288086e-01
-8.729079961776733398e-01 -9.678307175636291504e-01
-4.906205832958221436e-01 6.760612130165100098e-01
1.292546689510345459e-01 -2.992194294929504395e-01
-9.949782490730285645e-01 -8.405289053916931152e-01
9.567553400993347168e-01 1.243953704833984375e-01
-9.231462478637695312e-01 3.780592679977416992e-01
-2.448141127824783325e-01 -9.424999356269836426e-01
-7.966983914375305176e-01 -4.354810714721679688e-01
1.304749120026826859e-02 5.753692239522933960e-03
-7.178941369056701660e-01 5.954615771770477295e-02
-2.817023098468780518e-01 2.347145676612854004e-01
-8.479118943214416504e-01 -3.721969723701477051e-01
9.035683423280715942e-02 1.845045834779739380e-01
-9.691292420029640198e-03 3.839759528636932373e-01
-2.104389220476150513e-01 7.419871687889099121e-01
-1.553012728691101074e-01 -5.760546326637268066e-01
-2.195810079574584961e-01 -8.113908171653747559e-01
9.929249882698059082e-01 -4.073498547077178955e-01
9.642750024795532227e-01 4.366321563720703125e-01
7.170429229736328125e-01 1.669270992279052734e-01
-1.772079765796661377e-01 -6.158317327499389648e-01
4.016607105731964111e-01 7.067042589187622070e-01
7.598636150360107422e-01 1.445155441761016846e-01
7.576979398727416992e-01 -3.521904582157731056e-03
6.951249390840530396e-02 -6.954817771911621094e-01
-9.260356426239013672e-02 1.447353512048721313e-01
2.204868048429489136e-01 -1.441452503204345703e-01
8.759970068931579590e-01 1.320538222789764404e-01
8.958862423896789551e-01 2.596667595207691193e-02
1.288545317947864532e-02 2.014447599649429321e-01
-6.019372344017028809e-01 -4.429967701435089111e-02
-2.732722461223602295e-01 7.264525890350341797e-01
1.489493343979120255e-02 -2.033080309629440308e-01
-6.821966767311096191e-01 -3.566266000270843506e-01
5.853250026702880859e-01 1.348126232624053955e-01
7.191051244735717773e-01 1.517863422632217407e-01
9.141508340835571289e-01 -1.172799766063690186e-01
3.668479919433593750e-01 -6.026399135589599609e-01
-2.467599064111709595e-01 -4.510851502418518066e-01
-3.826048970222473145e-02 4.612066149711608887e-01
8.715543746948242188e-01 1.396242976188659668e-01
-7.410921454429626465e-01 -3.308322727680206299e-01
9.607427120208740234e-01 1.517825946211814880e-02
2.274674922227859497e-01 4.566716849803924561e-01
-8.467934131622314453e-01 1.533161662518978119e-02
2.666960656642913818e-01 7.276894450187683105e-01
-1.139426231384277344e-01 3.965918123722076416e-01
-2.634634077548980713e-01 -4.654946625232696533e-01
1.395844668149948120e-01 4.358567893505096436e-01
-8.626954555511474609e-01 7.546192407608032227e-01
-5.135765671730041504e-01 -1.974466294050216675e-01
9.493284225463867188e-01 7.788700461387634277e-01
5.557056665420532227e-01 6.075755953788757324e-01
7.076880335807800293e-01 -4.411503374576568604e-01
-7.103152871131896973e-01 4.303724765777587891e-01
-1.388670355081558228e-01 2.526564002037048340e-01
1.147467717528343201e-01 -3.408189713954925537e-01
4.819795787334442139e-01 7.237541079521179199e-01
-3.626475334167480469e-01 3.346742689609527588e-02
6.030932664871215820e-01 9.664267301559448242e-01
-1.932380348443984985e-02 2.135637104511260986e-01
-5.285812020301818848e-01 -8.563254475593566895e-01
-2.577764987945556641e-01 -2.307841181755065918e-01
8.285530209541320801e-01 -1.830671131610870361e-01
9.637207984924316406e-01 -1.262742280960083008e-01
3.075470682233572006e-03 -3.006722629070281982e-01
-9.808553457260131836e-01 -8.872902393341064453e-01
3.086191713809967041e-01 1.108061745762825012e-01
-6.817466020584106445e-02 4.235278367996215820e-01
7.571498751640319824e-01 1.201481595635414124e-01
-5.654116868972778320e-01 7.237814664840698242e-01
9.885749816894531250e-01 -5.126840472221374512e-01
-5.530819296836853027e-01 -1.386735439300537109e-01
6.677008271217346191e-01 2.936774492263793945e-01
2.371705174446105957e-01 5.634154081344604492e-01
6.073873043060302734e-01 1.531939357519149780e-01
-5.659816265106201172e-01 -9.202413558959960938e-01
1.894816458225250244e-01 -9.919230937957763672e-01
5.216928720474243164e-01 5.945611372590065002e-02
4.157005995512008667e-02 4.376338124275207520e-01
-9.862880110740661621e-01 4.364081025123596191e-01
-8.271667361259460449e-01 5.833551660180091858e-02
7.191033959388732910e-01 -1.995334401726722717e-02
-2.369540482759475708e-01 -9.850494265556335449e-01
3.007979691028594971e-01 6.816344857215881348e-01
-4.325816035270690918e-01 -2.733894884586334229e-01
-8.777582049369812012e-01 -5.343221426010131836e-01
-2.078901231288909912e-01 -9.191586971282958984e-01
-9.916955232620239258e-01 9.763088226318359375e-01
9.223210215568542480e-01 7.952947616577148438e-01
1.286650262773036957e-02 -2.337321490049362183e-01
-2.408652901649475098e-01 -5.143383741378784180e-01
9.952042698860168457e-01 -9.531667232513427734e-01
-8.373777866363525391e-01 -8.731319308280944824e-01
-6.876631975173950195e-01 -6.712499260902404785e-01
-7.652371656149625778e-03 -5.225570797920227051e-01
-1.644937843084335327e-01 -7.923391461372375488e-01
-7.150519639253616333e-02 4.015812575817108154e-01
-9.930452108383178711e-01 9.053635001182556152e-01
8.468633294105529785e-01 3.343457281589508057e-01
-1.837611794471740723e-01 -7.884673476219177246e-01
-6.597500443458557129e-01 6.912656873464584351e-02
-1.068324968218803406e-02 -2.525848746299743652e-01
-8.048722147941589355e-01 -5.108370780944824219e-01
8.444561958312988281e-01 -9.180220365524291992e-01
7.927080392837524414e-01 4.960563033819198608e-02
-5.162465572357177734e-01 4.462917447090148926e-01
7.934396266937255859e-01 1.068691015243530273e-01
-6.445902585983276367e-01 -4.322873055934906006e-02
-7.710272669792175293e-01 1.505959928035736084e-01
-8.488844037055969238e-01 -4.650110304355621338e-01
5.651881694793701172e-01 9.223337173461914062e-01
9.896593689918518066e-01 -5.069248080253601074e-01
5.185886025428771973e-01 8.978077173233032227e-01
6.262658238410949707e-01 8.925151824951171875e-01
1.744882762432098389e-01 -4.088365733623504639e-01
6.620942354202270508e-01 5.171439051628112793e-01
5.513983368873596191e-01 9.326691031455993652e-01
9.385148286819458008e-01 7.251932471990585327e-02
2.715748250484466553e-01 7.684054374694824219e-01
-3.765470907092094421e-02 -2.395672053098678589e-01
-2.712362408638000488e-01 5.555077195167541504e-01
-3.149325773119926453e-02 6.830432415008544922e-01
-1.503383964300155640e-01 -4.676650762557983398e-01
-9.727921336889266968e-02 -9.448418021202087402e-02
-6.487182378768920898e-01 -3.612029552459716797e-01
7.811513543128967285e-01 2.453216351568698883e-02
-1.152857542037963867e-01 -8.087220042943954468e-02
2.143277525901794434e-01 1.964841187000274658e-01
-1.126952320337295532e-01 3.257461786270141602e-01
4.593855887651443481e-02 2.003389783203601837e-02
-4.147824645042419434e-02 4.565528631210327148e-01
-2.509306073188781738e-01 1.742075830698013306e-01
7.592989206314086914e-01 -3.637564182281494141e-01
9.323847293853759766e-01 1.345690488815307617e-01
3.083313703536987305e-01 -6.506700515747070312e-01
1.586034446954727173e-01 5.824410915374755859e-01
7.939880490303039551e-01 1.520936191082000732e-01
-2.873623967170715332e-01 -7.511632442474365234e-01
-4.571160078048706055e-01 -7.181019186973571777e-01
9.833434224128723145e-01 -6.382361054420471191e-02
-2.872727811336517334e-01 -8.500943183898925781e-01
-8.221343755722045898e-01 4.617992416024208069e-02
-4.006606936454772949e-01 -1.752557903528213501e-01
-6.125221848487854004e-01 -7.607745528221130371e-01
8.185655474662780762e-01 1.364623755216598511e-01
-2.551380097866058350e-01 -8.673031330108642578e-01
-8.181786537170410156e-01 -4.089928697794675827e-03
9.162355065345764160e-01 6.530977040529251099e-02
-7.377778291702270508e-01 -9.305547475814819336e-01
-9.546688795089721680e-01 -9.146666526794433594e-01
-9.006149172782897949e-01 6.618620455265045166e-02
-2.531735002994537354e-01 5.792899131774902344e-01
1.070881187915802002e-01 3.465448915958404541e-01
9.809214472770690918e-01 6.505455821752548218e-02
-3.621571362018585205e-01 7.027457356452941895e-01
9.955677986145019531e-01 -8.758861422538757324e-01
-2.788268923759460449e-01 -7.563544511795043945e-01
-5.162047743797302246e-01 -1.208834499120712280e-01
2.602292895317077637e-01 8.999072909355163574e-01
-1.515763550996780396e-01 -7.387533318251371384e-03
-1.592216789722442627e-01 1.625279039144515991e-01
8.780721426010131836e-01 5.252781510353088379e-01
-6.501769423484802246e-01 -7.195093482732772827e-02
8.591864109039306641e-01 4.131073057651519775e-01
7.336145639419555664e-01 -1.687424778938293457e-01
-3.514206409454345703e-02 -6.006828546524047852e-01
2.113790512084960938e-01 -6.886892914772033691e-01
-1.541700363159179688e-01 1.299643963575363159e-01
1.804448664188385010e-01 -7.489827871322631836e-01
1.040769815444946289e-01 4.845030009746551514e-01
-8.567793369293212891e-01 1.223392561078071594e-01
-8.516639471054077148e-01 -9.464648365974426270e-01
-9.427440166473388672e-01 3.280832618474960327e-02
-8.535531759262084961e-01 9.601355195045471191e-01
-9.367098212242126465e-01 -9.020679593086242676e-01
4.985224008560180664e-01 -8.379138708114624023e-01
8.549884557723999023e-01 7.350540161132812500e-01
-9.326525330543518066e-01 -9.634477496147155762e-01
-7.267269492149353027e-01 6.937690377235412598e-01
-7.157282829284667969e-01 -6.570444256067276001e-02
-9.957155585289001465e-01 -5.685334801673889160e-01
9.312356710433959961e-01 1.618358641862869263e-01
-7.070803642272949219e-02 5.412561893463134766e-01
-5.091962814331054688e-01 4.687633514404296875e-01
-8.232127875089645386e-02 -6.325343847274780273e-01
-6.519251465797424316e-01 -1.048907861113548279e-01
3.515062108635902405e-02 -8.090670704841613770e-01
9.381105899810791016e-01 -1.320905983448028564e-01
7.127691507339477539e-01 -2.843181192874908447e-01
8.870574235916137695e-01 3.695293664932250977e-01
-1.336363889276981354e-02 -2.119813412427902222e-01
-3.979713022708892822e-01 -6.194755434989929199e-02
1.079757064580917358e-01 9.468518495559692383e-01
-4.199321568012237549e-01 3.350124359130859375e-01
8.608401417732238770e-01 7.418899536132812500e-01
-7.607445716857910156e-01 7.512412667274475098e-01
-5.987478494644165039e-01 -9.223378896713256836e-01
1.348893940448760986e-01 3.197802305221557617e-01
-2.206575311720371246e-02 2.647433578968048096e-01
-9.669902920722961426e-01 -5.027313232421875000e-01
-8.995132446289062500e-01 -7.127251029014587402e-01
-2.417663484811782837e-01 -4.840711653232574463e-01
-2.979314923286437988e-01 -1.738555282354354858e-01
9.601480960845947266e-01 4.047911167144775391e-01
1.220061443746089935e-02 8.834205269813537598e-01
-8.221116065979003906e-01 9.379293322563171387e-01
-5.825169757008552551e-02 5.724219083786010742e-01
-6.639274358749389648e-01 -5.739905312657356262e-02
-8.531980514526367188e-01 8.927680850028991699e-01
-7.669844627380371094e-01 5.313394591212272644e-02
8.543690443038940430e-01 1.467103809118270874e-01
-7.247710227966308594e-01 1.210615262389183044e-01
-1.885529607534408569e-01 5.079561471939086914e-01
-4.802706241607666016e-01 4.313362836837768555e-01
-9.082693457603454590e-01 -8.984875082969665527e-01
-1.948568969964981079e-01 -6.181125044822692871e-01
-7.267985939979553223e-01 -3.594773113727569580e-01
-6.609167158603668213e-02 1.748210936784744263e-02
-9.278241991996765137e-01 7.827280205674469471e-04
1.331197917461395264e-01 -5.033504366874694824e-01
-2.539744973182678223e-01 -7.480766773223876953e-01
-3.002654016017913818e-01 -8.289780616760253906e-01
-6.308657526969909668e-01 -5.874460563063621521e-02
7.285087704658508301e-01 -2.386437207460403442e-01
3.611276447772979736e-01 8.020783662796020508e-01
-2.678779363632202148e-01 -5.097513794898986816e-01
1.353679746389389038e-01 -8.050791025161743164e-01
-9.574815034866333008e-01 -9.037083387374877930e-01
-2.810599207878112793e-01 -3.799695372581481934e-01
-9.200828075408935547e-01 8.818823695182800293e-01
7.306146621704101562e-01 -1.402991265058517456e-01
1.712224334478378296e-01 -2.381050884723663330e-01
1.305014640092849731e-01 -7.063134312629699707e-01
-5.212268829345703125e-01 2.896515727043151855e-01
-2.455579638481140137e-01 6.666280627250671387e-01
-9.532229304313659668e-01 -9.127259850502014160e-01
-2.360575497150421143e-01 -9.659187197685241699e-01
8.087714016437530518e-02 8.608806729316711426e-01
7.512799501419067383e-01 -5.336476564407348633e-01
3.489586710929870605e-01 8.305586576461791992e-01
-6.613689661026000977e-01 -5.415619537234306335e-02
-8.475671410560607910e-01 8.824239969253540039e-01
-4.488424658775329590e-01 -7.812350988388061523e-01
7.262750267982482910e-01 5.072531700134277344e-01
3.411761224269866943e-01 9.385094642639160156e-01
-6.096678972244262695e-01 -6.357164382934570312e-01
1.682599447667598724e-02 -2.569560110569000244e-01
-3.786501884460449219e-01 5.423918962478637695e-01
9.829803109169006348e-01 -5.960044264793395996e-02
-9.862999618053436279e-02 -8.267566561698913574e-02
-3.513153791427612305e-01 6.800392270088195801e-01
-5.267774462699890137e-01 -3.144681453704833984e-02
3.422529697418212891e-01 6.978037953376770020e-01
5.574960634112358093e-02 7.251637578010559082e-01
-4.585393369197845459e-01 -2.236066907644271851e-01
-8.918869495391845703e-01 -9.251358509063720703e-01
7.918055355548858643e-02 5.566197037696838379e-01
3.651281893253326416e-01 5.476647615432739258e-01
8.745988607406616211e-01 6.687004864215850830e-02
6.767719984054565430e-01 1.033496111631393433e-01
-2.380136102437973022e-01 -9.832493066787719727e-01
7.056844234466552734e-01 1.970071904361248016e-02
9.356521368026733398e-01 1.419619321823120117e-01
-6.772686839103698730e-01 7.419630289077758789e-01
3.083031177520751953e-01 8.917841911315917969e-01
4.443805813789367676e-01 1.292007863521575928e-01
-4.814178869128227234e-02 2.818517386913299561e-01
-1.918812692165374756e-01 1.232424452900886536e-01
8.146440386772155762e-01 1.024746820330619812e-01
-8.200139999389648438e-01 8.766027539968490601e-02
9.781975150108337402e-01 -6.333890557289123535e-02
-3.269901126623153687e-02 4.285808801651000977e-01
-5.365426540374755859e-01 -1.968013197183609009e-01
-3.227463364601135254e-01 6.684376001358032227e-01
-6.005283594131469727e-01 7.065638154745101929e-02
-4.440956413745880127e-01 -1.965829581022262573e-01
-3.924083113670349121e-01 -2.434828877449035645e-01
-4.735789000988006592e-01 8.207698166370391846e-02
3.454349040985107422e-01 5.721703171730041504e-01
-1.471704244613647461e-01 4.675382077693939209e-01
-6.633695960044860840e-01 -6.530680507421493530e-02
-5.050590038299560547e-01 2.948676645755767822e-01
-9.923475980758666992e-01 8.693349957466125488e-01
-1.418733783066272736e-02 4.341863989830017090e-01
-7.193796038627624512e-01 -6.530917435884475708e-02
-1.055230274796485901e-01 2.007834017276763916e-01
4.168955385684967041e-01 9.091322124004364014e-02
1.761129647493362427e-01 -5.933778285980224609e-01
7.162444591522216797e-01 1.617461889982223511e-01
1.077933162450790405e-01 -2.331329584121704102e-01
-1.498884409666061401e-01 -5.682557821273803711e-01
-9.262028336524963379e-01 -8.818706870079040527e-01
1.715383976697921753e-01 -4.308639168739318848e-01
-1.705242693424224854e-02 1.997002586722373962e-02
1.262038946151733398e-01 9.708768725395202637e-01
4.024530202150344849e-02 6.257659792900085449e-01
-6.554960012435913086e-01 -8.186491578817367554e-02
9.054470658302307129e-01 -2.459632158279418945e-01
7.220590710639953613e-01 1.358162313699722290e-01
2.576789259910583496e-01 6.542841792106628418e-01
2.645723521709442139e-01 7.487704157829284668e-01
3.664424717426300049e-01 1.119232624769210815e-01
-2.331968843936920166e-01 1.293806582689285278e-01
-8.589015007019042969e-01 -4.124985635280609131e-01
6.649702787399291992e-01 -1.909863799810409546e-01
8.211377263069152832e-01 1.281019896268844604e-01
7.112718820571899414e-01 7.336997985839843750e-02
1.885226555168628693e-02 -2.897254424169659615e-03
-1.691562682390213013e-01 9.398822784423828125e-01
-7.168637514114379883e-01 3.759109079837799072e-01
2.406355291604995728e-01 -2.938192486763000488e-01
3.595613241195678711e-01 -3.354637324810028076e-02
9.844605922698974609e-01 -3.058772981166839600e-01
-5.500529408454895020e-01 -7.211077809333801270e-01
-1.557757258415222168e-01 9.044829607009887695e-01
-8.512506484985351562e-01 4.490863084793090820e-01
-8.848213553428649902e-01 -4.415136575698852539e-01
-5.824023392051458359e-03 -2.986474335193634033e-01
1.428384482860565186e-01 3.502947986125946045e-01
-1.580235809087753296e-01 8.752471804618835449e-01
-4.504422843456268311e-01 -7.657018303871154785e-02
3.119837045669555664e-01 7.865084409713745117e-01
4.495967626571655273e-01 1.084996536374092102e-01
2.428580373525619507e-01 2.546120584011077881e-01
3.553211987018585205e-01 8.782677054405212402e-01
-2.458327263593673706e-02 -5.213181376457214355e-01
9.032506346702575684e-01 8.363082408905029297e-01
3.003475666046142578e-01 7.928377985954284668e-01
-9.264292120933532715e-01 9.803813695907592773e-01
8.309387564659118652e-01 -1.303368806838989258e-01
7.672388851642608643e-02 9.480041265487670898e-01
-5.430825948715209961e-01 -1.244542896747589111e-01
-9.575966596603393555e-01 -5.449146628379821777e-01
1.604340821504592896e-01 -2.905225455760955811e-01
8.605906367301940918e-01 -1.247019506990909576e-02
1.225242540240287781e-01 9.843011498451232910e-01
-8.996918052434921265e-02 5.336535573005676270e-01
9.156046807765960693e-02 8.465330600738525391e-01
-1.047579422593116760e-01 7.166197896003723145e-01
-2.430056631565093994e-01 -9.786769747734069824e-01
6.525461673736572266e-01 -3.757649660110473633e-02
-2.731027007102966309e-01 -4.090800881385803223e-01
-2.302313596010208130e-01 -9.043756127357482910e-01
1.234686672687530518e-01 2.339832186698913574e-01
-9.873924851417541504e-01 8.400250673294067383e-01
-7.659512758255004883e-01 9.030393958091735840e-01
-9.925427436828613281e-01 9.467855095863342285e-01
1.403440088033676147e-01 -6.345837712287902832e-01
3.947327658534049988e-02 -6.636936664581298828e-01
1.026629358530044556e-01 -9.283815622329711914e-01
-1.081322580575942993e-01 -5.947995781898498535e-01
4.645211100578308105e-01 6.604818701744079590e-01
-5.828936100006103516e-01 2.813073620200157166e-02
-2.459904253482818604e-01 -7.701581120491027832e-01
2.686578333377838135e-01 -9.695805311203002930e-01
8.811775445938110352e-01 3.153681755065917969e-01
8.925095796585083008e-01 -2.123558968305587769e-01
9.511339664459228516e-01 8.473449200391769409e-02
1.556100696325302124e-01 -8.165451288223266602e-01
-1.665888703428208828e-03 -5.751198530197143555e-01
2.307767868041992188e-01 -2.244972586631774902e-01
-6.232450008392333984e-01 -8.726444244384765625e-01
8.915776014328002930e-01 -1.000618487596511841e-01
-2.982053905725479126e-02 -2.052301466464996338e-01
-9.485547542572021484e-01 5.425198078155517578e-01
-2.881190180778503418e-01 3.930402547121047974e-02
-3.961979746818542480e-01 -6.675465703010559082e-01
-2.470095455646514893e-01 1.814362108707427979e-01
-3.672731816768646240e-01 -1.511422395706176758e-01
2.372394800186157227e-01 5.594061613082885742e-01
-9.767662286758422852e-01 -4.834234714508056641e-01
-9.630110859870910645e-01 9.105467796325683594e-01
2.112544029951095581e-01 9.205809980630874634e-02
8.435570597648620605e-01 7.258237600326538086e-01
-5.553581193089485168e-02 8.217348158359527588e-02
-1.150905489921569824e-01 3.683204352855682373e-01
1.496772170066833496e-01 -9.104796051979064941e-01
-3.900802433490753174e-01 -1.118685826659202576e-01
6.339549422264099121e-01 -1.086556836962699890e-01
-6.840088367462158203e-01 4.139080941677093506e-01
-9.937602281570434570e-01 4.758508801460266113e-01
8.391824960708618164e-01 -8.463721871376037598e-01
6.898856163024902344e-01 7.250048518180847168e-01
-8.658377528190612793e-01 5.382686257362365723e-01
6.092498898506164551e-01 5.416035056114196777e-01
-8.184844851493835449e-01 8.794900774955749512e-01
-4.383172392845153809e-01 -6.883680820465087891e-01
-1.545111238956451416e-01 4.870426952838897705e-01
-1.306177824735641479e-01 5.482659861445426941e-02
-6.997657567262649536e-02 7.454042434692382812e-01
-2.098208814859390259e-01 -2.283672690391540527e-01
8.679359406232833862e-02 -6.407091617584228516e-01
1.648446619510650635e-01 -5.827880501747131348e-01
7.816082239151000977e-01 7.807615399360656738e-01
2.716942727565765381e-01 8.188788294792175293e-01
-7.251514196395874023e-01 1.199903152883052826e-02
-8.997078053653240204e-03 5.148233175277709961e-01
-5.563293099403381348e-01 4.296440184116363525e-01
9.454742074012756348e-01 6.584057956933975220e-02
-9.757714867591857910e-01 -5.158349871635437012e-01
7.519050240516662598e-01 1.085942462086677551e-01
-8.926927447319030762e-01 6.957182884216308594e-01
-2.467344999313354492e-01 -1.984173357486724854e-01
5.982570052146911621e-01 5.241535902023315430e-01
8.771577477455139160e-01 -3.930464982986450195e-01
-2.360333353281021118e-01 8.168182969093322754e-01
-6.276324391365051270e-01 -2.212759293615818024e-02
-1.944452077150344849e-01 -8.479340672492980957e-01
7.535949945449829102e-01 -1.543677002191543579e-01
8.679441213607788086e-01 -7.678827643394470215e-01
5.672811064869165421e-03 -4.753458201885223389e-01
8.654055595397949219e-01 6.600544601678848267e-02
6.476699113845825195e-01 9.121841192245483398e-01
-8.089565038681030273e-01 4.233506023883819580e-01
-4.801076054573059082e-01 4.922293126583099365e-01
9.241542220115661621e-01 3.043502271175384521e-01
1.598709225654602051e-01 -6.181775331497192383e-01
8.845583796501159668e-01 -1.422236263751983643e-01
8.978496789932250977e-01 1.048502251505851746e-01
-5.853180885314941406e-01 -8.938699364662170410e-01
-8.877765536308288574e-01 9.500800371170043945e-01
-1.487706601619720459e-01 -6.182636618614196777e-01
9.596738964319229126e-03 7.424293756484985352e-01
-5.656089186668395996e-01 3.857574164867401123e-01
-4.537908826023340225e-03 -1.704287230968475342e-01
-1.403867267072200775e-03 -5.588438510894775391e-01
-1.577351093292236328e-01 5.816721320152282715e-01
-2.624625861644744873e-01 -5.175940394401550293e-01
8.895909786224365234e-01 5.470640659332275391e-01
-5.399635434150695801e-01 -1.002579927444458008e-01
-9.730935096740722656e-01 -9.477170705795288086e-01
-3.177438080310821533e-01 2.248682975769042969e-01
-5.205186605453491211e-01 -2.337551414966583252e-01
-1.953658610582351685e-01 -8.263091444969177246e-01
-1.243268325924873352e-01 3.898245990276336670e-01
-9.964864253997802734e-01 4.326585307717323303e-02
-1.762794703245162964e-01 -6.243897676467895508e-01
1.961607933044433594e-01 -3.439751565456390381e-01
-2.270587980747222900e-01 -1.846705228090286255e-01
-6.796562671661376953e-01 -2.886685170233249664e-02
-1.442432403564453125e-04 -5.310574769973754883e-01
3.576952219009399414e-01 9.237456917762756348e-01
1.070225387811660767e-01 9.552731513977050781e-01
1.438995301723480225e-01 -6.282072067260742188e-01
2.601735889911651611e-01 1.732080578804016113e-01
-1.080482825636863708e-02 6.358460187911987305e-01
4.668338596820831299e-01 -7.820044457912445068e-02
-8.706626892089843750e-01 -9.407266974449157715e-01
-1.829697489738464355e-01 4.486657679080963135e-01
6.162213087081909180e-01 9.689469933509826660e-01
-9.974506497383117676e-01 9.750468134880065918e-01
5.739834625273942947e-03 -8.389446735382080078e-01
8.082016706466674805e-01 1.252458244562149048e-01
-2.465102374553680420e-01 -7.652363777160644531e-01
9.471654891967773438e-01 1.031044125556945801e-01
5.404589772224426270e-01 1.360380798578262329e-01
-7.059192657470703125e-01 5.678724497556686401e-02
4.202685952186584473e-01 7.540920972824096680e-01
-2.971535027027130127e-01 -1.607968807220458984e-01
-6.270669102668762207e-01 4.781107604503631592e-01
-8.761347532272338867e-01 -9.282696247100830078e-01
-5.379582047462463379e-01 -8.568854331970214844e-01
-8.786873817443847656e-01 8.300115466117858887e-01
-3.710794448852539062e-02 -4.757037758827209473e-01
-4.454615712165832520e-01 -1.225873082876205444e-01
7.274201512336730957e-01 -9.011057019233703613e-01
1.720190942287445068e-01 -7.282428145408630371e-01
3.811728954315185547e-01 6.156227588653564453e-01
-7.116837501525878906e-01 8.457672595977783203e-02
8.056404590606689453e-01 7.169418036937713623e-02
-1.818677484989166260e-01 7.733098268508911133e-01
6.952543556690216064e-02 -2.918982803821563721e-01
-6.682680845260620117e-01 1.075583994388580322e-01
9.394080042839050293e-01 -1.662377715110778809e-01
6.661254763603210449e-01 -9.482949376106262207e-01
6.983251571655273438e-01 5.466596782207489014e-02
-7.710933089256286621e-01 -5.258045718073844910e-02
-7.368270754814147949e-01 1.376706063747406006e-01
-8.433320373296737671e-02 5.310651659965515137e-01
8.673381805419921875e-02 9.480132460594177246e-01
-2.615657448768615723e-01 -5.331456065177917480e-01
6.735376715660095215e-01 7.755342125892639160e-01
-9.978217482566833496e-01 9.871690869331359863e-01
5.613784492015838623e-02 2.982802093029022217e-01
-9.394223093986511230e-01 -1.144593432545661926e-01
-5.818486958742141724e-02 4.252819418907165527e-01
-2.516641318798065186e-01 -7.210116386413574219e-01
-1.375923752784729004e-01 8.258700966835021973e-01
-9.028391838073730469e-01 -8.567014336585998535e-01
-2.843486368656158447e-01 -1.288491040468215942e-01
1.268156170845031738e-01 4.349401295185089111e-01
-6.773718595504760742e-01 -3.427438065409660339e-02
-1.767899543046951294e-01 4.738729298114776611e-01
9.590215086936950684e-01 4.245792925357818604e-01
-8.089206218719482422e-01 3.619198203086853027e-01
-1.460768282413482666e-01 -6.626344323158264160e-01
-8.250522613525390625e-01 -3.894888162612915039e-01
-9.327853322029113770e-01 7.465085983276367188e-01
8.313008546829223633e-01 1.273850351572036743e-01
-9.882328510284423828e-01 5.473598837852478027e-01
3.284857422113418579e-02 -5.190672278404235840e-01
-5.136301517486572266e-01 4.679393172264099121e-01
-2.363635897636413574e-01 -5.890051126480102539e-01
-2.056834287941455841e-03 -1.048571541905403137e-01
7.391417026519775391e-01 -4.583445843309164047e-03
-6.559534668922424316e-01 7.458406090736389160e-01
-5.042492747306823730e-01 1.310007870197296143e-01
-1.008010506629943848e-01 1.260965615510940552e-01
9.063071608543395996e-01 2.977921068668365479e-01
8.235160708427429199e-01 -9.170047044754028320e-01
9.478449225425720215e-01 6.976951360702514648e-01
6.881551742553710938e-01 1.596525907516479492e-01
8.004213124513626099e-02 -2.557844519615173340e-01
-2.833835184574127197e-01 -4.544659852981567383e-01
2.701046168804168701e-01 7.367664575576782227e-01
-2.367262989282608032e-01 -8.371235132217407227e-01
6.325089335441589355e-01 8.111547231674194336e-01
-7.976920604705810547e-01 6.948366761207580566e-02
1.826126128435134888e-01 5.428946614265441895e-01
-6.013527512550354004e-01 5.770590305328369141e-01
7.941024303436279297e-01 3.429557383060455322e-02
9.905654937028884888e-02 -2.528043687343597412e-01
-4.548965096473693848e-01 -6.244439631700515747e-02
3.062283396720886230e-01 9.455444812774658203e-01
-5.763751268386840820e-01 -6.441179513931274414e-01
-1.775129884481430054e-01 8.709038496017456055e-01
-1.604282706975936890e-01 -4.956982731819152832e-01
-5.868193507194519043e-01 -6.019601225852966309e-02
9.626203775405883789e-01 4.623832926154136658e-02
8.797485232353210449e-01 5.543634295463562012e-02
2.097901105880737305e-01 8.802522420883178711e-01
-8.435525000095367432e-02 -6.212531328201293945e-01
8.084279894828796387e-01 4.688183367252349854e-01
2.371980845928192139e-01 3.177828192710876465e-01
-5.762107372283935547e-01 -8.063900470733642578e-02
8.869541287422180176e-01 6.630869507789611816e-01
6.643471121788024902e-01 -1.643844544887542725e-01
2.476467639207839966e-01 -9.811739623546600342e-02
-1.299801468849182129e-01 -2.624187767505645752e-01
1.902917772531509399e-01 -6.981489062309265137e-01
-1.310496479272842407e-01 -6.054534912109375000e-01
-9.915913939476013184e-01 9.758099913597106934e-01
-9.364888072013854980e-01 -2.129441499710083008e-02
-7.677187323570251465e-01 7.118616104125976562e-01
-6.613402962684631348e-01 8.270004391670227051e-02
3.580228686332702637e-01 8.301938176155090332e-01
2.101372331380844116e-01 8.464691638946533203e-01
4.162542819976806641e-01 -7.138755321502685547e-01
2.685665190219879150e-01 7.331214547157287598e-01
-3.395900428295135498e-01 -7.298220396041870117e-01
6.886690258979797363e-01 7.303115725517272949e-01
7.252990007400512695e-01 7.514330148696899414e-01
7.304414510726928711e-01 2.442085295915603638e-01
-9.299166202545166016e-01 -9.167585968971252441e-01
-3.929017782211303711e-01 -6.231209039688110352e-01
-7.515710592269897461e-01 -8.743309229612350464e-02
3.923879861831665039e-01 8.943525552749633789e-01
1.212924495339393616e-01 2.738721370697021484e-01
9.723231196403503418e-01 -2.653031945228576660e-01
-6.846704483032226562e-01 -9.050342440605163574e-01
-8.775000572204589844e-01 -9.140527844429016113e-01
2.960645556449890137e-01 7.690794467926025391e-01
-7.597436904907226562e-01 -5.967135727405548096e-02
-7.563162446022033691e-01 -4.619870781898498535e-01
-1.909840852022171021e-01 -1.546979844570159912e-01
-9.495391249656677246e-01 -6.663591861724853516e-01
-9.319091439247131348e-01 5.762751679867506027e-03
9.142819046974182129e-01 4.438176751136779785e-02
-1.720812171697616577e-01 -5.969995856285095215e-01
-9.550221562385559082e-01 9.157741665840148926e-01
-9.927006363868713379e-01 -8.208599686622619629e-01
4.428228735923767090e-01 5.750452280044555664e-01
7.622627615928649902e-01 1.463096290826797485e-01
-7.419783473014831543e-01 -2.013129740953445435e-01
2.034975588321685791e-01 8.765364885330200195e-01
-2.161552608013153076e-01 -3.483186364173889160e-01
7.879719883203506470e-02 -5.437403917312622070e-01
-1.380518972873687744e-01 4.363540410995483398e-01
-1.916743069887161255e-01 5.470010638236999512e-01
8.088538646697998047e-01 4.926378726959228516e-01
-4.407985806465148926e-01 -8.418642282485961914e-01
-6.329094525426626205e-03 7.506675720214843750e-01
-7.074245214462280273e-01 -6.978663802146911621e-01
-7.930114865303039551e-01 9.073405861854553223e-01
-9.836434125900268555e-01 7.216143608093261719e-01
-8.801881670951843262e-01 -7.112738490104675293e-01
-9.238467365503311157e-02 6.273632645606994629e-01
5.213944911956787109e-01 7.429395914077758789e-01
-8.030110597610473633e-01 2.614009752869606018e-02
9.154026508331298828e-01 1.268121004104614258e-01
-8.735424876213073730e-01 -9.490436315536499023e-01
7.089866995811462402e-01 1.145666614174842834e-01
4.361287057399749756e-01 2.514599859714508057e-01
-3.751216232776641846e-01 -4.989517927169799805e-01
1.029992103576660156e-01 3.831899538636207581e-02
-4.739059507846832275e-01 -4.101302325725555420e-01
-9.353273510932922363e-01 -1.502463370561599731e-01
-7.021507620811462402e-01 -4.279696643352508545e-01
6.277200579643249512e-02 -2.621554434299468994e-01
9.541797041893005371e-01 8.098482340574264526e-02
-5.909368768334388733e-02 4.600605666637420654e-01
-1.501412391662597656e-01 3.414439558982849121e-01
-7.961431741714477539e-01 -9.382990002632141113e-01
1.037494540214538574e-01 -7.974249124526977539e-01
9.932098388671875000e-01 -5.488955974578857422e-01
-6.116859316825866699e-01 -7.521250844001770020e-02
9.484359622001647949e-01 4.565329253673553467e-01
-6.515284180641174316e-01 -2.723330259323120117e-02
-2.099970579147338867e-01 3.952572643756866455e-01
-8.290355801582336426e-01 -7.321714609861373901e-02
2.452135235071182251e-01 -2.389403134584426880e-01
9.784386157989501953e-01 1.007513701915740967e-01
1.852426081895828247e-01 3.398216664791107178e-01
-4.201138019561767578e-01 9.596737623214721680e-01
6.112589836120605469e-01 2.090921550989151001e-01
-9.520185589790344238e-01 -8.998093008995056152e-01
-8.741161972284317017e-02 -4.402728676795959473e-01
-9.836006909608840942e-02 -7.323434948921203613e-01
-1.178656071424484253e-01 7.091239690780639648e-01
2.093872129917144775e-01 9.612722992897033691e-01
1.315439194440841675e-01 -5.753209590911865234e-01
-1.699994355440139771e-01 -8.869437575340270996e-01
9.031002521514892578e-01 -4.472500458359718323e-02
-4.846825450658798218e-02 -9.670781493186950684e-01
-4.452394247055053711e-01 2.311509847640991211e-01
3.790174424648284912e-02 9.367191791534423828e-01
-1.701410114765167236e-01 -1.452602446079254150e-01
-9.658120274543762207e-01 9.127927422523498535e-01
9.566313624382019043e-01 -2.632218413054943085e-02
2.143948525190353394e-02 4.986199140548706055e-01
4.591046571731567383e-01 -3.584771752357482910e-01
2.420133799314498901e-01 6.661717295646667480e-01
8.873103260993957520e-01 8.314744830131530762e-01
5.833338499069213867e-01 6.174752712249755859e-01
8.730530738830566406e-01 -1.562696844339370728e-01
9.147468805313110352e-01 -1.669763005338609219e-03
6.585119366645812988e-01 1.908137947320938110e-01
3.682833015918731689e-01 8.789084553718566895e-01
-6.285048089921474457e-03 -9.594554305076599121e-01
-7.942446321249008179e-02 -2.008161991834640503e-01
7.635366916656494141e-01 -7.255018353462219238e-01
3.117597997188568115e-01 -2.947796285152435303e-01
-9.033350348472595215e-01 8.900973796844482422e-01
6.525787711143493652e-01 9.398546069860458374e-02
8.545078039169311523e-01 6.597621440887451172e-01
-3.582458198070526123e-01 7.153412103652954102e-01
-3.847250938415527344e-01 -1.805410981178283691e-01
-2.620529234409332275e-01 -7.029000520706176758e-01
-4.033655226230621338e-01 1.956637948751449585e-01
-8.277367353439331055e-01 -6.924456357955932617e-01
3.786557614803314209e-01 9.140723943710327148e-01
-9.240532517433166504e-01 9.728670120239257812e-01
-9.365992993116378784e-02 9.670884609222412109e-01
-8.083233833312988281e-01 -6.324140429496765137e-01
3.847630918025970459e-01 6.750622391700744629e-01
-1.616039313375949860e-02 -3.536598682403564453e-01
-2.347445338964462280e-01 -1.199597045779228210e-01
8.674331754446029663e-02 2.104409635066986084e-01
-1.029792726039886475e-01 6.010841131210327148e-01
-4.240543842315673828e-01 -6.484102606773376465e-01
-9.417617321014404297e-01 -3.659155592322349548e-02
8.440563678741455078e-01 2.131788730621337891e-01
-2.009221613407135010e-01 4.018963873386383057e-01
-9.589812755584716797e-01 -5.549089238047599792e-02
9.043473005294799805e-01 -1.343242824077606201e-01
-1.725045740604400635e-01 -8.111022710800170898e-01
-1.394423097372055054e-01 -9.642373919486999512e-01
2.292418293654918671e-02 8.575785160064697266e-01
-5.939782261848449707e-01 -7.153393626213073730e-01
-8.822448849678039551e-01 -9.723220467567443848e-01
9.746876358985900879e-01 -1.304588187485933304e-02
3.402873873710632324e-02 -4.423566907644271851e-02
7.493299245834350586e-01 6.731334924697875977e-01
-8.503630757331848145e-01 4.177579879760742188e-01
9.506516456604003906e-01 5.133536458015441895e-01
6.086933016777038574e-01 5.135139226913452148e-01
4.177332520484924316e-01 -5.297358334064483643e-02
1.386785507202148438e-01 8.170328140258789062e-01
-2.364034997299313545e-03 -8.904255032539367676e-01
-3.213267922401428223e-01 5.001999139785766602e-01
-8.579614758491516113e-02 -7.959729433059692383e-02
8.459182977676391602e-01 2.694849967956542969e-01
-2.692274153232574463e-01 -9.753240346908569336e-01
-3.234758675098419189e-01 -1.331884115934371948e-01
4.845388233661651611e-01 1.144864931702613831e-01
9.097718447446823120e-02 -4.709916710853576660e-01
2.360171377658843994e-01 4.712069630622863770e-01
7.528267502784729004e-01 2.034083157777786255e-01
9.891347885131835938e-01 9.353739768266677856e-02
9.365333318710327148e-01 5.788788795471191406e-01
5.823220014572143555e-01 6.945007443428039551e-01
-5.674964785575866699e-01 -9.054467082023620605e-01
-4.277228415012359619e-01 6.323369145393371582e-01
3.435909450054168701e-01 6.531748175621032715e-01
-2.355153560638427734e-01 4.275329411029815674e-01
-3.291185796260833740e-01 9.661972522735595703e-01
-9.439248442649841309e-01 6.534185409545898438e-01
-6.118802428245544434e-01 -7.240986227989196777e-01
-5.879449248313903809e-01 2.796653211116790771e-01
-3.955312371253967285e-01 8.293418586254119873e-02
6.365662813186645508e-01 2.940143048763275146e-01
2.479438632726669312e-01 9.405674338340759277e-01
-9.544147253036499023e-01 -1.388818118721246719e-02
7.029740810394287109e-01 8.129751682281494141e-01
-1.841317564249038696e-01 -4.518812596797943115e-01
8.327215313911437988e-01 -2.183358557522296906e-02
1.864575743675231934e-01 3.331771194934844971e-01
1.348441839218139648e-01 9.009938836097717285e-01
2.665461301803588867e-01 1.509365290403366089e-01
-3.242082595825195312e-01 8.211804628372192383e-01
5.726036615669727325e-03 -9.578178524971008301e-01
2.609741687774658203e-01 5.255074501037597656e-01
-2.910094857215881348e-01 -9.242932200431823730e-01
-4.012573361396789551e-01 -8.202835321426391602e-01
-9.848063588142395020e-01 -5.590268373489379883e-01
-8.692600727081298828e-01 -8.407733440399169922e-01
-7.628560066223144531e-01 -9.356678724288940430e-01
6.062223911285400391e-01 8.278351426124572754e-01
8.304812312126159668e-01 7.792035937309265137e-01
4.356907904148101807e-01 8.419880270957946777e-01
