4.315521717071533203e-01 -8.207587003707885742e-01 -2.029393315315246582e-01
-7.179520726203918457e-01 -5.008952021598815918e-01 4.636633098125457764e-01
-5.313094854354858398e-01 6.535455584526062012e-01 -9.038735628128051758e-01
1.286619752645492554e-01 -5.898348093032836914e-01 -5.137490034103393555e-01
5.405609607696533203e-01 -9.994222521781921387e-01 4.345479607582092285e-01
2.217295467853546143e-01 -3.691989183425903320e-01 2.968472540378570557e-01
-8.873254656791687012e-01 4.653988778591156006e-01 4.048660695552825928e-01
1.716641942039132118e-03 3.889685273170471191e-01 8.449532985687255859e-01
-2.304843366146087646e-01 4.876784086227416992e-01 -1.313739269971847534e-01
9.205198884010314941e-01 7.379994988441467285e-01 -3.077720403671264648e-01
3.062417209148406982e-01 -6.862217783927917480e-01 -3.592323958873748779e-01
-2.555695921182632446e-02 7.104800343513488770e-01 -9.191777110099792480e-01
9.374967813491821289e-01 -9.121784567832946777e-01 -9.686777591705322266e-01
5.414464473724365234e-01 3.086896836757659912e-01 -6.012079715728759766e-01
1.524896770715713501e-01 2.831446528434753418e-01 -4.119675159454345703e-01
-2.775153517723083496e-01 3.542002439498901367e-01 -2.068630456924438477e-01
3.146609961986541748e-01 8.592060804367065430e-01 5.263853669166564941e-01
-5.698142051696777344e-01 3.840062022209167480e-01 4.532143771648406982e-01
5.586188435554504395e-01 -6.728161573410034180e-01 7.345315814018249512e-01
7.930427789688110352e-01 -2.213992327451705933e-01 4.581742882728576660e-01
6.096638441085815430e-01 -1.884494870901107788e-01 -2.877802252769470215e-01
-9.537039399147033691e-01 -1.872112005949020386e-01 -9.162497520446777344e-01
-4.325732886791229248e-01 -8.631064295768737793e-01 2.557328641414642334e-01
5.124661326408386230e-01 -3.063763678073883057e-01 6.269887089729309082e-01
-3.858675062656402588e-01 -4.057510197162628174e-01 9.882349967956542969e-01
4.084675908088684082e-01 -8.363412618637084961e-01 -5.332300662994384766e-01
-5.719556808471679688e-01 7.348646521568298340e-01 -5.998375415802001953e-01
2.044201940298080444e-01 5.684056282043457031e-01 -3.168844282627105713e-01
4.041801691055297852e-01 -7.920738458633422852e-01 -9.451150894165039062e-01
-1.258342266082763672e-01 1.822785735130310059e-01 -9.754391908645629883e-01
2.746328413486480713e-01 3.257974982261657715e-02 -5.147277712821960449e-01
-6.732788681983947754e-01 2.502440810203552246e-01 -6.694327592849731445e-01
5.495583415031433105e-01 -9.913952946662902832e-01 -8.091222643852233887e-01
-3.695280551910400391e-01 7.653913497924804688e-01 -6.308550238609313965e-01
8.281416296958923340e-01 4.695207178592681885e-01 -4.956935644149780273e-01
2.317782789468765259e-01 -6.072885394096374512e-01 6.281988024711608887e-01
-5.069753527641296387e-01 5.278981924057006836e-01 3.641453385353088379e-01
7.918660640716552734e-01 -6.715848445892333984e-01 4.137634634971618652e-01
5.928979516029357910e-01 7.758745551109313965e-01 8.948677778244018555e-01
-1.215048357844352722e-01 -1.662848866544663906e-03 -9.031793475151062012e-01
-1.780820339918136597e-01 -8.524962663650512695e-01 -3.445762097835540771e-01
8.456866741180419922e-01 -9.948682188987731934e-01 -6.530880928039550781e-01
-5.011434555053710938e-01 3.884567618370056152e-01 6.830494403839111328e-01
5.653753280639648438e-01 -2.978456951677799225e-02 -7.533841133117675781e-01
-2.072895318269729614e-01 -1.770194172859191895e-01 -7.847545742988586426e-01
4.365969300270080566e-01 -7.891715168952941895e-01 -8.948942422866821289e-01
-8.570218086242675781e-01 5.651891827583312988e-01 -6.763119101524353027e-01
-4.665886461734771729e-01 7.450075149536132812e-01 7.024693489074707031e-01
-1.346397399902343750e-01 9.864357709884643555e-01 -9.708133935928344727e-01
-4.940590262413024902e-01 8.043618202209472656e-01 7.752586007118225098e-01
-1.566977798938751221e-01 5.081034302711486816e-01 2.300466150045394897e-01
8.136130571365356445e-01 4.602384567260742188e-01 -7.751229405403137207e-01
4.347886443138122559e-01 5.444959998130798340e-01 -4.758268892765045166e-01
-6.340964436531066895e-01 3.545160889625549316e-01 -7.704412937164306641e-01
-5.552682280540466309e-01 -8.028877973556518555e-01 6.004236340522766113e-01
2.580067217350006104e-01 7.208314538002014160e-01 -3.265363574028015137e-01
8.677558302879333496e-01 9.355143904685974121e-01 -8.978003263473510742e-01
8.416996598243713379e-01 6.091196537017822266e-01 1.626152396202087402e-01
6.244817376136779785e-01 5.467101931571960449e-01 -3.721907138824462891e-01
-3.349317312240600586e-01 3.719904720783233643e-01 -5.379834771156311035e-01
-6.497665047645568848e-01 -4.108339846134185791e-01 5.733187794685363770e-01
-8.557235598564147949e-01 2.118229717016220093e-01 3.808213174343109131e-01
-5.752100348472595215e-01 8.639147877693176270e-01 7.127276659011840820e-01
-3.618042767047882080e-01 -3.570590317249298096e-01 3.381421267986297607e-01
-4.398449659347534180e-01 7.753662467002868652e-01 -1.832001209259033203e-01
-8.303530812263488770e-01 -8.902160823345184326e-02 -6.468240618705749512e-01
4.487150907516479492e-01 -9.506388008594512939e-02 1.804835498332977295e-01
-4.672510623931884766e-01 7.202066183090209961e-01 8.008684515953063965e-01
-8.077387809753417969e-01 3.484595119953155518e-01 -7.764296531677246094e-01
-6.424701213836669922e-01 3.936620354652404785e-01 -1.704539731144905090e-02
6.806573867797851562e-01 6.646361351013183594e-01 -5.459088683128356934e-01
3.548288047313690186e-01 6.085132956504821777e-01 -9.070132374763488770e-01
-6.956263780593872070e-01 -1.565058827400207520e-01 9.686548709869384766e-01
-8.138901591300964355e-01 4.764428734779357910e-01 -1.779891103506088257e-01
2.070866823196411133e-01 -1.098434999585151672e-01 6.917783021926879883e-01
-1.588595062494277954e-01 3.595462739467620850e-01 8.197850584983825684e-01
7.724004983901977539e-01 5.604612827301025391e-01 3.772486448287963867e-01
-2.915579974651336670e-01 -8.652846813201904297e-01 -3.756402134895324707e-01
-5.601548552513122559e-01 3.408601135015487671e-02 -8.410836458206176758e-01
-6.569462418556213379e-01 7.298853993415832520e-02 -8.571587204933166504e-01
-6.516999602317810059e-01 1.486250609159469604e-01 7.187349200248718262e-01
6.311535835266113281e-01 -4.244957864284515381e-01 1.277280449867248535e-01
-2.092944830656051636e-01 -8.019784688949584961e-01 1.435777265578508377e-02
9.411408901214599609e-01 -9.975484013557434082e-01 7.793597579002380371e-01
-5.494848489761352539e-01 -2.222389429807662964e-01 -9.784138798713684082e-01
-5.074734687805175781e-01 4.711736738681793213e-01 -9.790793061256408691e-01
4.471216201782226562e-01 -6.121437549591064453e-01 -2.307755351066589355e-01
-5.866423845291137695e-01 -3.175043463706970215e-01 -9.562714695930480957e-01
-6.811723709106445312e-01 -5.851721167564392090e-01 4.547574818134307861e-01
-1.374246478080749512e-01 -2.444096505641937256e-01 4.522425234317779541e-01
6.498314738273620605e-01 6.006250977516174316e-01 1.207175254821777344e-01
1.138346716761589050e-01 7.501896023750305176e-01 -3.754011690616607666e-01
-8.959047794342041016e-01 4.589304625988006592e-01 7.779008746147155762e-01
7.173463106155395508e-01 -2.955874502658843994e-01 5.193622708320617676e-01
9.886301159858703613e-01 -8.123990893363952637e-02 2.779077291488647461e-01
1.494227675721049309e-03 6.834724545478820801e-01 3.115812540054321289e-01
4.380448162555694580e-01 -9.916665554046630859e-01 5.361149311065673828e-01
-5.841912031173706055e-01 -7.968871593475341797e-01 2.497625052928924561e-01
-5.371181368827819824e-01 -7.835076451301574707e-01 2.296924740076065063e-01
-9.818289875984191895e-01 5.851317048072814941e-01 -7.576520442962646484e-01
-9.522849917411804199e-01 2.156414389610290527e-01 8.335754871368408203e-01
1.931806355714797974e-01 8.662027120590209961e-02 8.783849477767944336e-01
6.018491387367248535e-01 -9.952965378761291504e-01 -3.265235722064971924e-01
-3.570070862770080566e-01 -5.613849684596061707e-02 9.468276500701904297e-01
-6.810012459754943848e-01 4.972052276134490967e-01 8.002378344535827637e-01
7.420750260353088379e-01 5.987138152122497559e-01 -7.652398347854614258e-01
7.524142861366271973e-01 9.503868818283081055e-01 -9.105449318885803223e-01
4.649884104728698730e-01 -7.284990549087524414e-01 1.536708623170852661e-01
8.316177725791931152e-01 -3.252291083335876465e-01 1.836155802011489868e-01
-1.547065973281860352e-01 -3.475094586610794067e-02 -3.585092425346374512e-01
-4.980388879776000977e-01 -7.859167456626892090e-01 1.118455082178115845e-01
-5.850009322166442871e-01 1.429565101861953735e-01 -7.855955958366394043e-01
-4.662264287471771240e-01 -6.989800333976745605e-01 2.551274001598358154e-01
9.706775546073913574e-01 -9.495506286621093750e-01 8.935264348983764648e-01
-7.812795042991638184e-01 3.600798249244689941e-01 9.761377573013305664e-01
1.636999398469924927e-01 7.956958413124084473e-01 -8.956631273031234741e-02
2.542978227138519287e-01 9.649276733398437500e-01 5.138306617736816406e-01
6.673858165740966797e-01 -2.620687484741210938e-01 -4.120873510837554932e-01
4.632182121276855469e-01 3.899786770343780518e-01 -4.090979695320129395e-01
-6.651690602302551270e-01 5.313447713851928711e-01 -7.507734298706054688e-01
-3.191302120685577393e-01 -7.069457769393920898e-01 -7.093890905380249023e-01
6.879742145538330078e-01 -9.318368434906005859e-01 6.234375834465026855e-01
3.863241374492645264e-01 8.164689540863037109e-01 -2.281614691019058228e-01
-7.370705604553222656e-01 6.334173083305358887e-01 -6.645593047142028809e-01
5.973002910614013672e-01 -4.301195442676544189e-01 9.764081835746765137e-01
-5.532201379537582397e-02 5.668957829475402832e-01 6.710278987884521484e-01
-4.115203619003295898e-01 4.640256166458129883e-01 -6.512796878814697266e-01
2.377057373523712158e-01 3.707980215549468994e-01 -4.343254864215850830e-01
-7.309389114379882812e-01 -6.540249586105346680e-01 -2.255936115980148315e-01
7.641686797142028809e-01 -2.242332547903060913e-01 8.570825457572937012e-01
-3.089266121387481689e-01 -8.097047805786132812e-01 1.825330662541091442e-03
-8.958661556243896484e-01 1.548225283622741699e-01 5.827713608741760254e-01
6.074782609939575195e-01 -8.360661268234252930e-01 7.097518444061279297e-01
-5.820222496986389160e-01 1.149316951632499695e-01 8.055633306503295898e-01
-6.417229175567626953e-01 -6.585540771484375000e-01 3.454585671424865723e-01
7.201415300369262695e-01 5.078448653221130371e-01 1.227825297974050045e-03
9.461261630058288574e-01 9.878746271133422852e-01 -4.484266638755798340e-01
-4.085608720779418945e-01 -4.780613817274570465e-03 1.574037373065948486e-01
3.634548783302307129e-01 2.772304415702819824e-01 6.413483619689941406e-01
-7.292538881301879883e-01 7.910782098770141602e-02 9.021733403205871582e-01
3.143830299377441406e-01 9.415224790573120117e-01 -2.532919943332672119e-01
4.577499032020568848e-01 -7.505608201026916504e-01 -4.679589867591857910e-01
4.657218456268310547e-01 -6.609871983528137207e-01 -8.942682147026062012e-01
8.656085729598999023e-01 1.143831908702850342e-01 -9.884287714958190918e-01
7.653523087501525879e-01 8.569492101669311523e-01 7.375928759574890137e-02
-7.106361389160156250e-01 -2.437555938959121704e-01 -8.564732074737548828e-01
-2.185093611478805542e-01 -8.822283744812011719e-01 -7.732952479273080826e-03
6.489354968070983887e-01 1.529181748628616333e-01 -3.696656525135040283e-01
2.199859768152236938e-01 6.353740692138671875e-01 9.768303483724594116e-02
7.049155831336975098e-01 -2.418976873159408569e-01 -3.370043635368347168e-01
8.431873917579650879e-01 8.438331484794616699e-01 -7.104526758193969727e-01
6.539499759674072266e-01 6.981695890426635742e-01 -8.688249588012695312e-01
-8.182250261306762695e-01 -6.454129815101623535e-01 -3.332591652870178223e-01
8.716928362846374512e-01 9.714124798774719238e-01 -7.422517538070678711e-01
9.470933675765991211e-01 6.458998322486877441e-01 6.141725778579711914e-01
6.413190960884094238e-01 2.128204554319381714e-01 4.922675713896751404e-02
-3.217841386795043945e-01 -8.419213294982910156e-01 -3.527217805385589600e-01
1.445647925138473511e-01 9.480883181095123291e-02 8.233061432838439941e-01
-7.979331016540527344e-01 3.325023353099822998e-01 -8.107327222824096680e-01
-5.069534182548522949e-01 -4.466864466667175293e-01 2.337353080511093140e-01
-4.697445929050445557e-01 -7.615310549736022949e-01 1.866898238658905029e-01
-7.072303891181945801e-01 -6.787452101707458496e-01 -1.611356139183044434e-01
5.985633730888366699e-01 2.878664433956146240e-01 -7.075566053390502930e-02
-4.783391952514648438e-01 6.003233790397644043e-01 -6.954907178878784180e-01
-4.241881370544433594e-01 8.979024887084960938e-01 -1.821435615420341492e-02
9.021102190017700195e-01 7.017843127250671387e-01 -7.163878083229064941e-01
-4.259640574455261230e-01 -7.720978260040283203e-01 2.722646892070770264e-01
7.356792092323303223e-01 8.916909694671630859e-01 -6.387026607990264893e-02
-2.805492877960205078e-01 -8.037551045417785645e-01 -5.300236344337463379e-01
-2.920204699039459229e-01 -5.161911249160766602e-01 -6.698848605155944824e-01
-5.721862316131591797e-01 7.976912260055541992e-01 9.350799918174743652e-01
8.319616317749023438e-01 -1.738276928663253784e-01 -3.396267890930175781e-01
5.530266165733337402e-01 -9.972367286682128906e-01 -8.370500206947326660e-01
-5.493090152740478516e-01 -7.925458550453186035e-01 3.363484442234039307e-01
-6.679241657257080078e-01 -3.094973862171173096e-01 8.026409149169921875e-01
-5.086842775344848633e-01 1.036368906497955322e-01 -7.610539197921752930e-01
-9.002773761749267578e-01 -3.114568814635276794e-02 -5.300363302230834961e-01
6.996776461601257324e-01 -1.936282217502593994e-01 -3.660429120063781738e-01
8.552598357200622559e-01 -6.145846843719482422e-01 4.386929273605346680e-01
-7.086398005485534668e-01 7.360516786575317383e-01 7.113966941833496094e-01
7.611702084541320801e-01 2.255291193723678589e-01 -7.836811542510986328e-01
-4.110830724239349365e-01 -8.426433205604553223e-01 1.430646479129791260e-01
-4.329611957073211670e-01 -9.178438782691955566e-01 -3.377142176032066345e-02
-3.276970684528350830e-01 -8.159958720207214355e-01 3.356283307075500488e-01
1.001338437199592590e-01 5.886423587799072266e-01 -1.738270223140716553e-01
-2.718855142593383789e-01 -3.719830811023712158e-01 6.063967347145080566e-01
5.833391547203063965e-01 -6.832378506660461426e-01 2.748833782970905304e-02
-2.397809624671936035e-01 -4.547160565853118896e-01 -8.615775108337402344e-01
6.058992147445678711e-01 4.925619959831237793e-01 -2.014566957950592041e-02
-7.178702354431152344e-01 -2.490694168955087662e-03 8.689628839492797852e-01
-3.089491724967956543e-01 2.698971927165985107e-01 3.474568724632263184e-01
7.270795106887817383e-01 -9.937516450881958008e-01 4.223947525024414062e-01
3.189041912555694580e-01 9.895195960998535156e-01 7.180408239364624023e-01
2.832323312759399414e-01 6.776269078254699707e-01 -2.784214317798614502e-01
6.646640300750732422e-01 -2.658359110355377197e-01 1.459496021270751953e-01
-4.765053689479827881e-01 -6.663622260093688965e-01 -9.918723702430725098e-01
1.527262926101684570e-01 7.415788769721984863e-01 -1.016834154725074768e-01
-5.856170654296875000e-01 8.601784110069274902e-01 9.871892631053924561e-03
-3.114104270935058594e-01 -1.983517855405807495e-01 -6.846212744712829590e-01
-7.890304327011108398e-01 -2.762198150157928467e-01 7.290098667144775391e-01
8.639147281646728516e-01 2.667694687843322754e-01 -6.612327098846435547e-01
9.608827829360961914e-01 -4.938439652323722839e-02 -4.509727358818054199e-01
4.455578923225402832e-01 -1.314218342304229736e-01 -3.969509899616241455e-01
-9.287312030792236328e-01 3.936984539031982422e-01 4.751549661159515381e-01
8.010279536247253418e-01 6.111291646957397461e-01 -4.476625025272369385e-01
-7.116677165031433105e-01 -7.549718022346496582e-01 3.680187165737152100e-01
7.665881514549255371e-01 -3.794491589069366455e-01 1.313731074333190918e-01
-4.919205904006958008e-01 7.622673511505126953e-01 -9.806391596794128418e-01
2.816746532917022705e-01 -8.597322702407836914e-01 4.218950867652893066e-01
-2.555263042449951172e-01 9.246903657913208008e-01 -7.270058393478393555e-01
8.369795083999633789e-01 -7.771768569946289062e-01 4.845988452434539795e-01
-7.925835847854614258e-01 1.248734816908836365e-01 2.785312831401824951e-01
-4.320846498012542725e-01 -9.754332900047302246e-01 1.038998663425445557e-01
-3.135940060019493103e-02 7.542160749435424805e-01 5.439695715904235840e-01
7.845609784126281738e-01 -9.927656650543212891e-01 -7.011679410934448242e-01
-4.730464518070220947e-02 1.016448959708213806e-01 3.702014386653900146e-01
-2.087745517492294312e-01 -9.311534166336059570e-01 4.123589396476745605e-02
-4.520076215267181396e-01 1.811205446720123291e-01 4.825619459152221680e-01
-5.229084491729736328e-01 -3.252152502536773682e-01 9.293152689933776855e-01
9.179119467735290527e-01 -1.536091715097427368e-01 1.419295668601989746e-01
-4.404707849025726318e-01 -1.110342964529991150e-01 -9.569708108901977539e-01
-5.514603853225708008e-01 -3.902586176991462708e-02 -6.752843856811523438e-01
-7.175065875053405762e-01 5.509619116783142090e-01 -6.780753135681152344e-01
2.130180746316909790e-01 8.441062569618225098e-01 -5.766668915748596191e-01
2.839270532131195068e-01 7.912517786026000977e-01 2.795569598674774170e-01
-4.536434412002563477e-01 -4.083602502942085266e-02 -9.791823625564575195e-01
7.134488224983215332e-01 6.778782606124877930e-01 -3.806140124797821045e-01
4.339727759361267090e-01 8.831741213798522949e-01 3.729069828987121582e-01
-8.051832318305969238e-01 7.179020047187805176e-01 7.934249043464660645e-01
-8.033708930015563965e-01 -7.431365549564361572e-02 -9.391529560089111328e-01
-9.611443877220153809e-01 1.959729641675949097e-01 7.802847027778625488e-01
-3.474224507808685303e-01 -1.220859959721565247e-01 -5.450255870819091797e-01
-2.546763718128204346e-01 8.783661723136901855e-01 -7.087482810020446777e-01
-2.242969423532485962e-01 6.238809823989868164e-01 -5.465855598449707031e-01
-7.384389638900756836e-01 1.594495177268981934e-01 7.057256698608398438e-01
-4.700790345668792725e-01 -8.742997050285339355e-01 -9.262116551399230957e-01
8.418345451354980469e-01 -1.371591240167617798e-01 -2.930084764957427979e-01
-8.915226161479949951e-02 9.337258934974670410e-01 -9.666059613227844238e-01
-4.998680353164672852e-01 -9.857228994369506836e-01 -1.368544530123472214e-02
-4.248842298984527588e-01 6.284422278404235840e-01 1.344282031059265137e-01
-1.055230274796485901e-01 6.058710217475891113e-01 -4.024532139301300049e-01
-3.768381476402282715e-01 8.661953806877136230e-01 -2.864000797271728516e-01
-5.094670057296752930e-01 3.977004885673522949e-01 -7.557297348976135254e-01
6.174052357673645020e-01 1.394973695278167725e-01 -7.350127100944519043e-01
7.546160817146301270e-01 4.334450140595436096e-02 8.458771705627441406e-01
-4.116581380367279053e-01 9.944284558296203613e-01 -1.173780858516693115e-01
-3.943499028682708740e-01 -8.178362846374511719e-01 -1.502543874084949493e-02
-3.301905393600463867e-01 6.779874563217163086e-01 -7.288926839828491211e-01
-2.378916740417480469e-01 6.542194485664367676e-01 1.925416886806488037e-01
5.388435721397399902e-01 -8.991515636444091797e-01 -3.699248731136322021e-01
7.420498728752136230e-01 4.666864573955535889e-01 -4.395523369312286377e-01
-6.586573719978332520e-01 2.795355319976806641e-01 9.450455307960510254e-01
5.170043706893920898e-01 -4.047149717807769775e-01 -9.343078732490539551e-01
1.946761012077331543e-01 1.999457366764545441e-02 5.404521226882934570e-01
4.258891940116882324e-02 -6.308342218399047852e-01 7.635737657546997070e-01
5.689089894294738770e-01 -6.807817220687866211e-01 7.990550249814987183e-02
-2.803279757499694824e-01 7.872381210327148438e-01 -8.074893951416015625e-01
-3.690629601478576660e-01 4.087778329849243164e-01 -6.054505705833435059e-01
-1.954315900802612305e-01 5.140089988708496094e-01 -6.332418322563171387e-01
-8.163275122642517090e-01 -7.123436778783798218e-02 7.642682194709777832e-01
-8.855034708976745605e-01 4.294560849666595459e-01 9.797201752662658691e-01
2.993401326239109039e-02 5.632950067520141602e-01 -9.090512990951538086e-01
6.775073409080505371e-01 5.415326356887817383e-01 -3.956460952758789062e-01
8.089574575424194336e-01 -1.988166421651840210e-01 -7.619718313217163086e-01
7.174084782600402832e-01 9.285913109779357910e-01 -8.360587954521179199e-01
-8.176919221878051758e-01 -5.417299270629882812e-01 9.898532629013061523e-01
-6.280603408813476562e-01 -2.922190427780151367e-01 5.042845010757446289e-01
8.023135066032409668e-01 -2.574042975902557373e-01 -6.484664082527160645e-01
-5.421906709671020508e-01 4.364259541034698486e-01 2.476742416620254517e-01
-6.658828854560852051e-01 7.684843540191650391e-01 -3.296063244342803955e-01
9.033632874488830566e-01 -4.077118337154388428e-01 -9.449987411499023438e-01
2.656365036964416504e-01 -7.688872218132019043e-01 3.839477896690368652e-01
-1.127217710018157959e-01 3.550978600978851318e-01 2.546924352645874023e-01
-2.594958543777465820e-01 -4.454553499817848206e-02 8.230963349342346191e-01
-5.214636921882629395e-01 7.899153232574462891e-01 -1.261889236047863960e-03
8.540134429931640625e-01 -3.638738691806793213e-01 1.515373438596725464e-01
-6.357226967811584473e-01 4.583052098751068115e-01 -6.573487520217895508e-01
-2.414713501930236816e-01 -3.885471522808074951e-01 2.498589605093002319e-01
7.764776796102523804e-02 7.659835219383239746e-01 -9.716502577066421509e-02
9.949713349342346191e-01 8.953837156295776367e-01 -7.592594027519226074e-01
7.036815863102674484e-03 5.305473208427429199e-01 -3.653028309345245361e-01
-3.984871804714202881e-01 -5.113866925239562988e-01 3.449358642101287842e-01
-6.933194398880004883e-01 2.777330577373504639e-01 -4.330324828624725342e-01
-3.527467548847198486e-01 3.839229643344879150e-01 3.949015140533447266e-01
-2.286058962345123291e-01 -1.543959081172943115e-01 7.018805742263793945e-01
5.287159681320190430e-01 -8.027781248092651367e-01 5.320622026920318604e-02
8.834815025329589844e-01 -1.752250194549560547e-01 -6.148380637168884277e-01
-7.872118949890136719e-01 6.410602331161499023e-01 8.267412781715393066e-01
-5.967503190040588379e-01 4.913685098290443420e-02 1.260574907064437866e-01
9.458032846450805664e-01 8.930675387382507324e-01 6.021997928619384766e-01
8.692559599876403809e-01 -7.712340354919433594e-01 -4.364806115627288818e-01
-4.645113945007324219e-01 -9.357571005821228027e-01 2.155556231737136841e-01
-8.150703310966491699e-01 1.192442178726196289e-01 -2.202848345041275024e-01
9.687694311141967773e-01 -9.203736186027526855e-01 8.201985955238342285e-01
-4.505144357681274414e-01 6.471109986305236816e-01 -8.458153605461120605e-01
-3.091341853141784668e-01 -3.535207509994506836e-01 -8.986503481864929199e-01
4.672628045082092285e-01 1.011442914605140686e-01 -7.038077712059020996e-01
-7.292256951332092285e-01 4.970905482769012451e-01 -5.129199028015136719e-01
-6.989272832870483398e-01 -8.710761666297912598e-01 2.723304927349090576e-01
-5.980286598205566406e-01 -5.379427671432495117e-01 -5.449505522847175598e-02
-5.133220553398132324e-01 -5.997893214225769043e-01 -9.921074509620666504e-01
-9.366973638534545898e-01 5.908498167991638184e-01 -6.964770555496215820e-01
-4.789719879627227783e-01 -7.723049074411392212e-02 8.891586065292358398e-01
6.411280035972595215e-01 -8.595933914184570312e-01 7.913960218429565430e-01
1.503357738256454468e-01 9.593542218208312988e-01 -1.967373788356781006e-01
-9.449405670166015625e-01 4.034313857555389404e-01 4.730496108531951904e-01
4.700565040111541748e-01 -9.389570951461791992e-01 -8.793079853057861328e-01
-3.889887630939483643e-01 -5.882579088211059570e-01 -9.345431923866271973e-01
-4.883131086826324463e-01 -8.821814060211181641e-01 3.258224949240684509e-02
-7.613506913185119629e-01 4.617623388767242432e-01 -1.364489197731018066e-01
-7.368483543395996094e-01 7.381752133369445801e-01 5.142387747764587402e-01
-2.679722011089324951e-01 9.897079318761825562e-02 7.304835915565490723e-01
-6.008701920509338379e-01 8.187769651412963867e-01 -6.769672967493534088e-03
3.774585127830505371e-01 -8.659122586250305176e-01 -5.849251151084899902e-01
9.898399114608764648e-01 -9.914354681968688965e-01 -9.786664247512817383e-01
-5.286231637001037598e-01 -9.490402340888977051e-01 -6.857532858848571777e-01
8.202855587005615234e-01 8.757168650627136230e-01 -8.007014989852905273e-01
-6.075090765953063965e-01 4.973017573356628418e-01 -7.067899107933044434e-01
7.806445360183715820e-01 9.629970788955688477e-01 -7.359997630119323730e-01
7.660342454910278320e-01 6.429483890533447266e-01 -8.533040285110473633e-01
4.769161343574523926e-01 3.255927264690399170e-01 -7.074015736579895020e-01
1.901616007089614868e-01 5.317133665084838867e-01 -3.563002943992614746e-01
7.842667698860168457e-01 9.550626873970031738e-01 -8.249160647392272949e-01
-4.200856089591979980e-01 8.345122337341308594e-01 -6.424624323844909668e-01
7.642750144004821777e-01 5.114772915840148926e-01 -5.306146144866943359e-01
3.258797824382781982e-01 -7.831027507781982422e-01 -7.543463110923767090e-01
3.441119492053985596e-01 2.492724210023880005e-01 5.787596702575683594e-01
9.054442644119262695e-01 1.492424607276916504e-01 8.026003837585449219e-01
6.669620275497436523e-01 6.222613900899887085e-02 -8.112855553627014160e-01
2.257800549268722534e-01 -5.134276151657104492e-01 -3.839768171310424805e-01
-5.670868754386901855e-01 -9.812147617340087891e-01 -2.241665124893188477e-02
-7.448490858078002930e-01 6.257330179214477539e-01 4.522953033447265625e-01
4.429562091827392578e-01 -2.717487812042236328e-01 -4.681467115879058838e-01
-4.106693565845489502e-01 1.299745291471481323e-01 2.192104458808898926e-01
-7.656302452087402344e-01 4.541729092597961426e-01 9.030093550682067871e-01
-1.817028522491455078e-01 6.972448229789733887e-01 4.965348541736602783e-01
-3.109821975231170654e-01 -1.321053951978683472e-01 9.033637642860412598e-01
4.312107264995574951e-01 -1.950339078903198242e-01 -2.510110437870025635e-01
-1.484037935733795166e-01 5.195127129554748535e-01 -5.588605999946594238e-01
-5.163484215736389160e-01 9.854723215103149414e-01 -8.659008145332336426e-01
1.221929416060447693e-01 3.304391503334045410e-01 -3.941704034805297852e-01
6.979041695594787598e-01 7.665397226810455322e-02 8.253531903028488159e-02
-2.121499739587306976e-02 6.843253374099731445e-01 -3.764544427394866943e-01
-8.939762711524963379e-01 -6.064269319176673889e-02 -5.534669756889343262e-01
-3.442311584949493408e-01 -2.412747740745544434e-01 2.766618132591247559e-01
-5.121075510978698730e-01 6.118939518928527832e-01 -5.892937779426574707e-01
-8.717985153198242188e-01 -7.409312129020690918e-01 4.099863767623901367e-01
6.999548673629760742e-01 -9.874264001846313477e-01 -4.359743893146514893e-01
-6.351484060287475586e-01 -4.863199889659881592e-01 -8.498609662055969238e-01
-5.055150389671325684e-01 4.966933280229568481e-03 2.667509391903877258e-02
4.606820046901702881e-01 9.833961129188537598e-01 7.307495474815368652e-01
-8.666342496871948242e-01 1.780854314565658569e-01 4.303531348705291748e-01
-3.072344660758972168e-01 -9.751154780387878418e-01 -6.844756603240966797e-01
-3.995684087276458740e-01 8.937137126922607422e-01 -6.718840003013610840e-01
-8.400754928588867188e-01 -7.622525095939636230e-01 3.522630929946899414e-01
-6.456156969070434570e-01 -9.545257687568664551e-01 4.028922617435455322e-01
6.840181946754455566e-01 -9.976269602775573730e-01 -4.111571609973907471e-01
2.481644749641418457e-01 1.486198157072067261e-01 6.598461270332336426e-01
-8.219402432441711426e-01 -1.994402110576629639e-01 8.164935111999511719e-01
-3.444390296936035156e-01 7.950004935264587402e-01 -5.975320339202880859e-01
7.814158797264099121e-01 -3.315407633781433105e-01 -4.717021286487579346e-01
-2.591840624809265137e-01 3.294315934181213379e-01 -3.085085153579711914e-01
-8.895482420921325684e-01 7.334639132022857666e-02 -6.347282528877258301e-01
-4.592985510826110840e-01 -9.053546786308288574e-01 -4.784421324729919434e-01
8.193296790122985840e-01 6.042105555534362793e-01 -8.000546097755432129e-01
4.517471194267272949e-01 -7.908052951097488403e-02 -2.844508588314056396e-01
-8.882948160171508789e-01 1.326356232166290283e-01 9.061804413795471191e-01
6.040696501731872559e-01 6.334412693977355957e-01 -5.184749364852905273e-01
4.835333228111267090e-01 -9.500948190689086914e-01 -6.496691107749938965e-01
7.176571488380432129e-01 9.632644057273864746e-01 -3.056006431579589844e-01
-5.974386930465698242e-01 2.830284237861633301e-01 3.997080028057098389e-01
-5.169183015823364258e-01 -7.333364337682723999e-02 -9.887954592704772949e-01
-7.149624824523925781e-01 4.115887582302093506e-01 -8.584701418876647949e-01
-9.489840865135192871e-01 -4.208237528800964355e-01 -4.384918212890625000e-01
-7.220299243927001953e-01 4.087420403957366943e-01 -8.060402274131774902e-01
3.967125415802001953e-01 -3.459944427013397217e-01 4.469123482704162598e-01
8.377617597579956055e-01 -7.190396785736083984e-01 -3.142521977424621582e-01
-7.905394434928894043e-01 -7.676949501037597656e-01 4.201121628284454346e-01
4.531930088996887207e-01 -8.433881998062133789e-01 -2.325579524040222168e-01
9.585924148559570312e-01 6.458040475845336914e-01 3.413121998310089111e-01
-4.808138012886047363e-01 -8.561434149742126465e-01 3.002282679080963135e-01
-7.489217519760131836e-01 6.098785400390625000e-01 -8.383737206459045410e-01
4.640911519527435303e-01 5.617477893829345703e-01 -5.838169455528259277e-01
-6.328322291374206543e-01 -8.450800180435180664e-01 3.995231688022613525e-01
-2.238664627075195312e-01 -2.225510030984878540e-01 8.237158656120300293e-01
-2.414457798004150391e-01 -9.644330143928527832e-01 -5.584356188774108887e-01
3.314223289489746094e-01 -7.865137457847595215e-01 2.737652063369750977e-01
-3.323680162429809570e-01 9.661092758178710938e-01 -8.371914029121398926e-01
7.629869580268859863e-01 -3.717316687107086182e-01 9.659169912338256836e-01
-1.968493461608886719e-01 1.045290604233741760e-01 7.490670084953308105e-01
-4.282723665237426758e-01 -1.425018757581710815e-01 -8.989782929420471191e-01
-1.395414024591445923e-01 -7.347475886344909668e-01 -4.987556934356689453e-01
-3.518824577331542969e-01 7.051153182983398438e-01 -9.138191342353820801e-01
-7.600011825561523438e-01 7.527166008949279785e-01 -2.515573799610137939e-01
-8.961200714111328125e-01 6.356077790260314941e-01 4.585021436214447021e-01
1.782797574996948242e-01 9.641970992088317871e-01 -2.808833718299865723e-01
-2.975038886070251465e-01 -5.158128738403320312e-01 -8.979556560516357422e-01
5.524041056632995605e-01 -4.919763803482055664e-01 -6.458867788314819336e-01
8.711243867874145508e-01 2.119601666927337646e-01 -7.535203695297241211e-01
-1.512869745492935181e-01 -7.592812180519104004e-01 2.021466381847858429e-02
3.137886226177215576e-01 5.244881510734558105e-01 -6.208602190017700195e-01
5.181183815002441406e-01 -4.571242034435272217e-01 7.907369732856750488e-01
-4.071332514286041260e-01 -5.154380202293395996e-01 3.384588360786437988e-01
-5.522806048393249512e-01 5.754852294921875000e-01 5.465595722198486328e-01
-7.224829196929931641e-01 1.623911559581756592e-01 7.647319436073303223e-01
-6.443803310394287109e-01 -9.287984967231750488e-01 -7.803975939750671387e-01
5.658599734306335449e-01 -9.982571601867675781e-01 9.548718929290771484e-01
6.355050206184387207e-01 5.881580114364624023e-01 -9.440912604331970215e-01
6.910256147384643555e-01 -3.065459728240966797e-01 -5.445942282676696777e-01
1.828399598598480225e-01 8.479031920433044434e-01 -5.564373135566711426e-01
9.335693120956420898e-01 1.524332910776138306e-01 -4.568893611431121826e-01
9.393740296363830566e-01 6.663482785224914551e-01 3.322235345840454102e-01
7.283910512924194336e-01 -2.917665541172027588e-01 9.389167428016662598e-01
4.534051418304443359e-01 -8.300424814224243164e-01 -4.875682890415191650e-01
8.149183392524719238e-01 3.296450376510620117e-01 2.624501883983612061e-01
7.042293548583984375e-01 -7.930665016174316406e-01 -3.751854300498962402e-01
1.256296187639236450e-01 9.256889224052429199e-01 -2.599199712276458740e-01
8.747341632843017578e-01 -8.629617691040039062e-01 -6.454671025276184082e-01
3.399922549724578857e-01 -4.926403611898422241e-02 8.544050455093383789e-01
2.870772480964660645e-01 -6.382846236228942871e-01 1.872958540916442871e-01
-6.630084514617919922e-01 -9.229562878608703613e-01 3.379604816436767578e-01
-7.951756715774536133e-01 -2.818291783332824707e-01 -9.932384490966796875e-01
-4.330699741840362549e-01 -9.899604320526123047e-01 2.838365500792860985e-03
-2.533846497535705566e-01 -4.976648837327957153e-03 -3.404947519302368164e-01
4.181602895259857178e-01 -8.512456417083740234e-01 -3.050700128078460693e-01
-6.145555377006530762e-01 4.607146978378295898e-01 -9.900501370429992676e-01
-9.622128009796142578e-01 -5.503614544868469238e-01 9.097273945808410645e-01
-8.965836763381958008e-01 -7.191566824913024902e-01 4.074088633060455322e-01
6.430454850196838379e-01 -9.957651495933532715e-01 -7.658247947692871094e-01
-8.237636685371398926e-01 5.382083058357238770e-01 5.001479983329772949e-01
9.460459351539611816e-01 9.462783932685852051e-01 -1.982681304216384888e-01
4.026677012443542480e-01 3.366098180413246155e-02 -6.503822207450866699e-01
-7.943737506866455078e-01 3.494463264942169189e-01 -7.097175717353820801e-01
-5.468121170997619629e-01 -8.884682655334472656e-01 3.298773169517517090e-01
7.340535521507263184e-01 6.244289278984069824e-01 -9.118126630783081055e-01
7.085954546928405762e-01 -4.890333712100982666e-01 9.435155391693115234e-01
-7.754101157188415527e-01 4.472687840461730957e-01 6.027082800865173340e-01
-3.925011456012725830e-01 9.095817804336547852e-01 -9.113261699676513672e-01
-8.649244308471679688e-01 -6.501735746860504150e-02 -8.192867040634155273e-01
-2.305910289287567139e-01 -6.386504322290420532e-02 -2.500395774841308594e-01
2.431977987289428711e-01 2.409772388637065887e-02 8.312445878982543945e-01
-4.238868951797485352e-01 -5.949227809906005859e-01 3.995680809020996094e-01
-6.731410026550292969e-01 8.699519187211990356e-02 2.407753467559814453e-01
8.012092113494873047e-01 1.281539350748062134e-01 -3.599615097045898438e-01
-2.709984481334686279e-01 4.833062589168548584e-01 -5.611129999160766602e-01
9.572448134422302246e-01 9.527927041053771973e-01 -3.864379823207855225e-01
-3.904742896556854248e-01 -8.014775514602661133e-01 -7.339120507240295410e-01
6.917871236801147461e-01 4.764557778835296631e-01 -2.054028511047363281e-01
-6.655557751655578613e-01 -3.243727982044219971e-01 4.198767840862274170e-01
1.655229032039642334e-01 6.199286580085754395e-01 -3.414748013019561768e-01
9.422736763954162598e-01 9.159539937973022461e-01 -8.559427261352539062e-01
-5.318239927291870117e-01 -3.115223906934261322e-02 -1.715652346611022949e-01
-4.125560820102691650e-01 -4.816061258316040039e-01 -9.332844614982604980e-01
3.427356779575347900e-01 -5.139857530593872070e-01 4.000101611018180847e-02
-4.219676256179809570e-01 6.902738809585571289e-01 -5.865431427955627441e-01
-6.356325149536132812e-01 -1.865243613719940186e-01 -5.908021926879882812e-01
5.118144154548645020e-01 -7.575926929712295532e-02 -2.987098991870880127e-01
-4.701736569404602051e-01 -6.246050000190734863e-01 -9.008905887603759766e-01
9.631361365318298340e-01 8.101896047592163086e-01 5.264647603034973145e-01
7.570297718048095703e-01 1.834758520126342773e-01 -3.198343813419342041e-01
9.723271727561950684e-01 -8.673554062843322754e-01 -6.466982364654541016e-01
-6.980957984924316406e-01 -8.682373166084289551e-01 3.704012334346771240e-01
5.279006361961364746e-01 1.093664988875389099e-01 8.585584163665771484e-02
2.569845020771026611e-01 6.168456077575683594e-01 -2.267563343048095703e-01
-2.494567483663558960e-01 8.180441856384277344e-01 -4.739081859588623047e-01
-5.265132784843444824e-01 6.277417540550231934e-01 2.274691760540008545e-01
-6.717448830604553223e-01 3.651306405663490295e-02 1.706938743591308594e-01
-6.272495985031127930e-01 7.289099097251892090e-01 7.141623497009277344e-01
-3.251719176769256592e-01 9.277340769767761230e-01 -7.472656965255737305e-01
5.346471071243286133e-01 -4.316415786743164062e-01 9.334351420402526855e-01
9.242326021194458008e-01 8.393881916999816895e-01 -7.919858098030090332e-01
1.537252217531204224e-01 4.045864045619964600e-01 2.280082255601882935e-01
-6.735488772392272949e-01 2.146405577659606934e-01 7.592861056327819824e-01
1.049408502876758575e-02 -2.002877369523048401e-02 3.915412425994873047e-01
-7.811328172683715820e-01 7.988783121109008789e-01 4.053162038326263428e-01
7.781602740287780762e-01 -7.327064871788024902e-01 -2.790466547012329102e-01
-5.283915996551513672e-01 5.005892515182495117e-01 -6.855499148368835449e-01
-4.609450995922088623e-01 -2.305577099323272705e-01 9.250639677047729492e-01
5.573050379753112793e-01 -7.371598482131958008e-01 1.327807754278182983e-01
6.702972054481506348e-01 -3.050888180732727051e-01 -3.753302395343780518e-01
5.501314997673034668e-01 -8.864117264747619629e-01 -8.554983735084533691e-01
7.721363902091979980e-01 -6.501011848449707031e-01 -3.988066315650939941e-01
4.721902608871459961e-01 -4.271759390830993652e-01 -9.900850653648376465e-01
6.581757664680480957e-01 -8.027805089950561523e-01 -7.437806725502014160e-01
7.274293303489685059e-01 6.004569530487060547e-01 -2.176543474197387695e-01
-3.131503164768218994e-01 5.161418914794921875e-01 8.865494132041931152e-01
5.062153935432434082e-01 -8.718592524528503418e-01 -5.227802395820617676e-01
-3.289366662502288818e-01 4.133157432079315186e-02 4.169262945652008057e-02
1.837538368999958038e-02 -7.390315532684326172e-01 9.212970733642578125e-01
-4.823890924453735352e-01 -3.119831681251525879e-01 9.637579321861267090e-01
-3.038349449634552002e-01 -9.419203400611877441e-01 -5.916892886161804199e-01
-9.035488963127136230e-01 3.497870266437530518e-01 8.932978510856628418e-01
-3.019164800643920898e-01 9.938982874155044556e-02 2.271228432655334473e-01
-6.876601576805114746e-01 3.914268910884857178e-01 -9.327081441879272461e-01
-1.329248100519180298e-01 5.732797384262084961e-01 -4.651179909706115723e-01
-3.544168174266815186e-01 9.079334139823913574e-01 -9.756252169609069824e-01
-3.142879605293273926e-01 -2.183093875646591187e-01 -9.615870714187622070e-01
3.382477164268493652e-01 -7.886946797370910645e-01 4.817923009395599365e-01
-5.104835033416748047e-01 4.172054529190063477e-01 -9.505058526992797852e-01
-9.439910948276519775e-02 -1.649542599916458130e-01 -7.949811220169067383e-01
8.016972541809082031e-01 3.723526373505592346e-02 -5.046572685241699219e-01
7.468076348304748535e-01 1.387343406677246094e-01 1.065894439816474915e-01
4.963271617889404297e-01 -6.465196609497070312e-01 -2.142381370067596436e-01
-8.318892717361450195e-01 6.731713414192199707e-01 -2.165685892105102539e-01
-4.118801653385162354e-01 8.219296336174011230e-01 2.731144614517688751e-02
7.693746089935302734e-01 5.650353431701660156e-01 5.072747468948364258e-01
7.789085507392883301e-01 3.978355526924133301e-01 -4.703739583492279053e-01
2.685377933084964752e-02 3.123335838317871094e-01 2.531882226467132568e-01
5.160703659057617188e-01 -4.697906672954559326e-01 -4.981967434287071228e-02
-2.864541709423065186e-01 -7.850751876831054688e-01 1.135504394769668579e-01
-9.313764572143554688e-01 6.234452128410339355e-01 7.778465151786804199e-01
-5.337810516357421875e-01 8.762979507446289062e-01 -3.831546520814299583e-03
-6.364419460296630859e-01 7.758246064186096191e-01 7.216619253158569336e-01
1.812090873718261719e-01 8.039116263389587402e-01 6.306599974632263184e-01
9.316312074661254883e-01 -3.023593723773956299e-01 -5.603445172309875488e-01
-3.602913022041320801e-01 -3.770842403173446655e-02 1.279143840074539185e-01
2.059714645147323608e-01 5.865040421485900879e-01 -8.423863649368286133e-01
-2.570405006408691406e-01 5.094147920608520508e-01 6.201719045639038086e-01
-5.878168344497680664e-01 3.421041369438171387e-01 2.511324919760227203e-02
-4.667264223098754883e-01 4.464477300643920898e-03 9.225312620401382446e-02
9.926876425743103027e-01 -2.681530117988586426e-01 -5.417433381080627441e-01
4.318024814128875732e-01 -6.745179891586303711e-01 1.557273417711257935e-01
-2.808891832828521729e-01 -8.505942225456237793e-01 1.585281938314437866e-01
7.145214676856994629e-01 7.321343421936035156e-01 -8.678753972053527832e-01
-5.233412384986877441e-01 6.249164938926696777e-01 5.061840415000915527e-01
9.649892449378967285e-01 5.794931948184967041e-02 -4.343569278717041016e-01
-8.854356408119201660e-02 -3.099398016929626465e-01 -9.002590179443359375e-01
9.726885557174682617e-01 9.271783828735351562e-01 -4.057069420814514160e-01
-1.733870208263397217e-01 4.678158462047576904e-01 2.497997283935546875e-01
-4.308531284332275391e-01 4.186696931719779968e-02 1.060003042221069336e-01
9.805169701576232910e-01 9.286720752716064453e-01 -2.394035905599594116e-01
-6.215183734893798828e-01 -6.159599423408508301e-01 -9.730271100997924805e-01
2.902566194534301758e-01 8.190712928771972656e-01 -8.166680932044982910e-01
9.012187719345092773e-01 7.937179803848266602e-01 -3.633589744567871094e-01
8.567195534706115723e-01 5.430828928947448730e-01 2.385005354881286621e-01
-8.507168292999267578e-01 7.562164664268493652e-01 -2.161902487277984619e-01
8.761289119720458984e-01 7.738104462623596191e-02 -4.405737221240997314e-01
-3.436477184295654297e-01 -8.808946609497070312e-01 -4.362559020519256592e-01
-3.263594508171081543e-01 -8.750214576721191406e-01 2.644654214382171631e-01
-3.310152888298034668e-01 8.732164502143859863e-01 -9.319922327995300293e-01
-2.964332699775695801e-01 6.174336671829223633e-01 -4.857661426067352295e-01
8.218575716018676758e-01 5.729057267308235168e-02 -5.498121380805969238e-01
2.686000168323516846e-01 -4.389116913080215454e-02 9.801958799362182617e-01
7.421362400054931641e-01 1.992050856351852417e-01 -3.697137236595153809e-01
9.694607853889465332e-01 2.809836864471435547e-01 7.736948132514953613e-01
-6.355445981025695801e-01 1.855759620666503906e-01 3.018952608108520508e-01
-8.228577375411987305e-01 5.650550127029418945e-01 8.675435185432434082e-01
7.369713783264160156e-01 4.211515784263610840e-01 -8.708481192588806152e-01
-8.340739011764526367e-01 9.845953434705734253e-02 -2.576335370540618896e-01
-5.410389900207519531e-01 3.157744109630584717e-01 4.940338730812072754e-01
-1.113976631313562393e-02 -7.859103083610534668e-01 9.198736548423767090e-01
9.388131499290466309e-01 8.347746729850769043e-01 -2.002286463975906372e-01
9.472613334655761719e-01 -8.649017214775085449e-01 8.551350235939025879e-01
-8.536266684532165527e-01 4.075967893004417419e-02 -9.233809709548950195e-01
-6.899149417877197266e-01 -5.304296314716339111e-02 -9.508761763572692871e-01
-8.519716262817382812e-01 3.217352926731109619e-01 -5.431296229362487793e-01
-3.784082233905792236e-01 -1.629841178655624390e-01 -9.031175374984741211e-01
6.744061708450317383e-01 4.557461440563201904e-01 -3.075788617134094238e-01
3.504181504249572754e-01 -7.983918786048889160e-01 -8.950977921485900879e-01
-9.885742068290710449e-01 -1.468221694231033325e-01 -6.999301910400390625e-01
-6.866415739059448242e-01 2.751913368701934814e-01 -5.891522765159606934e-01
6.846972554922103882e-02 9.897269010543823242e-01 -2.171439975500106812e-01
-8.317337632179260254e-01 6.635528206825256348e-01 -1.564525067806243896e-01
-3.489451706409454346e-01 8.478581309318542480e-01 -6.476550698280334473e-01
-8.352258801460266113e-01 3.582810759544372559e-01 -7.352918386459350586e-01
-6.968764066696166992e-01 -2.441503107547760010e-01 -9.845839738845825195e-01
-5.103953182697296143e-02 6.011583805084228516e-01 -6.742459535598754883e-01
-3.200329542160034180e-01 -4.960229098796844482e-01 2.780428230762481689e-01
-8.237892389297485352e-01 7.243546843528747559e-01 -2.261754721403121948e-01
-3.322621285915374756e-01 -5.790075659751892090e-01 -9.104555249214172363e-01
-1.289285868406295776e-01 -7.715104818344116211e-01 7.927441000938415527e-01
3.880994319915771484e-01 -6.745139956474304199e-01 -3.006998002529144287e-01
-7.994262576103210449e-01 -1.447768658399581909e-01 -4.844049811363220215e-01
4.291590452194213867e-01 -3.820823431015014648e-01 9.911213070154190063e-03
6.418376564979553223e-01 -5.468240380287170410e-01 -4.200792312622070312e-01
5.685151219367980957e-01 4.132795035839080811e-01 2.764142155647277832e-01
-2.312111109495162964e-01 -8.615471124649047852e-01 1.881611794233322144e-01
3.748232722282409668e-01 -8.195536136627197266e-01 -1.709342375397682190e-02
-2.905304431915283203e-01 3.577812314033508301e-01 3.189548850059509277e-01
4.117287695407867432e-01 5.896075963973999023e-01 -5.076554417610168457e-01
-1.421334594488143921e-01 8.707576245069503784e-02 -9.691225886344909668e-01
-7.340061068534851074e-01 3.086465597152709961e-01 9.744549393653869629e-01
-8.028017878532409668e-01 2.355750203132629395e-01 -5.422585010528564453e-01
7.164955884218215942e-02 -3.747984468936920166e-01 -7.002202272415161133e-01
-8.161260485649108887e-01 3.843192756175994873e-01 7.509473562240600586e-01
2.318472117185592651e-01 -3.497186303138732910e-01 3.269277215003967285e-01
7.342039346694946289e-01 -7.609736323356628418e-01 9.001437425613403320e-01
-7.538769245147705078e-01 4.276024699211120605e-01 -3.291647434234619141e-01
4.750542938709259033e-01 3.201198875904083252e-01 -4.058890342712402344e-01
-3.496817052364349365e-01 -5.840145349502563477e-01 5.856970548629760742e-01
3.939437568187713623e-01 4.321917891502380371e-01 -2.773939967155456543e-01
8.022941946983337402e-01 5.921756625175476074e-01 3.503198027610778809e-01
-8.480057120323181152e-01 -1.188963055610656738e-01 -4.090500175952911377e-01
-3.200719356536865234e-01 3.624822199344635010e-01 7.841013669967651367e-01
2.592436671257019043e-01 -1.578109152615070343e-02 -5.410046577453613281e-01
9.217019081115722656e-01 5.832365155220031738e-01 4.596321284770965576e-01
6.990465521812438965e-01 -2.961402758955955505e-02 -6.190884709358215332e-01
-6.564319133758544922e-01 -1.685978099703788757e-02 -9.859472513198852539e-01
-6.789342761039733887e-01 4.396521151065826416e-01 -9.752427935600280762e-01
3.858657479286193848e-01 3.777416348457336426e-01 -5.786797404289245605e-01
8.823276758193969727e-01 3.428127169609069824e-01 -5.747836232185363770e-01
5.897396206855773926e-01 -7.886794209480285645e-01 -3.655866682529449463e-01
6.921234130859375000e-01 -3.481369614601135254e-01 7.717518210411071777e-01
1.962993592023849487e-01 -5.535145998001098633e-01 2.926396727561950684e-01
-3.871616721153259277e-01 8.678095340728759766e-01 -7.622957825660705566e-01
3.746514320373535156e-01 -7.119832038879394531e-01 1.892218440771102905e-01
-5.788243412971496582e-01 8.018523454666137695e-01 1.792009547352790833e-02
-5.433310270309448242e-01 -4.650510251522064209e-01 7.678921222686767578e-01
9.705463647842407227e-01 1.047211140394210815e-01 -9.594088196754455566e-01
1.452664285898208618e-01 5.218341946601867676e-01 -3.211316764354705811e-01
-7.904649376869201660e-01 5.928341150283813477e-01 -6.933390498161315918e-01
8.748348355293273926e-01 -5.710272118449211121e-02 1.324177235364913940e-01
6.562860608100891113e-01 -7.102436423301696777e-01 -4.158214628696441650e-01
-9.373925924301147461e-01 1.976688057184219360e-01 -2.289989143610000610e-01
-6.206639409065246582e-01 3.613388836383819580e-01 4.172675907611846924e-01
-6.342918872833251953e-01 3.395851254463195801e-01 -4.012583196163177490e-01
-5.514726042747497559e-01 -6.380514502525329590e-01 -9.963525533676147461e-01
-7.504717707633972168e-01 9.034692049026489258e-01 6.879172921180725098e-01
6.553752422332763672e-01 4.249378442764282227e-01 -7.517566680908203125e-01
5.005199909210205078e-01 -6.200615763664245605e-01 1.002815961837768555e-01
-7.518061995506286621e-02 2.607429325580596924e-01 8.365426063537597656e-01
1.021392568945884705e-01 9.602558612823486328e-01 -7.890174388885498047e-01
-7.188395857810974121e-01 5.282494425773620605e-01 -9.122666120529174805e-01
-8.024902939796447754e-01 7.306693196296691895e-01 -2.842782437801361084e-01
-2.505932450294494629e-01 9.397888779640197754e-01 -3.555247485637664795e-01
-4.159520566463470459e-01 -4.320067465305328369e-01 3.222851455211639404e-01
9.709327816963195801e-01 -2.443147599697113037e-01 3.873109519481658936e-01
-4.838095307350158691e-01 -1.291907727718353271e-01 -9.896505475044250488e-01
9.166868329048156738e-01 3.012387640774250031e-02 8.998283743858337402e-02
1.979190260171890259e-01 -4.592192471027374268e-01 2.679856121540069580e-01
-2.265304177999496460e-01 -2.534460723400115967e-01 -9.277495741844177246e-01
-5.478439927101135254e-01 -2.634726762771606445e-01 -9.890437722206115723e-01
8.136361837387084961e-01 2.019983977079391479e-01 8.324389457702636719e-01
6.329659819602966309e-01 -3.271859586238861084e-01 -9.640271663665771484e-01
7.434926629066467285e-01 6.630660295486450195e-01 -4.562988281250000000e-01
6.280863285064697266e-01 -5.993937849998474121e-01 -3.722601830959320068e-01
-6.337307095527648926e-01 -8.724544644355773926e-01 5.712146162986755371e-01
-1.363578438758850098e-01 -7.827757000923156738e-01 1.852033426985144615e-03
6.368848681449890137e-01 -6.455957889556884766e-01 -1.659124344587326050e-01
-9.365510940551757812e-01 4.799121916294097900e-01 -6.839727163314819336e-01
-4.588412940502166748e-01 3.683369457721710205e-01 5.877793431282043457e-01
4.534474909305572510e-01 -8.478398919105529785e-01 5.531333759427070618e-02
-7.274546027183532715e-01 -2.510412037372589111e-01 -9.140386581420898438e-01
-5.708636641502380371e-01 6.671633720397949219e-01 -8.938953280448913574e-01
5.123555660247802734e-01 -2.087951153516769409e-01 -6.483078002929687500e-01
4.610837697982788086e-01 -9.606395959854125977e-01 -7.310435771942138672e-01
-5.001323819160461426e-01 -2.978929281234741211e-01 -9.890772104263305664e-01
8.524001240730285645e-01 9.695326089859008789e-01 -8.427278399467468262e-01
7.959567904472351074e-01 3.362508118152618408e-02 -4.111351370811462402e-01
-6.801075339317321777e-01 6.359399855136871338e-02 -9.009263515472412109e-01
-2.390128970146179199e-01 3.668666183948516846e-01 1.757665276527404785e-01
9.001082777976989746e-01 1.054077371954917908e-01 8.155921101570129395e-01
-9.249856472015380859e-01 5.472424626350402832e-01 9.445151686668395996e-01
-7.905646562576293945e-01 -8.123891949653625488e-01 3.722759783267974854e-01
-3.828537166118621826e-01 5.676264166831970215e-01 6.410595178604125977e-01
6.416329145431518555e-01 9.134544730186462402e-01 -8.499597907066345215e-01
9.648920893669128418e-01 -9.937263727188110352e-01 9.306607842445373535e-01
-8.512563705444335938e-01 5.375929474830627441e-01 -6.814376115798950195e-01
-2.245312780141830444e-01 8.418134450912475586e-01 -2.755354046821594238e-01
-8.791679739952087402e-01 8.715851604938507080e-02 -4.156674146652221680e-01
1.615691483020782471e-01 9.011502265930175781e-01 -3.971703946590423584e-01
1.694168895483016968e-01 6.142003536224365234e-01 3.095770478248596191e-01
4.971587359905242920e-01 -9.973074793815612793e-01 -8.863545060157775879e-01
8.153203725814819336e-01 7.470309138298034668e-01 -2.195458114147186279e-01
-5.046245455741882324e-01 -6.644638776779174805e-01 -7.526016235351562500e-01
-1.536673754453659058e-01 -3.356311842799186707e-02 7.757318615913391113e-01
-5.238232016563415527e-01 -6.865739226341247559e-01 3.516499102115631104e-01
-6.854838132858276367e-01 -3.330161869525909424e-01 4.876020848751068115e-01
4.768271148204803467e-01 -5.540253520011901855e-01 7.348599433898925781e-01
-4.080476164817810059e-01 -6.968625187873840332e-01 -9.793752431869506836e-01
8.860743604600429535e-03 -6.236485242843627930e-01 -4.749749898910522461e-01
-8.790030479431152344e-01 5.196101069450378418e-01 -4.826596081256866455e-01
-8.305974006652832031e-01 3.374571204185485840e-01 -8.388060927391052246e-01
8.486087322235107422e-01 6.937797069549560547e-01 2.971647679805755615e-01
8.247902393341064453e-01 6.621018052101135254e-02 -7.078034281730651855e-01
-7.392470240592956543e-01 7.118225693702697754e-01 4.521663486957550049e-01
9.429147839546203613e-01 7.940549403429031372e-02 -3.519867360591888428e-01
-1.461710482835769653e-01 7.417126893997192383e-01 -9.612635970115661621e-01
8.234688639640808105e-01 -9.923051595687866211e-01 -8.850780725479125977e-01
-5.978750586509704590e-01 7.706578969955444336e-01 -2.313743345439434052e-02
-8.564347624778747559e-01 5.713002085685729980e-01 -6.686310172080993652e-01
-5.602459311485290527e-01 7.574017047882080078e-01 8.041035532951354980e-01
-2.059134691953659058e-01 -9.233858585357666016e-01 -5.500885844230651855e-01
8.790102005004882812e-01 -9.452694654464721680e-01 -8.226220607757568359e-01
3.183226287364959717e-01 -1.014883965253829956e-01 9.464651346206665039e-01
8.539316654205322266e-01 1.319561302661895752e-01 -5.110890865325927734e-01
3.899479508399963379e-01 5.436889082193374634e-02 -7.178378701210021973e-01
4.605603516101837158e-01 3.473131060600280762e-01 -5.442937612533569336e-01
8.830891847610473633e-01 -9.629248976707458496e-01 8.852664232254028320e-01
-6.174233555793762207e-01 -6.358218193054199219e-02 7.248655557632446289e-01
-1.147930920124053955e-01 -8.654039502143859863e-01 1.435836404561996460e-01
-4.500962495803833008e-01 -1.368385851383209229e-01 9.269762039184570312e-01
-9.274110794067382812e-01 -7.871042191982269287e-02 -8.499221205711364746e-01
9.773710370063781738e-01 -7.716655731201171875e-02 2.739164829254150391e-01
-5.129934549331665039e-01 -8.625550270080566406e-01 2.513116002082824707e-01
-4.975952208042144775e-01 -5.733631849288940430e-01 -7.199952006340026855e-01
4.929317235946655273e-01 -9.523800760507583618e-02 1.772734969854354858e-01
4.229632616043090820e-01 -8.739899992942810059e-01 -6.343687176704406738e-01
-2.627283334732055664e-01 4.943493902683258057e-01 7.982743978500366211e-01
1.826528757810592651e-01 8.572030067443847656e-01 -4.956554770469665527e-01
9.894561171531677246e-01 2.078439295291900635e-01 -9.568369388580322266e-01
-4.423573017120361328e-01 -7.529856264591217041e-02 -8.506557345390319824e-01
-3.323924243450164795e-01 -9.165824055671691895e-01 5.979228019714355469e-02
-8.307606577873229980e-01 -9.816576838493347168e-01 8.996401429176330566e-01
-2.535710632801055908e-01 8.473563790321350098e-01 -2.824750244617462158e-01
-9.517677873373031616e-02 -6.711525917053222656e-01 7.307991385459899902e-01
-7.030786275863647461e-01 -3.552310764789581299e-01 -9.965671896934509277e-01
-3.002958297729492188e-01 5.964047089219093323e-02 7.965969443321228027e-01
-8.389557003974914551e-01 -5.428226590156555176e-01 -9.811180233955383301e-01
-1.180616244673728943e-01 -3.415639996528625488e-01 -6.828490495681762695e-01
-8.641967773437500000e-01 7.572900056838989258e-01 9.132044911384582520e-01
7.801474332809448242e-01 -4.059066474437713623e-01 4.094701111316680908e-01
6.933169364929199219e-01 -8.068063855171203613e-01 -8.643976449966430664e-01
-9.877330660820007324e-01 1.332882940769195557e-01 8.309038877487182617e-01
5.731659382581710815e-02 9.826368689537048340e-01 -8.371779918670654297e-01
-8.133799433708190918e-01 5.336235165596008301e-01 -3.553221225738525391e-01
1.113169863820075989e-01 6.658374667167663574e-01 -5.628048777580261230e-01
2.948509156703948975e-01 7.903075218200683594e-01 3.064789474010467529e-01
-2.815686762332916260e-01 9.317408204078674316e-01 -9.328387379646301270e-01
6.762413978576660156e-01 5.223907232284545898e-01 -8.793706893920898438e-01
8.352332711219787598e-01 5.360330939292907715e-01 -5.644980072975158691e-01
-8.932869434356689453e-01 8.329502493143081665e-02 3.148519992828369141e-01
5.674270987510681152e-01 4.337138235569000244e-01 -5.707144141197204590e-01
7.970892786979675293e-01 -9.602604508399963379e-01 -5.948816537857055664e-01
-9.824427962303161621e-02 -2.835453748703002930e-01 4.729081988334655762e-01
-7.988572865724563599e-02 -4.603439271450042725e-01 5.770925879478454590e-01
-7.726099491119384766e-01 9.322536587715148926e-01 9.601786136627197266e-01
-3.153264224529266357e-01 8.714228272438049316e-01 -9.558848738670349121e-01
1.483059078454971313e-01 -5.290446281433105469e-01 -7.598702907562255859e-01
8.402698636054992676e-01 6.482698917388916016e-01 -8.302172422409057617e-01
-4.670502841472625732e-01 -3.614425361156463623e-01 -1.347782090306282043e-02
9.327386021614074707e-01 5.417384579777717590e-02 -4.318844377994537354e-01
4.672273993492126465e-01 -4.971908777952194214e-02 -6.559182405471801758e-01
1.734121441841125488e-01 -7.500917911529541016e-01 -5.879616737365722656e-01
-4.613309502601623535e-01 7.806051373481750488e-01 -7.466419339179992676e-01
-3.318085968494415283e-01 8.605656027793884277e-01 -4.814924597740173340e-01
6.769123077392578125e-01 1.158687844872474670e-01 -4.377408921718597412e-01
-3.839335143566131592e-01 -1.594847738742828369e-01 -9.798835515975952148e-01
5.147945880889892578e-01 7.369236350059509277e-01 -3.414335548877716064e-01
-3.016801178455352783e-01 5.903645157814025879e-01 7.329314947128295898e-02
7.843386530876159668e-01 -2.722657918930053711e-01 -8.202949166297912598e-01
-5.080294609069824219e-01 9.586384147405624390e-02 1.942046731710433960e-01
-5.706552863121032715e-01 2.556151151657104492e-01 6.057339906692504883e-01
2.425996214151382446e-02 2.770760655403137207e-01 -4.238845109939575195e-01
-6.132755279541015625e-01 -3.675802946090698242e-01 5.788375735282897949e-01
-5.392393469810485840e-01 -7.698566913604736328e-01 -9.980171322822570801e-01
-7.973616719245910645e-01 5.026786401867866516e-02 -9.871358275413513184e-01
5.944568514823913574e-01 2.379954606294631958e-01 -2.665860652923583984e-01
-2.672255933284759521e-01 -2.558867335319519043e-01 6.154851317405700684e-01
1.563310921192169189e-01 -4.198038578033447266e-01 8.794561028480529785e-01
-9.453978538513183594e-01 -4.355510771274566650e-01 -5.761817097663879395e-01
9.831266403198242188e-01 9.289453029632568359e-01 -6.875250339508056641e-01
9.010266065597534180e-01 6.604797244071960449e-01 -5.226529240608215332e-01
-7.882309556007385254e-01 2.604037523269653320e-01 1.653139591217041016e-01
-1.336110681295394897e-01 6.673979014158248901e-02 2.823968231678009033e-01
-4.976843893527984619e-01 4.287797510623931885e-01 -8.184017539024353027e-01
7.322211265563964844e-01 9.429425001144409180e-01 -6.109865903854370117e-01
7.855846881866455078e-01 9.902064204216003418e-01 -8.079439401626586914e-01
-2.653931081295013428e-01 7.447957992553710938e-01 6.803650259971618652e-01
-5.189962387084960938e-01 -8.442231416702270508e-01 5.160031318664550781e-01
-9.817850589752197266e-01 2.729774415493011475e-01 -6.521506309509277344e-01
6.421593427658081055e-01 -9.445331096649169922e-01 -3.959245383739471436e-01
9.053779244422912598e-01 9.825136661529541016e-01 -7.154331207275390625e-01
-8.076497316360473633e-01 -4.015110731124877930e-01 9.502203464508056641e-01
-7.151188254356384277e-01 6.352531909942626953e-01 -1.827992200851440430e-01
-7.830043435096740723e-01 -5.829169154167175293e-01 -1.053228788077831268e-02
-3.563479185104370117e-01 -5.730777382850646973e-01 5.288524627685546875e-01
8.014507293701171875e-01 9.700831174850463867e-01 -5.434693694114685059e-01
-6.658807396888732910e-02 -9.820778369903564453e-01 -5.068982243537902832e-01
-4.932296872138977051e-01 -2.798850536346435547e-01 -2.073133885860443115e-01
7.044576406478881836e-01 -1.493990421295166016e-01 -7.491376399993896484e-01
8.440653681755065918e-01 -4.837970137596130371e-01 -1.327929496765136719e-01
2.256353646516799927e-01 -5.363087058067321777e-01 -1.188725084066390991e-01
3.504414260387420654e-01 9.178326725959777832e-01 -3.127279877662658691e-01
-6.060026288032531738e-01 -5.762425661087036133e-01 -9.436801671981811523e-01
2.035492658615112305e-01 -1.873214393854141235e-01 -4.508556127548217773e-01
-7.060652971267700195e-01 -9.068922400474548340e-01 5.293130874633789062e-01
9.007399082183837891e-01 3.211148381233215332e-01 -2.421016804873943329e-03
-6.432554125785827637e-01 6.103162169456481934e-01 -4.566759988665580750e-02
5.584961175918579102e-01 -9.479067325592041016e-01 -9.284636378288269043e-01
9.958742856979370117e-01 9.172417521476745605e-01 -2.975573837757110596e-01
4.288413748145103455e-02 -7.693675756454467773e-01 -6.278968453407287598e-01
-7.495356202125549316e-01 -8.071421086788177490e-02 -9.467277526855468750e-01
-5.127799510955810547e-01 4.878006875514984131e-01 7.529939413070678711e-01
8.257251381874084473e-01 -2.727502286434173584e-01 6.806062459945678711e-01
4.199094474315643311e-01 5.353011488914489746e-01 -8.974727392196655273e-01
-7.794525027275085449e-01 -6.700790524482727051e-01 -5.873056054115295410e-01
9.101725816726684570e-01 1.049015149474143982e-01 -2.904430627822875977e-01
9.088131189346313477e-01 -3.686378598213195801e-01 -6.815003752708435059e-01
9.491064548492431641e-01 -5.582606196403503418e-01 9.026945382356643677e-02
9.838073849678039551e-01 -9.490603804588317871e-01 4.061945080757141113e-01
-7.121521234512329102e-01 -9.613929986953735352e-01 2.641439735889434814e-01
8.637131452560424805e-01 -3.714109957218170166e-01 7.749365568161010742e-01
4.364110827445983887e-01 9.538671970367431641e-01 -7.485278844833374023e-01
9.232423901557922363e-01 -5.413000583648681641e-01 -4.079046845436096191e-01
-6.715142726898193359e-01 7.553230524063110352e-01 -3.916590213775634766e-01
-5.471531152725219727e-01 -7.221309542655944824e-01 2.159989774227142334e-01
-8.476893603801727295e-02 9.767757058143615723e-01 1.207981705665588379e-01
-4.318486452102661133e-01 7.507298588752746582e-01 -7.227685451507568359e-01
-1.447757929563522339e-01 3.914896547794342041e-01 -9.425331950187683105e-01
1.215104460716247559e-01 -4.762786626815795898e-02 5.098325610160827637e-01
-2.116591781377792358e-01 -8.410902619361877441e-01 -3.341278135776519775e-01
-1.898775808513164520e-02 -9.296793341636657715e-01 -1.378431022167205811e-01
-1.245645508170127869e-01 -9.753825068473815918e-01 4.873964190483093262e-01
-4.397349059581756592e-01 7.482469081878662109e-01 -1.055846810340881348e-01
-4.863639473915100098e-01 9.957433938980102539e-01 -2.379063218832015991e-01
-6.971912384033203125e-01 4.339908659458160400e-01 6.124131679534912109e-01
-3.784963488578796387e-01 2.260053008794784546e-01 3.191951513290405273e-01
-7.553751468658447266e-01 -7.302148342132568359e-01 5.434418916702270508e-01
-2.051068246364593506e-01 -2.400751709938049316e-01 -7.844986915588378906e-01
-3.727797567844390869e-01 8.118625879287719727e-01 -2.559515237808227539e-01
-5.226551890373229980e-01 -8.738172054290771484e-01 -8.922188282012939453e-01
2.728344500064849854e-01 6.252748370170593262e-01 -5.226225852966308594e-01
-2.054628543555736542e-02 -8.898265361785888672e-01 -6.953995823860168457e-01
-3.352084159851074219e-01 -3.260118663311004639e-01 8.393399119377136230e-01
1.329107284545898438e-01 -8.742952346801757812e-01 -4.198440015316009521e-01
-1.438888460397720337e-01 9.586662650108337402e-01 -9.708016514778137207e-01
-3.668491840362548828e-01 7.043452262878417969e-01 -6.070007085800170898e-01
-2.178081572055816650e-01 -4.173389673233032227e-01 -1.648104786872863770e-01
9.856393933296203613e-01 -2.804805636405944824e-01 -3.901193290948867798e-02
-8.775182962417602539e-01 5.453020930290222168e-01 -1.166014820337295532e-01
-3.238306045532226562e-01 -9.113944768905639648e-01 1.280391365289688110e-01
4.999073445796966553e-01 -6.763678044080734253e-02 -6.501812934875488281e-01
-7.185174226760864258e-01 5.969368815422058105e-01 -8.468931317329406738e-01
9.775034785270690918e-01 4.268541038036346436e-01 5.112978219985961914e-01
8.140693902969360352e-01 2.167753130197525024e-01 -7.032462358474731445e-01
9.868843108415603638e-02 5.121482014656066895e-01 -9.427535533905029297e-01
-8.941938281059265137e-01 -6.230621933937072754e-01 -6.746730804443359375e-01
-7.158387899398803711e-01 7.374356389045715332e-01 -2.189178615808486938e-01
-7.952845096588134766e-01 1.743020713329315186e-01 -4.147481620311737061e-01
-6.246738433837890625e-01 3.234747946262359619e-01 8.235577344894409180e-01
8.238139748573303223e-01 1.584402173757553101e-01 -4.890374541282653809e-01
2.235225886106491089e-01 -7.751826047897338867e-01 -5.811120271682739258e-01
5.392305254936218262e-01 -2.873102724552154541e-01 6.310663223266601562e-01
-3.526409566402435303e-01 7.425984144210815430e-01 -6.412051320075988770e-01
-9.912892580032348633e-01 -1.992028057575225830e-01 9.801031351089477539e-01
-5.998058915138244629e-01 -2.961702644824981689e-01 -9.602170586585998535e-01
3.757198750972747803e-01 2.730029225349426270e-01 -7.434569001197814941e-01
3.169831633567810059e-01 5.133088827133178711e-01 -5.892108678817749023e-01
7.524542808532714844e-01 7.466078996658325195e-01 -2.578626871109008789e-01
-6.925100684165954590e-01 8.027455806732177734e-01 9.441353082656860352e-01
-4.353609085083007812e-01 6.799948215484619141e-01 -2.917802929878234863e-01
4.375492334365844727e-01 7.151147723197937012e-01 7.735854387283325195e-01
8.833221793174743652e-01 9.356877803802490234e-01 -8.563717603683471680e-01
-9.798060655593872070e-01 4.397957026958465576e-01 -7.127061486244201660e-01
9.106029570102691650e-02 -7.216259241104125977e-01 7.372239232063293457e-01
-7.829006910324096680e-01 7.340797781944274902e-01 -3.878233432769775391e-01
-2.404421269893646240e-01 -5.387473702430725098e-01 -8.999948501586914062e-01
6.501191854476928711e-01 -1.208356991410255432e-01 9.714495539665222168e-01
-5.306988358497619629e-01 7.723618745803833008e-01 8.633058667182922363e-01
-2.750351130962371826e-01 5.662665963172912598e-01 -6.856315732002258301e-01
9.273331165313720703e-01 -1.366436630487442017e-01 7.064265608787536621e-01
-5.323863402009010315e-02 7.503616213798522949e-01 -9.461711049079895020e-01
-6.106771826744079590e-01 -5.863020196557044983e-02 -8.979422450065612793e-01
9.400496482849121094e-01 5.336163640022277832e-01 -7.638280391693115234e-01
-5.866315364837646484e-01 -7.011464834213256836e-01 1.714121699333190918e-01
8.398780822753906250e-01 7.903738021850585938e-01 -7.630829215049743652e-01
9.611387252807617188e-01 2.477287054061889648e-01 2.579137086868286133e-01
9.379401206970214844e-01 7.133249640464782715e-01 -8.087825179100036621e-01
-3.851351439952850342e-01 -9.812473058700561523e-01 -4.887657761573791504e-01
-7.692618966102600098e-01 -2.139840871095657349e-01 7.238534092903137207e-01
-1.554688811302185059e-01 3.815296590328216553e-01 -9.378804564476013184e-01
8.025065064430236816e-02 -2.690614163875579834e-01 4.631874337792396545e-02
-4.278407990932464600e-01 1.032637506723403931e-01 1.104274466633796692e-01
-9.937070310115814209e-02 3.751315474510192871e-01 9.112498164176940918e-01
4.605659246444702148e-01 1.197185367345809937e-01 -4.909076094627380371e-01
-3.587831854820251465e-01 -7.353025674819946289e-01 3.722319900989532471e-01
-4.895393252372741699e-01 8.904222249984741211e-01 -4.549772441387176514e-01
-4.911288917064666748e-01 1.183906868100166321e-01 7.172280550003051758e-01
-1.565958559513092041e-01 -9.505216479301452637e-01 1.303368806838989258e-01
-6.254106760025024414e-01 8.112075924873352051e-01 -2.490720599889755249e-01
-9.537715911865234375e-01 4.432617872953414917e-02 1.657707691192626953e-01
-8.019161224365234375e-01 1.451248824596405029e-01 8.442883938550949097e-02
8.860280513763427734e-01 -3.453644737601280212e-02 -5.178138613700866699e-01
-7.979127168655395508e-01 -6.275410652160644531e-01 -7.059207558631896973e-01
-7.121474146842956543e-01 -7.595393061637878418e-01 1.957207173109054565e-01
-2.049413472414016724e-01 8.239731192588806152e-01 -4.158882498741149902e-01
-8.547309041023254395e-02 5.117073655128479004e-01 -2.488666474819183350e-01
2.866288423538208008e-01 4.815127551555633545e-01 -8.335098028182983398e-01
-2.965641394257545471e-02 -8.876094818115234375e-01 4.636608362197875977e-01
-2.965584769845008850e-02 7.842702269554138184e-01 -5.978037714958190918e-01
-4.501855075359344482e-01 8.572317361831665039e-01 -1.884735822677612305e-01
-3.350557982921600342e-01 6.508538722991943359e-01 6.983008980751037598e-01
8.084528446197509766e-01 1.202221736311912537e-01 -4.907169342041015625e-01
-7.367038130760192871e-01 1.877416670322418213e-01 -6.251215338706970215e-01
-7.233806252479553223e-01 -5.273088216781616211e-01 7.007009983062744141e-01
4.520252943038940430e-01 -4.195490181446075439e-01 -5.515135526657104492e-01
-3.553118705749511719e-01 9.618913531303405762e-01 7.060935348272323608e-02
-8.473992943763732910e-01 1.627325713634490967e-01 1.511058956384658813e-01
7.426528334617614746e-01 -5.451158881187438965e-01 -7.348718643188476562e-01
-1.587419360876083374e-01 3.437047004699707031e-01 -4.951097965240478516e-01
7.700293064117431641e-01 1.745835095643997192e-01 -9.579876661300659180e-01
-4.377291798591613770e-01 -4.735139012336730957e-01 7.371661663055419922e-01
-2.009843438863754272e-01 9.189670085906982422e-01 6.122919172048568726e-02
-5.201451778411865234e-01 5.964753627777099609e-01 -6.036881208419799805e-01
2.976813353598117828e-02 8.733630776405334473e-01 -7.305301427841186523e-01
9.843524098396301270e-01 2.578288018703460693e-01 2.110871970653533936e-01
-8.698613047599792480e-01 -6.893542408943176270e-01 2.652042545378208160e-02
8.172028660774230957e-01 -2.521613836288452148e-01 -1.590403914451599121e-02
8.428012728691101074e-01 8.123369812965393066e-01 -1.904076933860778809e-01
-1.432630270719528198e-01 3.129032626748085022e-02 5.315363407135009766e-01
9.630920290946960449e-01 -1.659091860055923462e-01 -3.918662071228027344e-01
8.439609408378601074e-01 -4.645198881626129150e-01 -4.994035959243774414e-01
-5.865472555160522461e-01 -1.571924984455108643e-01 -3.025713264942169189e-01
2.044613063335418701e-01 -4.237742424011230469e-01 -2.531112432479858398e-01
2.962110042572021484e-01 -5.887829065322875977e-01 -5.588002800941467285e-01
-5.482715964317321777e-01 8.468666076660156250e-01 -6.828749924898147583e-02
9.163236618041992188e-01 7.419453263282775879e-01 -7.816155552864074707e-01
-6.355961561203002930e-01 -7.973062396049499512e-01 -2.977104485034942627e-01
5.626004934310913086e-01 2.771814465522766113e-01 -6.337978243827819824e-01
-1.925800293684005737e-01 -6.046627163887023926e-01 -8.844678401947021484e-01
-4.221282154321670532e-02 8.222530484199523926e-01 -3.486971855163574219e-01
1.556914001703262329e-01 -1.803429126739501953e-01 6.720753908157348633e-01
8.206294775009155273e-01 6.289399862289428711e-01 -6.527014970779418945e-01
-6.157264709472656250e-01 6.947001814842224121e-01 8.479450345039367676e-01
7.014473676681518555e-01 1.352995485067367554e-01 3.894377648830413818e-01
-5.306454896926879883e-01 3.057322800159454346e-01 -1.893432140350341797e-01
-3.106496334075927734e-01 4.538443386554718018e-01 1.485625654458999634e-01
-9.443584680557250977e-01 -5.709998607635498047e-01 -3.382346034049987793e-01
-9.681428670883178711e-01 -2.760657966136932373e-01 -1.633944511413574219e-01
-2.297112196683883667e-01 -8.510378003120422363e-01 1.530823260545730591e-01
-5.067440867424011230e-01 -3.888516426086425781e-01 4.423231817781925201e-03
-7.665839791297912598e-01 -8.639410138130187988e-01 5.606712698936462402e-01
5.775318741798400879e-01 7.150295376777648926e-01 -5.943018198013305664e-01
1.884515881538391113e-01 4.510993957519531250e-01 -8.452489376068115234e-01
8.088582754135131836e-01 8.224788904190063477e-01 -7.806643247604370117e-01
