5.892171338200569153e-02 -2.156239748001098633e-01 -7.277423143386840820e-02 -1.934753805398941040e-01
2.290049567818641663e-02 1.926259398460388184e-01 -9.410785138607025146e-02 -8.717111498117446899e-02
3.593300655484199524e-02 1.801507920026779175e-01 -1.520190536975860596e-01 -4.635827615857124329e-02
1.642120331525802612e-01 -2.798731923103332520e-01 -7.560768723487854004e-02 -1.308920979499816895e-01
1.151884049177169800e-01 -1.761503517627716064e-02 -2.091444432735443115e-01 3.959665074944496155e-02
1.543642580509185791e-01 1.654952615499496460e-01 -1.729218405671417713e-03 -2.549040913581848145e-01
3.893139585852622986e-02 1.859282702207565308e-01 -1.416410654783248901e-01 -3.812857717275619507e-02
-2.630943059921264648e-02 -2.163925766944885254e-01 -1.064435914158821106e-01 -2.961532585322856903e-02
5.270152539014816284e-02 -2.493774294853210449e-01 -9.714464843273162842e-02 -8.881209045648574829e-02
-2.691180631518363953e-02 2.074987292289733887e-01 -5.491933599114418030e-02 -1.017048135399818420e-01
5.587070435285568237e-02 1.873846203088760376e-01 -1.554102897644042969e-01 -2.180601283907890320e-02
2.821307443082332611e-02 -2.108603417873382568e-01 -7.203512638807296753e-02 -2.347737848758697510e-01
-1.053421013057231903e-02 -1.790936291217803955e-02 -5.564726889133453369e-02 -2.546980977058410645e-01
-4.850313067436218262e-02 -3.139267489314079285e-02 -6.885550916194915771e-02 -2.524348497390747070e-01
-9.660479426383972168e-02 5.613302439451217651e-02 -1.800343990325927734e-01 -1.044044420123100281e-01
4.732424393296241760e-03 -1.964084059000015259e-01 -8.588121086359024048e-02 -1.994869261980056763e-01
9.044334292411804199e-02 2.256934195756912231e-01 -1.004246324300765991e-01 -3.650484979152679443e-02
6.928377598524093628e-02 3.969356790184974670e-02 -2.115786224603652954e-01 2.266126684844493866e-02
3.363714739680290222e-02 9.870067238807678223e-02 -1.799164861440658569e-01 -3.206224367022514343e-02
2.519841492176055908e-02 -8.963961154222488403e-02 -9.830935299396514893e-02 -2.746608853340148926e-01
1.084699258208274841e-01 2.946423888206481934e-01 8.614041656255722046e-02 -1.360303759574890137e-01
1.011243388056755066e-01 2.891958951950073242e-01 -1.493698265403509140e-02 -7.894493639469146729e-02
-3.909027669578790665e-03 1.996029764413833618e-01 -5.906844139099121094e-02 -1.027677804231643677e-01
7.252576202154159546e-02 1.250734627246856689e-01 -5.854460597038269043e-02 -2.629468739032745361e-01
2.160858176648616791e-02 2.204453051090240479e-01 -8.650847524404525757e-02 -8.735504746437072754e-02
3.006681986153125763e-02 2.338242083787918091e-01 -2.322830259799957275e-04 -1.323915272951126099e-01
3.696300461888313293e-02 2.083431482315063477e-01 -1.387651413679122925e-01 -4.224133491516113281e-02
2.009854651987552643e-02 5.488901585340499878e-02 -2.107468247413635254e-01 2.303477376699447632e-02
-7.127200812101364136e-02 2.949435077607631683e-02 -2.216489315032958984e-01 -7.081585377454757690e-02
2.176668643951416016e-01 -2.448924630880355835e-01 -9.540430456399917603e-02 2.209331467747688293e-02
-6.290782243013381958e-02 -1.156975775957107544e-01 -2.172351181507110596e-01 7.312868535518646240e-02
5.174111574888229370e-02 1.761442571878433228e-01 -7.557334750890731812e-02 -8.433593809604644775e-02
5.436844378709793091e-02 1.367615759372711182e-01 -1.784933805465698242e-01 -1.883860118687152863e-02
-2.433012574911117554e-01 9.266687929630279541e-02 -1.122853979468345642e-01 -1.177849546074867249e-01
1.147094741463661194e-02 1.269800867885351181e-02 -7.216402888298034668e-02 -2.863645255565643311e-01
1.688699424266815186e-01 2.352028936147689819e-01 5.881397426128387451e-02 -1.354605406522750854e-01
3.076481446623802185e-02 2.221980243921279907e-01 -1.050201132893562317e-01 -1.819520890712738037e-01
3.547756746411323547e-02 2.273364961147308350e-01 -1.104388833045959473e-01 -4.366083443164825439e-02
1.699579209089279175e-01 -9.548862278461456299e-02 -1.708597540855407715e-01 6.609717011451721191e-02
3.308236598968505859e-01 -2.237457185983657837e-01 -3.113833442330360413e-02 -2.804708853363990784e-02
1.875411532819271088e-02 -1.759528964757919312e-01 -8.548551797866821289e-02 -2.425189316272735596e-01
2.407090812921524048e-01 -1.768575012683868408e-01 -6.636177748441696167e-02 -2.279310226440429688e-01
1.484772861003875732e-01 -1.038729622960090637e-01 -1.108765453100204468e-01 -2.484746575355529785e-01
-1.748827248811721802e-01 3.605661541223526001e-02 -1.987601071596145630e-01 -2.267631329596042633e-02
-1.328771561384201050e-02 9.974181652069091797e-02 -5.788038019090890884e-03 -3.187204897403717041e-01
2.309397906064987183e-01 -1.577567011117935181e-01 -8.667324483394622803e-02 -6.232305243611335754e-02
4.515083134174346924e-02 -1.989381015300750732e-01 -7.105781137943267822e-02 -2.268062829971313477e-01
-1.291245967149734497e-01 5.262632295489311218e-02 -1.467651426792144775e-01 -4.798343870788812637e-03
-5.111308023333549500e-02 -1.889937222003936768e-01 -1.016402021050453186e-01 -1.827076226472854614e-01
6.485706567764282227e-02 2.378667294979095459e-01 -1.097448319196701050e-01 -4.297534003853797913e-02
2.176517695188522339e-01 1.285262107849121094e-01 -1.842787489295005798e-02 -2.158717513084411621e-01
1.469632387161254883e-01 1.452005207538604736e-01 -1.174293681979179382e-01 -3.922151867300271988e-03
1.325683146715164185e-01 -2.453783303499221802e-01 -5.217526853084564209e-02 -2.064148038625717163e-01
1.135961040854454041e-01 5.226219445466995239e-02 -1.067088171839714050e-01 -7.317670434713363647e-02
6.230581179261207581e-02 1.004926189780235291e-01 -1.159491464495658875e-01 -4.829233139753341675e-02
2.546112239360809326e-02 2.207320481538772583e-01 -7.817521691322326660e-02 -8.705424517393112183e-02
1.455280184745788574e-01 1.927914470434188843e-01 -1.229537557810544968e-02 -8.161368221044540405e-02
2.764203958213329315e-02 1.341779679059982300e-01 -1.536977291107177734e-01 -4.731937497854232788e-02
1.586369127035140991e-01 2.537709176540374756e-01 -2.944008819758892059e-02 -1.202089563012123108e-01
-1.596686057746410370e-02 -8.790875971317291260e-02 -7.387082278728485107e-02 -2.764883935451507568e-01
1.045311391353607178e-01 -8.455007523298263550e-02 -9.088674932718276978e-02 -2.890773713588714600e-01
3.454624116420745850e-02 2.439065426588058472e-01 -1.007183194160461426e-01 -4.006769135594367981e-02
1.370961219072341919e-01 -1.546372622251510620e-01 -1.532728075981140137e-01 7.681242376565933228e-02
1.400413960218429565e-01 1.906601786613464355e-01 -9.899634867906570435e-02 -9.032642841339111328e-02
7.273601833730936050e-03 1.273671239614486694e-01 -1.625389009714126587e-01 -3.894622996449470520e-02
5.211346223950386047e-02 2.957154214382171631e-01 9.170806407928466797e-02 -1.210442557930946350e-01
1.812490448355674744e-02 1.185805499553680420e-01 -4.947445704601705074e-04 -2.204778790473937988e-01
1.507508456707000732e-01 -7.352771610021591187e-02 -9.104313701391220093e-02 -1.452326178550720215e-01
8.930386602878570557e-02 -8.948839455842971802e-02 -1.876564025878906250e-01 5.976887047290802002e-02
1.070679798722267151e-01 -2.980585098266601562e-01 -6.292321532964706421e-02 -6.269353628158569336e-02
-7.874771952629089355e-02 1.881064027547836304e-01 -8.837027102708816528e-02 -1.408333629369735718e-01
1.016073375940322876e-01 -8.054918050765991211e-02 -1.476354151964187622e-01 4.021164029836654663e-02
2.080082893371582031e-01 -1.726520955562591553e-01 -1.478199362754821777e-01 8.386438339948654175e-02
-5.555308237671852112e-02 -1.413273662328720093e-01 -1.709693521261215210e-01 -1.191196516156196594e-01
2.966929227113723755e-02 1.035576164722442627e-01 -2.512075752019882202e-02 -1.771090924739837646e-01
8.321313187479972839e-03 8.857062458992004395e-02 -2.006411701440811157e-01 -7.213231176137924194e-02
3.106412291526794434e-01 -2.716675996780395508e-01 -7.845912873744964600e-02 1.174965575337409973e-01
2.245774567127227783e-01 -2.563249170780181885e-01 -7.043883949518203735e-02 1.671689003705978394e-02
2.172810956835746765e-02 1.544576436281204224e-01 -1.247297897934913635e-01 -6.771203875541687012e-02
8.274257183074951172e-02 1.963409334421157837e-01 -1.410876065492630005e-01 -1.315194927155971527e-02
1.949341595172882080e-02 1.067090034484863281e-01 -1.960019469261169434e-01 1.564948470331728458e-03
4.693608358502388000e-02 -2.081776559352874756e-01 -1.357407718896865845e-01 -1.949067860841751099e-01
2.021342515945434570e-01 -1.236091777682304382e-01 -1.717000901699066162e-01 9.884447604417800903e-02
1.995399594306945801e-01 1.961769312620162964e-01 -3.859675955027341843e-03 -1.679591536521911621e-01
-2.322985231876373291e-02 -3.014770895242691040e-02 -1.174900680780410767e-01 -1.094020009040832520e-01
-1.886468008160591125e-02 -1.411084532737731934e-01 -1.694534569978713989e-01 -2.745479810982942581e-03
1.509050279855728149e-01 -2.363416403532028198e-01 -1.206116229295730591e-01 4.954801499843597412e-02
2.082167565822601318e-02 1.574584096670150757e-01 3.264056146144866943e-02 -2.215073108673095703e-01
-6.847773492336273193e-02 8.084439486265182495e-02 -1.752147078514099121e-01 -2.488191612064838409e-02
-1.639216840267181396e-01 1.788929700851440430e-01 1.946551352739334106e-02 -1.874829381704330444e-01
6.837797909975051880e-02 2.072126790881156921e-02 -1.042365431785583496e-01 -2.420013695955276489e-01
1.810091286897659302e-01 -2.608748376369476318e-01 -5.370843783020973206e-02 -1.988353580236434937e-01
-3.870810614898800850e-03 -7.399550080299377441e-02 -8.889550715684890747e-02 -2.876221537590026855e-01
4.472564533352851868e-02 1.235124394297599792e-01 -1.786965280771255493e-01 -2.621765434741973877e-02
2.321005165576934814e-01 -3.009896874427795410e-01 -7.023966312408447266e-02 -4.258160013705492020e-03
-2.766668796539306641e-02 9.061242640018463135e-02 -2.900693565607070923e-02 -2.948773503303527832e-01
1.620991528034210205e-01 -7.405087351799011230e-02 -9.032744169235229492e-02 -2.742435932159423828e-01
2.755715511739253998e-02 2.746133506298065186e-01 -5.760683119297027588e-02 -6.353347748517990112e-02
1.788906194269657135e-02 -1.609887629747390747e-01 -1.666500121355056763e-01 -7.480850815773010254e-02
1.056700199842453003e-01 -2.544288635253906250e-01 -6.346936523914337158e-02 -1.647903621196746826e-01
-5.133686587214469910e-02 2.142821550369262695e-01 3.785256668925285339e-02 -2.037370651960372925e-01
6.058971956372261047e-02 -1.926339864730834961e-01 -8.022092282772064209e-02 -2.570544779300689697e-01
7.679475843906402588e-02 -2.157458215951919556e-01 -7.902703434228897095e-02 -1.850624233484268188e-01
7.530541718006134033e-02 -2.490137815475463867e-01 -6.059341132640838623e-02 -2.023954242467880249e-01
5.445414781570434570e-02 1.714669317007064819e-01 -1.641482263803482056e-01 -2.494211867451667786e-02
-6.712717562913894653e-02 2.612858414649963379e-01 -1.519724726676940918e-02 -1.214149892330169678e-01
3.448496386408805847e-02 1.441500037908554077e-01 -1.321056783199310303e-01 2.078954875469207764e-02
-1.455132756382226944e-02 -1.068845763802528381e-01 -8.018592000007629395e-02 -3.032965660095214844e-01
9.090323001146316528e-02 -2.387738674879074097e-01 -5.383278056979179382e-02 -2.044042497873306274e-01
4.451084882020950317e-02 2.075181156396865845e-01 -1.205372065305709839e-01 -5.265186354517936707e-02
8.030089735984802246e-02 1.790253967046737671e-01 -9.255174547433853149e-03 -2.480470091104507446e-01
1.844347454607486725e-02 9.358872473239898682e-02 -1.979102790355682373e-01 -3.403900191187858582e-03
5.767257884144783020e-02 1.984799057245254517e-01 -1.346588581800460815e-01 -3.213492408394813538e-02
5.082401633262634277e-02 1.641944199800491333e-01 -8.444532006978988647e-02 -8.158260583877563477e-02
-1.188566442579030991e-02 1.225748062133789062e-01 -2.402517385780811310e-02 -2.755565345287322998e-01
-1.925522983074188232e-01 4.449951648712158203e-02 -2.221657186746597290e-01 -1.342689432203769684e-02
6.481797248125076294e-02 -2.285288274288177490e-01 -7.097235321998596191e-02 -2.181294411420822144e-01
5.740891769528388977e-02 -2.451822012662887573e-01 -6.900696456432342529e-02 -2.189975976943969727e-01
1.500861942768096924e-01 4.980664327740669250e-02 -1.481547057628631592e-01 -4.238547384738922119e-02
1.035933033563196659e-03 -2.041121721267700195e-01 -1.017315983772277832e-01 1.102353911846876144e-03
4.116680473089218140e-02 4.241348057985305786e-02 -2.016679793596267700e-01 7.002406753599643707e-03
-1.895471848547458649e-02 -1.240286827087402344e-01 -8.361085504293441772e-02 -2.690557837486267090e-01
1.283085644245147705e-01 -5.090287327766418457e-02 -1.623496860265731812e-01 3.621355816721916199e-02
-2.637311443686485291e-02 7.959474623203277588e-02 -9.079866111278533936e-02 -8.038467168807983398e-02
1.565870456397533417e-02 2.776280045509338379e-01 2.646096237003803253e-02 -1.202757805585861206e-01
2.762668300420045853e-03 -1.386881619691848755e-01 -9.147483110427856445e-02 -2.549066245555877686e-01
1.291117519140243530e-01 -9.761916100978851318e-02 -1.735407412052154541e-01 2.171486429870128632e-02
1.969460248947143555e-01 -7.298225164413452148e-02 -1.680499315261840820e-01 8.079851418733596802e-02
3.217865154147148132e-02 1.560683548450469971e-01 -1.519199013710021973e-01 -4.365069791674613953e-02
-2.026496455073356628e-02 1.240474581718444824e-01 5.255001038312911987e-02 -3.009817302227020264e-01
2.528761327266693115e-01 -3.205317258834838867e-01 -5.254425480961799622e-02 3.419944643974304199e-02
3.927202522754669189e-02 1.580716222524642944e-01 -1.661338806152343750e-01 -2.797445841133594513e-02
8.789961040019989014e-02 1.509516388177871704e-01 -1.446654051542282104e-01 -2.849002741277217865e-02
-1.238436996936798096e-02 2.360203415155410767e-01 1.389935892075300217e-02 -1.930737644433975220e-01
9.012722223997116089e-02 1.737402826547622681e-01 -1.515665799379348755e-01 -1.431267894804477692e-02
1.719307601451873779e-01 2.701377868652343750e-01 -1.328027434647083282e-02 -1.270485371351242065e-01
4.551540315151214600e-02 1.296139359474182129e-01 -1.725597828626632690e-01 -3.066731430590152740e-02
2.097511887550354004e-01 -3.096327483654022217e-01 -3.136573359370231628e-02 -1.199999898672103882e-01
-1.022757291793823242e-01 -1.571636945009231567e-01 -1.358852535486221313e-01 -2.019859701395034790e-01
2.603898942470550537e-01 1.536250859498977661e-01 -9.238554537296295166e-02 -9.525616466999053955e-02
-1.988706886768341064e-01 5.600376054644584656e-02 -1.636466234922409058e-01 -1.362666673958301544e-02
6.440322846174240112e-02 1.535145938396453857e-01 -1.729880869388580322e-01 -1.530868187546730042e-02
-3.505707252770662308e-03 -1.369116008281707764e-01 -8.744931221008300781e-02 -2.954687178134918213e-01
-5.378948897123336792e-02 -1.054829284548759460e-01 -1.309678852558135986e-01 -2.647973597049713135e-01
1.064425781369209290e-01 -1.525021046400070190e-01 -1.606492251157760620e-01 6.344296038150787354e-02
7.144247647374868393e-03 -7.544972747564315796e-02 -7.796674221754074097e-02 -2.817884683609008789e-01
1.567355841398239136e-01 2.637453377246856689e-01 -6.967245601117610931e-03 -1.228032484650611877e-01
-4.550547152757644653e-02 -3.647305769845843315e-03 -7.692407816648483276e-02 -2.401695251464843750e-01
8.188752830028533936e-02 3.482744842767715454e-02 -2.058539688587188721e-01 2.330681309103965759e-02
-3.911034017801284790e-02 -2.216059416532516479e-01 -1.085022985935211182e-01 8.472755551338195801e-03
7.686486840248107910e-02 -2.024731338024139404e-01 -8.271732181310653687e-02 -1.966636031866073608e-01
1.882192865014076233e-02 2.349443584680557251e-01 1.033670827746391296e-01 -2.508692443370819092e-01
2.273890748620033264e-02 1.894254833459854126e-01 -1.231983825564384460e-01 -6.526568531990051270e-02
1.753323972225189209e-01 2.267811000347137451e-01 2.337840385735034943e-02 -1.969338506460189819e-01
-6.273470818996429443e-02 -1.648125350475311279e-01 -1.416862905025482178e-01 -1.605193018913269043e-01
5.780151113867759705e-02 -2.013353556394577026e-01 -8.375859260559082031e-02 -1.785992383956909180e-01
-2.872237004339694977e-02 -1.321673840284347534e-01 -1.088414043188095093e-01 -2.612254321575164795e-01
2.131771594285964966e-01 1.152348294854164124e-01 -7.067164778709411621e-02 -3.672260418534278870e-02
-5.238036438822746277e-02 -6.406354904174804688e-02 -1.184097081422805786e-01 -2.635946869850158691e-01
-1.925141178071498871e-02 4.769677296280860901e-02 -6.462722271680831909e-02 -3.035501837730407715e-01
-1.288505494594573975e-01 1.922262758016586304e-01 -1.091115996241569519e-01 -3.295311704277992249e-02
-2.745705191045999527e-03 2.586387656629085541e-02 -2.235636711120605469e-01 -1.515497080981731415e-02
1.764072626829147339e-01 -2.022390663623809814e-01 -1.222736164927482605e-01 6.880114972591400146e-02
-1.372569985687732697e-02 2.251936197280883789e-01 1.345588117837905884e-01 -2.438508123159408569e-01
-2.136556059122085571e-02 -7.680619508028030396e-02 -1.070721670985221863e-01 -1.591218709945678711e-01
-8.543071150779724121e-02 1.531858593225479126e-01 1.415199600160121918e-03 -2.418812811374664307e-01
6.123236939311027527e-02 7.738559693098068237e-02 -3.835431113839149475e-02 -2.900775671005249023e-01
2.406182885169982910e-01 -2.675979435443878174e-01 -8.940938860177993774e-02 8.489269018173217773e-02
1.647036373615264893e-01 2.354142516851425171e-01 4.396073892712593079e-02 -1.803965717554092407e-01
-1.073364242911338806e-01 -2.391934543848037720e-01 -1.586219072341918945e-01 -3.462219238281250000e-02
-1.038743332028388977e-01 -1.954564005136489868e-01 -1.154503971338272095e-01 -3.192958980798721313e-02
-1.277148276567459106e-01 -1.508899927139282227e-01 -1.546109914779663086e-01 -1.640760302543640137e-01
1.548242419958114624e-01 -2.783769369125366211e-01 -6.118217483162879944e-02 -1.739213317632675171e-01
6.809677928686141968e-02 -1.216218061745166779e-02 -1.810325980186462402e-01 -5.240641999989748001e-03
1.362232770770788193e-02 -1.344979107379913330e-01 -7.517496496438980103e-02 -1.820807456970214844e-01
7.349085807800292969e-02 -2.125482857227325439e-01 -8.279020339250564575e-02 -1.636679023504257202e-01
