3.159345313906669617e-02 -1.074912678450345993e-02 1.290786266326904297e-01 -5.349562689661979675e-02 1.997332870960235596e-01
-6.314436346292495728e-02 -8.473857492208480835e-02 3.000157512724399567e-02 3.691374510526657104e-02 -1.143827587366104126e-01
-7.786726206541061401e-02 -1.420930922031402588e-01 1.250346377491950989e-02 8.209145069122314453e-02 -9.665152430534362793e-02
1.041129678487777710e-01 -4.900935664772987366e-02 2.157132178544998169e-01 6.939761340618133545e-02 2.232459336519241333e-01
-3.176584839820861816e-02 -2.359446436166763306e-01 -3.735889866948127747e-02 2.846018597483634949e-02 5.771604925394058228e-02
-1.359553933143615723e-01 -1.239895238541066647e-03 2.717842161655426025e-01 1.216011680662631989e-02 -1.029279269278049469e-02
-6.932574510574340820e-02 -1.467247903347015381e-01 5.853444337844848633e-03 5.112490057945251465e-02 -1.081256419420242310e-01
1.008387207984924316e-01 -5.765226483345031738e-02 -8.610852807760238647e-02 -2.693072333931922913e-02 1.312509328126907349e-01
9.380374103784561157e-02 -4.522696137428283691e-02 6.656180322170257568e-02 3.505000472068786621e-02 1.783948391675949097e-01
-3.849995136260986328e-02 -2.570205181837081909e-02 -2.850726014003157616e-03 3.500523418188095093e-02 -1.470915973186492920e-01
-7.505194842815399170e-02 -1.711365729570388794e-01 1.241512876003980637e-02 6.605433672666549683e-02 -1.050385683774948120e-01
5.556105170398950577e-03 2.449727058410644531e-02 1.285689175128936768e-01 -4.822091758251190186e-02 2.084502279758453369e-01
-9.431233257055282593e-02 5.092281103134155273e-02 4.648752883076667786e-02 -1.355159282684326172e-01 9.979921579360961914e-02
-8.996162563562393188e-02 7.066592574119567871e-02 7.253199350088834763e-03 -1.045934334397315979e-01 1.030109301209449768e-01
-8.050181716680526733e-02 -2.561440132558345795e-02 -1.317887157201766968e-01 8.696864545345306396e-02 2.559898421168327332e-03
9.566520340740680695e-03 1.285318285226821899e-02 7.305850833654403687e-02 -4.636134207248687744e-02 1.870595812797546387e-01
-6.217424198985099792e-02 -1.615447998046875000e-01 7.549206167459487915e-02 3.276718035340309143e-02 -1.423469036817550659e-01
-5.835390836000442505e-02 -2.154383361339569092e-01 -6.717018783092498779e-02 2.384026534855365753e-02 1.712513901293277740e-02
-7.626053690910339355e-02 -1.605243831872940063e-01 -4.683236405253410339e-02 1.184534188359975815e-02 -2.630663849413394928e-02
-9.356512129306793213e-02 3.085960820317268372e-02 1.299408674240112305e-01 -2.756092138588428497e-02 1.717342734336853027e-01
-1.119617186486721039e-02 -9.454988874495029449e-03 2.147374451160430908e-01 4.480839520692825317e-02 -2.116556018590927124e-01
-3.400072827935218811e-02 -9.579262882471084595e-02 1.819965839385986328e-01 1.173671931028366089e-01 -2.044799178838729858e-01
-4.627387598156929016e-02 -4.318847507238388062e-02 1.258308719843626022e-02 9.708114899694919586e-03 -1.328323185443878174e-01
-1.450242549180984497e-01 2.904153987765312195e-02 1.965067833662033081e-01 8.449953049421310425e-02 2.247518301010131836e-02
-5.835790187120437622e-02 -7.786294817924499512e-02 5.743107199668884277e-02 9.719824790954589844e-02 -1.404573917388916016e-01
-3.871311992406845093e-02 -1.218579709529876709e-02 9.380272030830383301e-02 3.279984742403030396e-02 -1.573255062103271484e-01
-7.012898474931716919e-02 -1.395137310028076172e-01 2.947409823536872864e-02 1.058318093419075012e-01 -1.267360597848892212e-01
-5.427682027220726013e-02 -1.901781708002090454e-01 -1.232001930475234985e-01 1.751210168004035950e-02 -7.305469829589128494e-03
-8.296220004558563232e-02 -7.058189809322357178e-02 -1.250292360782623291e-01 1.461641043424606323e-01 2.972979098558425903e-02
1.509020626544952393e-01 -1.658347994089126587e-01 1.308420598506927490e-01 4.666816070675849915e-02 1.616644114255905151e-01
4.952695965766906738e-02 -1.332735121250152588e-01 -2.424087375402450562e-01 7.219314575195312500e-02 6.228752806782722473e-02
-6.242435798048973083e-02 -1.005837917327880859e-01 2.735432051122188568e-02 -6.327070295810699463e-02 -1.008227765560150146e-01
-8.132692426443099976e-02 -1.809174418449401855e-01 -1.915140263736248016e-02 3.860125318169593811e-02 -5.612701550126075745e-02
-2.502345293760299683e-02 9.737320989370346069e-02 -2.767546772956848145e-01 9.833633899688720703e-03 -8.292134106159210205e-02
-1.278480738401412964e-01 5.959933623671531677e-02 1.151778101921081543e-01 -3.193981200456619263e-02 1.019226983189582825e-01
-4.935633391141891479e-02 -7.076740264892578125e-02 2.017077505588531494e-01 -1.442503035068511963e-01 -1.404095739126205444e-01
-1.111466214060783386e-01 -1.999451406300067902e-02 1.856973618268966675e-01 3.015725016593933105e-01 -8.973913639783859253e-02
-5.403982102870941162e-02 -1.278556883335113525e-01 3.826672956347465515e-02 8.357623219490051270e-02 -1.532386094331741333e-01
4.027625918388366699e-02 -2.489005029201507568e-01 -5.325565114617347717e-03 -1.641376316547393799e-02 8.877313137054443359e-02
1.459373533725738525e-01 -1.963729709386825562e-01 2.522741556167602539e-01 -1.022302731871604919e-01 1.775802373886108398e-01
-2.531234174966812134e-02 2.685709297657012939e-02 1.149428263306617737e-01 -4.096208885312080383e-02 1.974321752786636353e-01
-2.192791784182190895e-03 -8.513262867927551270e-02 3.090949952602386475e-01 -7.670689374208450317e-02 2.256163954734802246e-01
-8.088117837905883789e-02 -5.172690749168395996e-02 2.410566508769989014e-01 -4.702826030552387238e-03 1.974236965179443359e-01
-2.542087249457836151e-02 -3.985577076673507690e-02 -2.957558035850524902e-01 1.326413359493017197e-02 -3.244889155030250549e-02
-1.377636045217514038e-01 1.560838073492050171e-01 1.326771378517150879e-01 6.665616482496261597e-02 3.185788914561271667e-02
5.696774646639823914e-02 -1.765484958887100220e-01 1.670322567224502563e-01 -9.122905135154724121e-02 1.588040143251419067e-01
2.972869668155908585e-03 9.622753597795963287e-03 1.342872679233551025e-01 -6.106451526284217834e-02 2.030962705612182617e-01
-1.749020186252892017e-03 -7.516073435544967651e-02 -2.852946519851684570e-01 -1.608340144157409668e-01 -6.024949252605438232e-02
8.087516762316226959e-03 2.933995798230171204e-02 1.565723330713808537e-03 -2.661769092082977295e-02 1.714552640914916992e-01
-6.107001006603240967e-02 -1.437615603208541870e-01 7.940130680799484253e-02 1.063378378748893738e-01 -1.543592363595962524e-01
-1.313158422708511353e-01 -9.824570268392562866e-02 2.792353928089141846e-01 -1.466726064682006836e-01 2.103576809167861938e-02
-7.045264542102813721e-02 -2.314452528953552246e-01 3.551510721445083618e-02 -1.355746388435363770e-01 -6.307266652584075928e-02
5.395589023828506470e-02 -2.490408159792423248e-02 2.189674079418182373e-01 -4.764926061034202576e-02 2.253370285034179688e-01
-6.117833033204078674e-02 -1.704811006784439087e-01 3.410818800330162048e-02 -1.867135912179946899e-01 1.977900974452495575e-02
-5.886638164520263672e-02 -1.551846563816070557e-01 -3.329141438007354736e-02 -1.493794918060302734e-01 -3.706797584891319275e-02
-5.460109189152717590e-02 -7.952167838811874390e-02 5.628755316138267517e-02 7.009918987751007080e-02 -1.431238204240798950e-01
-5.511679127812385559e-02 -1.368042826652526855e-01 1.046222448348999023e-01 -1.996527910232543945e-01 -1.106761768460273743e-01
-7.366571575403213501e-02 -1.399896740913391113e-01 -3.023358434438705444e-02 4.766434896737337112e-03 -5.978163331747055054e-02
-8.073151856660842896e-02 -1.093584895133972168e-01 2.370679974555969238e-01 8.216504752635955811e-02 -1.356097161769866943e-01
-8.439289778470993042e-02 6.032156571745872498e-02 7.637524604797363281e-02 -8.870351314544677734e-02 1.561386883258819580e-01
-1.049992591142654419e-01 -3.775101853534579277e-03 2.235497832298278809e-01 -3.640298172831535339e-02 1.893407404422760010e-01
-4.631878435611724854e-02 -1.248598024249076843e-01 4.939254373311996460e-02 1.031415984034538269e-01 -1.722530126571655273e-01
9.458952397108078003e-02 -2.131878882646560669e-01 -3.363313898444175720e-02 6.998156895861029625e-04 9.968280792236328125e-02
-9.547757357358932495e-02 -1.586417257785797119e-01 1.536581069231033325e-01 1.675565540790557861e-02 -7.719822973012924194e-02
-6.925818324089050293e-02 -1.361096799373626709e-01 -6.321075558662414551e-02 8.470035158097743988e-03 -6.036310270428657532e-02
1.312204916030168533e-02 1.265441160649061203e-02 1.503669023513793945e-01 3.520246595144271851e-02 -2.342828065156936646e-01
-8.123349398374557495e-02 4.369273781776428223e-02 6.382331997156143188e-02 -1.343988329172134399e-01 -2.855891361832618713e-02
-3.694295883178710938e-02 -1.270378232002258301e-01 1.363981664180755615e-01 -1.508040130138397217e-01 1.343850940465927124e-01
3.162748366594314575e-02 -2.105464637279510498e-01 -8.281816542148590088e-02 4.152484238147735596e-03 7.580367475748062134e-02
1.527158915996551514e-01 -5.496251210570335388e-02 1.212214976549148560e-01 4.380777105689048767e-02 1.911051571369171143e-01
-6.789887696504592896e-02 2.807703800499439240e-02 -1.532085333019495010e-02 1.626702249050140381e-01 -1.139478310942649841e-01
3.497342765331268311e-02 -2.117133289575576782e-01 -6.709591299295425415e-02 -1.112122163176536560e-01 6.946992129087448120e-02
1.097820028662681580e-01 -2.341733872890472412e-01 4.059552028775215149e-02 3.769730031490325928e-02 1.168171018362045288e-01
-1.530003268271684647e-02 -1.363859698176383972e-02 -5.721370503306388855e-02 9.343191981315612793e-02 1.417123079299926758e-01
-6.998176872730255127e-02 -1.343459263443946838e-02 3.125825896859169006e-02 -1.896037608385086060e-01 -2.578486315906047821e-02
-1.001173481345176697e-01 -1.188485473394393921e-01 -2.261553891003131866e-02 1.269815117120742798e-01 -6.968266097828745842e-04
2.248836755752563477e-01 -2.292718887329101562e-01 1.484522074460983276e-01 7.300759106874465942e-02 1.465620994567871094e-01
1.682197600603103638e-01 -1.579020470380783081e-01 1.407393813133239746e-01 1.635497063398361206e-02 1.640747338533401489e-01
-6.813639402389526367e-02 -1.126688420772552490e-01 -1.394585985690355301e-02 -8.395649492740631104e-03 -8.060973882675170898e-02
-7.172253727912902832e-02 -1.883468031883239746e-01 3.085074573755264282e-02 3.309609368443489075e-02 -1.136334165930747986e-01
-6.900812685489654541e-02 -1.769280284643173218e-01 -8.934813737869262695e-02 2.965520508587360382e-02 -4.358366876840591431e-02
-2.695390023291110992e-03 5.004330887459218502e-04 1.362730562686920166e-01 1.152661442756652832e-01 2.135868966579437256e-01
7.440098375082015991e-02 -2.675305008888244629e-01 2.036456950008869171e-03 1.462136115878820419e-02 9.483242779970169067e-02
-1.029103770852088928e-01 -1.020400449633598328e-01 2.547826170921325684e-01 -8.697854727506637573e-02 -6.495913863182067871e-02
-3.902360051870346069e-02 -5.812855064868927002e-02 -8.618982881307601929e-02 -1.325381696224212646e-01 6.294860690832138062e-02
4.450183734297752380e-02 -1.021943017840385437e-01 -1.265081018209457397e-01 2.522532083094120026e-02 1.001984700560569763e-01
1.464577615261077881e-01 -1.572662591934204102e-01 4.235064983367919922e-02 7.191050797700881958e-02 1.399779766798019409e-01
-6.988296657800674438e-02 6.698352843523025513e-02 8.433943241834640503e-02 -9.990164637565612793e-02 -6.812378764152526855e-02
-4.650423303246498108e-02 -1.025199890136718750e-01 -1.813082098960876465e-01 -2.616395056247711182e-02 -4.577998816967010498e-02
-2.298462204635143280e-02 1.635022163391113281e-01 -9.697636216878890991e-02 5.330400541424751282e-02 -1.378381997346878052e-01
-1.260601431131362915e-01 -2.040417306125164032e-02 1.472410112619400024e-01 -1.391914766281843185e-02 1.000515222549438477e-01
6.976898014545440674e-02 -3.782153874635696411e-02 2.667270898818969727e-01 -1.034503243863582611e-02 2.368637621402740479e-01
-1.028172373771667480e-01 5.911540240049362183e-02 1.048166081309318542e-01 -3.638537228107452393e-02 1.594954580068588257e-01
-7.982920855283737183e-02 -1.705273687839508057e-01 -3.040308505296707153e-02 3.031356073915958405e-02 -4.568064957857131958e-02
1.831148713827133179e-01 -1.184693872928619385e-01 1.912748962640762329e-01 1.074439287185668945e-01 1.947596818208694458e-01
-1.287393122911453247e-01 1.302996724843978882e-01 9.594256430864334106e-02 4.654619097709655762e-02 2.977951988577842712e-02
-1.037598401308059692e-01 -4.837483167648315430e-02 2.653530240058898926e-01 -5.623897165060043335e-02 1.888669133186340332e-01
-2.810475416481494904e-02 -8.659633249044418335e-02 9.301117062568664551e-02 1.443943232297897339e-01 -2.051092088222503662e-01
1.684453338384628296e-02 -6.874547898769378662e-02 -1.068446319550275803e-02 9.234526753425598145e-02 1.464646309614181519e-01
7.446282356977462769e-02 -2.753412164747714996e-02 1.708532124757766724e-01 -1.274474430829286575e-02 2.116393595933914185e-01
-4.252368211746215820e-02 1.156224384903907776e-01 6.296105682849884033e-02 8.959192782640457153e-02 -1.382224410772323608e-01
-2.027735114097595215e-02 1.766786910593509674e-02 1.758601367473602295e-01 -2.864023856818675995e-02 2.170550376176834106e-01
3.391021862626075745e-02 -2.262545190751552582e-02 1.425862312316894531e-01 -3.646588325500488281e-02 2.012095153331756592e-01
5.258261784911155701e-02 -1.730656367726624012e-03 1.663048267364501953e-01 -3.362965956330299377e-02 2.174813449382781982e-01
-7.953966408967971802e-02 -1.719966232776641846e-01 5.551057867705821991e-03 6.255191564559936523e-02 -8.811531960964202881e-02
-1.223807409405708313e-02 3.060704842209815979e-02 4.225238785147666931e-02 1.768043786287307739e-01 -2.045292854309082031e-01
-3.620785847306251526e-02 -1.868314743041992188e-01 -1.106697395443916321e-01 -1.397485136985778809e-01 -1.016835495829582214e-01
-9.295355528593063354e-02 7.796031981706619263e-02 1.102577522397041321e-01 -4.354577139019966125e-02 1.798894852399826050e-01
4.766004532575607300e-02 -1.107788179069757462e-02 1.756020933389663696e-01 -5.950220301747322083e-02 2.146999835968017578e-01
-6.623210757970809937e-02 -1.312269568443298340e-01 3.940872102975845337e-02 7.194940000772476196e-02 -1.265587806701660156e-01
-1.195488125085830688e-01 4.251106083393096924e-02 2.112606912851333618e-01 8.826790004968643188e-02 -4.104176908731460571e-02
-6.918414682149887085e-02 -1.730955988168716431e-01 -8.972266316413879395e-02 2.839092165231704712e-02 -3.127080947160720825e-02
-6.900617480278015137e-02 -1.592617630958557129e-01 2.674911357462406158e-02 5.095287784934043884e-02 -1.179473325610160828e-01
-6.505752354860305786e-02 -1.065976768732070923e-01 1.700414717197418213e-02 -7.226483523845672607e-02 -8.905583620071411133e-02
-1.203969195485115051e-01 1.101391762495040894e-01 1.099523901939392090e-01 6.306393444538116455e-02 -1.940832822583615780e-03
-3.131928667426109314e-02 -3.898384422063827515e-02 -3.099838495254516602e-01 7.861182093620300293e-02 -3.865849226713180542e-02
2.576676011085510254e-02 4.871016833931207657e-03 1.608426421880722046e-01 -2.984889596700668335e-02 2.154667824506759644e-01
3.622666373848915100e-02 1.366279181092977524e-02 1.635095179080963135e-01 -1.396084576845169067e-02 2.213038057088851929e-01
-7.345531880855560303e-02 -2.159078866243362427e-01 6.378598511219024658e-02 -9.336397796869277954e-02 3.395475447177886963e-02
1.112753003835678101e-01 -9.349635243415832520e-02 -9.141376614570617676e-02 -6.407830119132995605e-02 1.166373267769813538e-01
-5.669973045587539673e-02 -1.896875649690628052e-01 -8.711757510900497437e-02 5.165291950106620789e-03 1.060682628303766251e-02
-6.657446920871734619e-02 5.695215240120887756e-02 7.895810157060623169e-02 -6.235137954354286194e-02 1.750964522361755371e-01
6.118357181549072266e-03 -2.313261628150939941e-01 -3.473453968763351440e-02 -8.387614786624908447e-02 6.571897119283676147e-02
-3.785989806056022644e-02 -7.211445271968841553e-02 -1.122435927391052246e-01 -1.901925802230834961e-01 -4.154753684997558594e-02
-1.203810423612594604e-02 1.992126228287816048e-03 1.174442321062088013e-01 1.115518435835838318e-01 -2.099766433238983154e-01
-5.435094237327575684e-02 3.464736789464950562e-02 9.748605638742446899e-02 -4.922414571046829224e-02 1.831826865673065186e-01
2.098352275788784027e-02 -2.033893465995788574e-01 -4.727842286229133606e-03 5.804502870887517929e-03 9.970977157354354858e-02
3.374551609158515930e-02 -2.802288234233856201e-01 2.035585232079029083e-03 -5.312198400497436523e-02 7.650334388017654419e-02
-7.401669770479202271e-02 -1.439416706562042236e-01 -1.511381193995475769e-02 3.019622527062892914e-02 -7.853651791810989380e-02
-9.859797358512878418e-02 1.693060696125030518e-01 9.587600827217102051e-02 -4.890486225485801697e-02 -1.956499926745891571e-02
2.234063297510147095e-01 -1.351406276226043701e-01 1.891076266765594482e-01 1.043475568294525146e-01 1.868487596511840820e-01
-7.673443108797073364e-02 -1.618329882621765137e-01 -1.636639796197414398e-02 5.139151215553283691e-02 -7.913833856582641602e-02
-7.612350583076477051e-02 -1.865171194076538086e-01 2.021651528775691986e-02 -2.490516379475593567e-02 -6.762374937534332275e-02
-5.291438102722167969e-02 7.095547020435333252e-02 1.253257244825363159e-01 1.623311042785644531e-01 -1.439107507467269897e-01
-7.731460034847259521e-02 -1.969102472066879272e-01 2.770414017140865326e-02 1.532013621181249619e-02 -8.844632655382156372e-02
-7.839169353246688843e-02 -1.016018092632293701e-01 2.692487239837646484e-01 1.128924190998077393e-01 -1.478664726018905640e-01
-7.992577552795410156e-02 -1.668806523084640503e-01 -2.386278472840785980e-02 2.735861949622631073e-02 -5.042076483368873596e-02
1.498233675956726074e-01 -5.974178761243820190e-02 2.572781443595886230e-01 1.724672317504882812e-02 2.274079620838165283e-01
-3.291384503245353699e-02 6.390503048896789551e-02 -4.010538011789321899e-02 5.104855820536613464e-02 1.640055030584335327e-01
-1.274664103984832764e-01 -2.316474616527557373e-01 2.521697878837585449e-01 -7.801803201436996460e-02 -9.075496345758438110e-03
-8.158328128047287464e-04 -2.670091390609741211e-02 -3.388590514659881592e-01 -9.360931068658828735e-02 -7.200818508863449097e-02
-8.128407597541809082e-02 -1.871718019247055054e-01 -3.964388277381658554e-03 4.332828521728515625e-02 -7.061526924371719360e-02
-7.740785926580429077e-02 6.629385054111480713e-02 1.275936365127563477e-01 -2.314174361526966095e-02 1.969393938779830933e-01
-9.135603904724121094e-02 7.170341163873672485e-02 5.418941006064414978e-02 6.835141777992248535e-02 1.711150109767913818e-01
8.384527266025543213e-02 -1.914803087711334229e-01 -5.155688524246215820e-02 1.901618577539920807e-02 9.979709237813949585e-02
-9.469055384397506714e-02 4.833948984742164612e-02 1.063388437032699585e-01 -7.674210518598556519e-02 1.567804366350173950e-01
-6.930246204137802124e-02 -9.377590566873550415e-02 2.399488240480422974e-01 7.592128962278366089e-02 -1.508961319923400879e-01
-9.574214369058609009e-02 6.106284260749816895e-02 3.217425197362899780e-03 -7.949941605329513550e-02 8.251833170652389526e-02
-5.616645514965057373e-02 -2.207343727350234985e-01 -5.804139003157615662e-02 1.126127596944570541e-02 2.160167694091796875e-02
1.217944771051406860e-01 -7.121606916189193726e-02 -1.266812682151794434e-01 -2.774088457226753235e-02 1.170141249895095825e-01
1.790099591016769409e-02 -2.110051363706588745e-02 1.480208784341812134e-01 -3.766208887100219727e-02 2.011966556310653687e-01
-6.151253357529640198e-02 1.587085574865341187e-01 1.785112768411636353e-01 1.383666098117828369e-01 -1.272660940885543823e-01
-6.772062182426452637e-02 -1.113934516906738281e-01 1.416396256536245346e-02 5.897916108369827271e-02 -1.111373603343963623e-01
-9.892041981220245361e-02 -4.045880213379859924e-02 2.780823707580566406e-01 1.793634146451950073e-02 -9.073290228843688965e-02
-1.120767742395401001e-02 1.895164325833320618e-02 -2.757501229643821716e-02 5.120879039168357849e-02 1.599232554435729980e-01
2.537862770259380341e-02 -2.232045866549015045e-02 1.117445677518844604e-01 -4.752376303076744080e-02 1.899210959672927856e-01
-6.904338300228118896e-02 5.691206455230712891e-02 7.668558508157730103e-02 4.838372580707073212e-03 1.821153759956359863e-01
-6.976391375064849854e-02 -2.446797341108322144e-01 1.070933565497398376e-01 -2.642439901828765869e-01 -2.361962385475635529e-02
-1.026035398244857788e-01 6.943838298320770264e-02 4.083917289972305298e-02 3.072280250489711761e-02 1.427021622657775879e-01
-1.391228437423706055e-01 1.057988107204437256e-01 1.084760129451751709e-01 4.267999902367591858e-02 7.578597217798233032e-02
-5.179152358323335648e-03 -4.079819843173027039e-02 -1.738038212060928345e-01 9.039124473929405212e-03 -1.756454408168792725e-01
-6.724213808774948120e-02 -1.487410217523574829e-01 -1.068166047334671021e-01 9.202419221401214600e-02 2.749420329928398132e-02
1.346350014209747314e-01 -1.995283812284469604e-01 3.076007030904293060e-02 1.607332006096839905e-02 1.245066598057746887e-01
-3.372398018836975098e-02 1.825606971979141235e-01 1.143669635057449341e-01 3.584072366356849670e-02 -1.428565233945846558e-01
-4.042403399944305420e-02 -2.038520202040672302e-02 -3.176447376608848572e-02 -1.055086404085159302e-01 1.098675355315208435e-01
-7.703383266925811768e-02 1.468953788280487061e-01 1.831020601093769073e-02 7.322915643453598022e-02 -6.771801412105560303e-02
-1.351761370897293091e-01 4.846762120723724365e-02 1.767233610153198242e-01 -3.626065328717231750e-02 5.701705068349838257e-02
1.996854245662689209e-01 -1.907289624214172363e-01 1.104165613651275635e-01 7.389442622661590576e-02 1.476656198501586914e-01
-7.734967023134231567e-02 -3.586213290691375732e-02 2.546292543411254883e-01 -2.050856314599514008e-02 -1.152928918600082397e-01
8.661495894193649292e-02 -1.469350303523242474e-03 -1.380284279584884644e-01 1.388358175754547119e-01 1.447946876287460327e-01
8.633828908205032349e-02 -2.879782766103744507e-02 -1.815278530120849609e-01 -6.034183874726295471e-02 1.100245937705039978e-01
-2.231468819081783295e-02 5.451345816254615784e-02 -9.885384887456893921e-02 7.736279815435409546e-02 1.464857757091522217e-01
8.790819346904754639e-02 -3.055365569889545441e-02 2.383548319339752197e-01 2.966293692588806152e-02 2.328010350465774536e-01
-3.552500531077384949e-02 -1.857537478208541870e-01 -5.468446016311645508e-02 -3.623313084244728088e-02 5.065501481294631958e-02
-1.139079034328460693e-02 -1.683831587433815002e-02 3.676835075020790100e-02 -1.405903548002243042e-01 1.494064331054687500e-01
4.076575487852096558e-02 -3.325150534510612488e-02 1.206477209925651550e-01 -3.871487453579902649e-02 1.914522945880889893e-01
