-1.183760091662406921e-01
6.621004641056060791e-02
-1.803009957075119019e-01
-2.352543175220489502e-01
-2.038823626935482025e-02
5.624703690409660339e-02
6.571388989686965942e-02
-2.457941696047782898e-02
3.033127188682556152e-01
-6.441137194633483887e-01
-1.323450058698654175e-01
3.683537244796752930e-02
-1.592256426811218262e-01
-3.076520264148712158e-01
-9.965693950653076172e-02
-1.370055228471755981e-01
-1.565029472112655640e-01
-1.193028762936592102e-01
-2.565836012363433838e-01
-1.406760662794113159e-01
-1.413608640432357788e-01
-2.347323745489120483e-01
-4.365589842200279236e-02
-4.018254578113555908e-01
1.120253931730985641e-03
-1.895919442176818848e-01
2.005580812692642212e-02
-2.260867506265640259e-01
-1.188068836927413940e-01
7.959114760160446167e-02
-2.135486751794815063e-01
-1.864152401685714722e-01
-1.417828649282455444e-01
5.937449261546134949e-02
9.283844381570816040e-02
-1.292454004287719727e-01
-1.292279362678527832e-01
8.795028179883956909e-02
3.197222203016281128e-02
7.059366255998611450e-02
-2.373308390378952026e-01
-5.631461739540100098e-03
-1.664653047919273376e-02
-2.003856599330902100e-01
-1.122065484523773193e-01
-4.973385483026504517e-03
-1.716704815626144409e-01
-1.244425103068351746e-01
-2.786357402801513672e-01
-2.234498411417007446e-01
-1.749344021081924438e-01
-7.542440295219421387e-02
4.096319898962974548e-02
1.157004199922084808e-02
-2.225347310304641724e-01
-5.231648101471364498e-04
-8.960197865962982178e-02
5.838253535330295563e-03
-5.770395509898662567e-03
-8.050294220447540283e-02
-1.733211576938629150e-01
-9.520500898361206055e-02
7.627802342176437378e-02
-1.546713560819625854e-01
7.537453202530741692e-04
-4.847082495689392090e-02
9.952206164598464966e-02
4.053169488906860352e-02
-1.861207038164138794e-01
-9.732669219374656677e-03
2.955157756805419922e-01
-1.236052066087722778e-01
-1.037939861416816711e-01
-1.878166645765304565e-01
-1.850152462720870972e-01
1.479635387659072876e-02
6.412702053785324097e-02
-2.118424028158187866e-01
-5.285288207232952118e-03
-6.239406391978263855e-02
1.837504096329212189e-02
-2.444433718919754028e-01
-1.201256141066551208e-01
-1.538281980901956558e-02
-2.298549115657806396e-01
-1.442430019378662109e-01
9.346198290586471558e-03
-1.160645559430122375e-01
1.457152515649795532e-01
-2.412918806076049805e-01
4.261722788214683533e-02
1.801866479218006134e-02
-4.310005903244018555e-02
-1.644599288702011108e-01
-1.346345990896224976e-01
-6.085233688354492188e-01
-4.507453441619873047e-01
5.323431640863418579e-02
-1.647148430347442627e-01
9.986398369073867798e-02
-6.072158217430114746e-01
3.759877681732177734e-01
1.364023387432098389e-01
2.238112874329090118e-02
-1.522007733583450317e-01
-1.885721832513809204e-01
-2.073478652164340019e-03
-1.160740852355957031e-01
-4.262159764766693115e-02
-1.520754694938659668e-01
-4.673657193779945374e-02
-2.795227766036987305e-01
6.690390408039093018e-02
-1.051108464598655701e-01
7.277757674455642700e-02
1.201124861836433411e-01
-5.984873771667480469e-01
5.923325195908546448e-02
6.345545500516891479e-02
6.190971657633781433e-02
7.583221048116683960e-02
-2.412426322698593140e-01
-1.457779407501220703e-01
7.179675251245498657e-02
1.324836909770965576e-02
-4.394918382167816162e-01
-2.015794217586517334e-01
-8.347172290086746216e-02
-1.562526077032089233e-01
1.811808161437511444e-02
-3.703908920288085938e-01
-1.956560164690017700e-01
-7.864918559789657593e-02
1.069420017302036285e-02
-5.699362754821777344e-01
-7.834891229867935181e-02
1.775877326726913452e-01
-1.614175885915756226e-01
-6.308685243129730225e-02
-8.652704954147338867e-02
-1.583624184131622314e-01
-1.826518625020980835e-01
-1.150284614413976669e-02
7.133333710953593254e-04
6.025238707661628723e-02
-1.423061490058898926e-01
2.050992846488952637e-02
2.222152799367904663e-02
-5.668221786618232727e-02
1.601275503635406494e-01
1.149009466171264648e-01
2.954071760177612305e-02
-1.940194666385650635e-01
-1.110957115888595581e-01
-7.914124429225921631e-02
3.731697052717208862e-02
7.589109987020492554e-02
2.017813771963119507e-01
-3.342462182044982910e-01
5.712211877107620239e-02
-4.139828085899353027e-01
2.470161467790603638e-01
2.496892958879470825e-01
-2.578203976154327393e-01
-8.598128706216812134e-02
-1.182545870542526245e-01
-2.815324068069458008e-01
-2.074711173772811890e-01
-3.000867068767547607e-01
-3.112019896507263184e-01
-2.626323699951171875e-01
9.105519205331802368e-02
9.529292583465576172e-05
7.978336513042449951e-02
-1.004537791013717651e-01
1.202629581093788147e-01
