-5.455222725868225098e-01
-9.009523391723632812e-01
4.011473953723907471e-01
2.193925529718399048e-01
-4.729070067405700684e-01
-9.157415032386779785e-01
6.523291468620300293e-01
-3.047851622104644775e-01
-9.992037415504455566e-01
-2.721852660179138184e-01
-6.212072968482971191e-01
3.960451185703277588e-01
-4.450500309467315674e-01
5.776222422719001770e-02
3.798756003379821777e-01
6.039710640907287598e-01
-1.180237904191017151e-02
-9.998187422752380371e-01
-3.637255132198333740e-01
-2.578863203525543213e-01
-3.680891692638397217e-01
4.639323949813842773e-01
-6.022236943244934082e-01
-2.889457643032073975e-01
-9.665325284004211426e-01
-5.752882957458496094e-01
9.793545007705688477e-01
8.836032748222351074e-01
-5.292971134185791016e-01
4.943645298480987549e-01
1.014190688729286194e-01
4.410377144813537598e-01
2.457272708415985107e-01
9.822728037834167480e-01
-1.267938874661922455e-02
-7.933346033096313477e-01
6.323636174201965332e-01
-3.911488354206085205e-01
-2.554096281528472900e-01
6.538618803024291992e-01
-5.765584111213684082e-01
-5.784581899642944336e-01
-9.693633317947387695e-01
-5.341635346412658691e-01
7.162052989006042480e-01
-5.125836730003356934e-01
7.051758170127868652e-01
-9.999024271965026855e-01
7.476645708084106445e-02
9.910581707954406738e-01
-4.258256778120994568e-02
8.977004140615463257e-02
9.264594316482543945e-01
-7.499061822891235352e-01
-8.653727173805236816e-01
9.973281025886535645e-01
1.025699153542518616e-01
-3.968327641487121582e-01
9.728237986564636230e-01
-3.832556903362274170e-01
-8.538869023323059082e-01
-8.387066721916198730e-01
8.659953474998474121e-01
-8.192030787467956543e-01
9.935590028762817383e-01
-7.281380295753479004e-01
-5.014666542410850525e-02
-9.970760345458984375e-01
4.435134232044219971e-01
6.535120606422424316e-01
9.237997531890869141e-01
4.194764196872711182e-01
-9.977381229400634766e-01
6.628556251525878906e-01
-9.425330758094787598e-01
-9.983746409416198730e-01
-2.936295568943023682e-01
-5.790346860885620117e-01
4.032360911369323730e-01
4.620248675346374512e-01
-9.388285279273986816e-01
-4.394578337669372559e-01
-6.055313348770141602e-01
-3.207978904247283936e-01
4.431861340999603271e-01
2.732577919960021973e-01
-5.565888881683349609e-01
2.093731462955474854e-01
-8.220128417015075684e-01
-8.875333070755004883e-01
9.491680264472961426e-01
9.971094131469726562e-01
6.818231344223022461e-01
-6.208252906799316406e-02
-5.389281362295150757e-02
8.075037598609924316e-02
-6.295809149742126465e-01
5.055102109909057617e-01
-6.847024559974670410e-01
5.639472007751464844e-01
6.622784137725830078e-01
-2.845542728900909424e-01
-5.201569795608520508e-01
-9.773510694503784180e-01
6.514331102371215820e-01
5.489426851272583008e-02
1.020293831825256348e-01
-3.779409229755401611e-01
-4.083077013492584229e-01
7.207309603691101074e-01
5.276453495025634766e-01
3.865659832954406738e-01
-6.874285340309143066e-01
-3.629532158374786377e-01
-9.999707937240600586e-01
8.123178780078887939e-02
7.812762260437011719e-01
-4.613382816314697266e-01
3.631161525845527649e-02
3.963543102145195007e-02
-5.687859058380126953e-01
-3.856567740440368652e-01
9.531946182250976562e-01
9.599836468696594238e-01
-3.026205003261566162e-01
7.562413215637207031e-01
3.532870113849639893e-01
6.705809235572814941e-01
-5.770619511604309082e-01
-2.478963136672973633e-01
-6.130961179733276367e-01
6.305158138275146484e-01
-6.743952631950378418e-01
-9.998896121978759766e-01
-8.164876103401184082e-01
-3.943108022212982178e-01
-2.782652899622917175e-02
-8.436141610145568848e-01
-2.704755961894989014e-01
-9.999548792839050293e-01
9.136452078819274902e-01
-5.616365671157836914e-01
1.843135952949523926e-01
-5.168368220329284668e-01
9.968360066413879395e-01
4.557712674140930176e-01
-8.094822168350219727e-01
-1.507829129695892334e-01
9.544902294874191284e-02
-5.307188630104064941e-01
-2.089102566242218018e-02
-4.510512948036193848e-01
-3.869169056415557861e-01
-1.161429192870855331e-02
-2.320017851889133453e-02
-3.115266859531402588e-01
2.270678281784057617e-01
-2.798269987106323242e-01
4.424208402633666992e-01
-8.254033923149108887e-01
5.279615521430969238e-01
-6.226715445518493652e-01
3.547236919403076172e-01
8.919429779052734375e-01
-1.933061145246028900e-02
-2.291175276041030884e-01
-7.437762022018432617e-01
-3.416520729660987854e-02
-6.590139269828796387e-01
6.896728277206420898e-01
9.467038512229919434e-01
-5.884078741073608398e-01
2.003060430288314819e-01
-6.961451768875122070e-01
-9.976334571838378906e-01
3.785526752471923828e-01
2.324579209089279175e-01
-3.856439888477325439e-01
-2.899090647697448730e-01
9.788057804107666016e-01
1.117201223969459534e-01
4.953809380531311035e-01
-7.474876642227172852e-01
-6.471138000488281250e-01
1.120253652334213257e-01
-9.568224549293518066e-01
-5.282705426216125488e-01
4.322405159473419189e-01
-3.835213184356689453e-01
-9.999668598175048828e-01
-9.958549737930297852e-01
-4.256233572959899902e-01
1.925166510045528412e-02
9.768126010894775391e-01
-4.108312726020812988e-01
4.590705931186676025e-01
6.359683275222778320e-01
-9.753921031951904297e-01
7.321159243583679199e-01
-9.960789680480957031e-01
-2.488721311092376709e-01
-3.961205482482910156e-01
-4.976299405097961426e-01
6.480183005332946777e-01
-5.785792693495750427e-02
4.952175021171569824e-01
-3.825628161430358887e-01
3.004556000232696533e-01
-6.854053139686584473e-01
9.506065249443054199e-01
-3.704676926136016846e-01
5.810022950172424316e-01
-6.481440067291259766e-01
7.768231034278869629e-01
1.684120893478393555e-01
-9.465044736862182617e-01
-5.798326134681701660e-01
-9.978993535041809082e-01
-9.999240040779113770e-01
-3.908565938472747803e-01
4.635003209114074707e-01
6.546750068664550781e-01
7.050507664680480957e-01
8.190570473670959473e-01
2.580628357827663422e-02
6.534447073936462402e-01
9.995445609092712402e-01
9.424294829368591309e-01
9.984333515167236328e-01
4.654789865016937256e-01
6.756502985954284668e-01
6.835296750068664551e-01
9.169143438339233398e-01
1.735730213113129139e-03
-9.986568093299865723e-01
2.171753793954849243e-01
-3.016134798526763916e-01
3.514295220375061035e-01
1.895258277654647827e-01
9.916534423828125000e-01
-5.288238637149333954e-03
6.637834906578063965e-01
3.129284977912902832e-01
1.505342274904251099e-01
-9.988588690757751465e-01
-8.643516339361667633e-03
-7.487375736236572266e-01
7.909018993377685547e-01
8.643645048141479492e-02
1.844089925289154053e-01
-2.688714563846588135e-01
6.812848448753356934e-01
-4.710594415664672852e-01
9.358691573143005371e-01
6.598424911499023438e-01
-5.246807932853698730e-01
6.008404865860939026e-02
6.885937452316284180e-01
7.177159786224365234e-01
-9.470207095146179199e-01
9.428854584693908691e-01
4.405773580074310303e-01
9.534345865249633789e-01
-4.870249032974243164e-01
1.021526902914047241e-01
-9.310897588729858398e-01
-8.409898877143859863e-01
-4.911140501499176025e-01
9.982047677040100098e-01
9.856563806533813477e-01
2.316456586122512817e-01
-6.497197747230529785e-01
-9.622177481651306152e-01
-9.938395023345947266e-01
-9.846677184104919434e-01
-3.960876762866973877e-01
7.320279479026794434e-01
-8.387644290924072266e-01
1.123037487268447876e-01
-7.154010981321334839e-02
-9.968951940536499023e-01
-8.288985490798950195e-01
5.890274047851562500e-01
-9.800429940223693848e-01
-1.982698589563369751e-01
-3.778330981731414795e-01
-3.928153812885284424e-01
-9.999312758445739746e-01
-8.644152879714965820e-01
-2.509882450103759766e-01
-4.128898084163665771e-01
-6.169238090515136719e-01
6.300646662712097168e-01
-3.076862990856170654e-01
3.289816677570343018e-01
2.367699146270751953e-01
1.565662175416946411e-01
6.983448266983032227e-01
5.319709777832031250e-01
5.755270123481750488e-01
2.305426001548767090e-01
6.226175427436828613e-01
-9.990399479866027832e-01
-3.840734660625457764e-01
6.646341644227504730e-03
6.532102823257446289e-01
1.699406802654266357e-01
2.017504721879959106e-01
5.981051921844482422e-01
6.388792395591735840e-01
9.907161593437194824e-01
-9.889814257621765137e-01
-9.990916848182678223e-01
-5.747245550155639648e-01
1.275094449520111084e-01
-5.859928727149963379e-01
5.360863730311393738e-02
7.189828157424926758e-01
-2.517399191856384277e-02
-1.922363489866256714e-01
1.013403162360191345e-01
9.554114341735839844e-01
1.044506356120109558e-01
1.146884635090827942e-02
-1.016377657651901245e-02
2.354219704866409302e-01
-2.729879021644592285e-01
-1.552518084645271301e-02
1.878293901681900024e-01
-3.039416670799255371e-01
-7.539673447608947754e-01
-9.995651841163635254e-01
-3.833627402782440186e-01
6.285396814346313477e-01
-9.999906420707702637e-01
8.156695961952209473e-01
-9.710994958877563477e-01
-3.892718255519866943e-01
6.617104411125183105e-01
7.253459692001342773e-01
6.352620720863342285e-01
-3.097527846693992615e-02
9.051145911216735840e-01
4.547591805458068848e-01
-8.816669583320617676e-01
9.835891127586364746e-01
5.150404572486877441e-01
1.727322340011596680e-01
1.209409385919570923e-01
-8.081400990486145020e-01
1.630899310111999512e-02
4.894818365573883057e-01
-5.849192142486572266e-01
9.088692069053649902e-01
5.006561875343322754e-01
-6.976513266563415527e-01
1.697862893342971802e-01
-2.920891642570495605e-01
-9.998452663421630859e-01
-7.968510501086711884e-03
-4.169720411300659180e-01
6.351898908615112305e-01
4.976938366889953613e-01
-5.721803903579711914e-01
1.124055013060569763e-01
-4.607497155666351318e-01
7.224178910255432129e-01
8.907663822174072266e-01
-6.125873327255249023e-01
-1.213118508458137512e-01
-9.907701015472412109e-01
4.513655602931976318e-01
2.747957408428192139e-01
6.896234750747680664e-01
5.295827984809875488e-01
-9.183734655380249023e-01
-4.026309251785278320e-01
-7.093880176544189453e-01
-3.785121142864227295e-01
-4.998271912336349487e-02
5.095109343528747559e-01
6.602156162261962891e-01
8.677078038454055786e-02
-6.061498522758483887e-01
-9.593413472175598145e-01
-6.465646624565124512e-01
-7.467825412750244141e-01
8.628434538841247559e-01
-2.745042741298675537e-01
-9.468221664428710938e-01
5.390510559082031250e-01
-6.634482145309448242e-01
6.223259568214416504e-01
9.987773299217224121e-01
6.680959463119506836e-01
9.529582858085632324e-01
2.360811680555343628e-01
2.652198970317840576e-01
1.184855848550796509e-01
-3.499698340892791748e-01
6.788096576929092407e-02
-8.680706024169921875e-01
-8.617235422134399414e-01
-9.999408125877380371e-01
-9.996351003646850586e-01
-6.012861728668212891e-01
-3.871905207633972168e-01
2.825659215450286865e-01
-5.367214679718017578e-01
8.917378261685371399e-03
-1.101782619953155518e-01
-6.525055319070816040e-02
-9.870223999023437500e-01
-5.449129343032836914e-01
-2.937035858631134033e-01
1.649610251188278198e-01
-4.091731738299131393e-03
-4.709328114986419678e-01
-1.053275913000106812e-01
-3.073766827583312988e-01
-6.402082443237304688e-01
4.805812537670135498e-01
-6.788285374641418457e-01
6.315591931343078613e-01
-3.786490261554718018e-01
2.788690626621246338e-01
5.250095725059509277e-01
-7.271258831024169922e-01
2.239490747451782227e-01
-9.966058731079101562e-01
-3.346949815750122070e-04
1.618251204490661621e-01
4.378732442855834961e-01
-6.317974925041198730e-01
1.400044411420822144e-01
-3.077830374240875244e-01
-9.997335672378540039e-01
7.275716662406921387e-01
4.766365289688110352e-01
8.027864247560501099e-02
-2.640201151371002197e-01
-6.637222766876220703e-01
-8.734729886054992676e-01
-3.164261206984519958e-02
6.938463449478149414e-01
-2.230327874422073364e-01
-5.526090264320373535e-01
-3.706161379814147949e-01
6.647959351539611816e-01
9.863687753677368164e-01
-1.639173030853271484e-01
-4.070483446121215820e-01
2.234138548374176025e-01
-9.362555146217346191e-01
9.602603316307067871e-01
6.920408606529235840e-01
-4.622715413570404053e-01
-5.864766240119934082e-01
-7.553872466087341309e-02
-1.859438270330429077e-01
-3.862518668174743652e-01
4.988484680652618408e-01
-8.733202219009399414e-01
6.444396972656250000e-01
9.964360594749450684e-01
-9.929848909378051758e-01
-8.541523814201354980e-01
9.826028347015380859e-01
3.120367228984832764e-02
-2.709124088287353516e-01
8.566114306449890137e-02
-9.652409553527832031e-01
9.776880741119384766e-01
-2.379176914691925049e-01
9.938674569129943848e-01
-4.483320415019989014e-01
1.870031096041202545e-02
-9.994531869888305664e-01
-5.351169109344482422e-01
-2.898848652839660645e-01
2.780049741268157959e-01
-4.158460199832916260e-01
1.407224833965301514e-01
2.283734083175659180e-01
-7.369854301214218140e-02
-9.743561744689941406e-01
-5.813134908676147461e-01
-7.412117123603820801e-01
-3.301631808280944824e-01
-9.908753633499145508e-01
5.304669737815856934e-01
-9.959931373596191406e-01
-9.252322316169738770e-01
2.055598944425582886e-01
7.141209840774536133e-01
3.192078471183776855e-01
4.416232407093048096e-01
-7.442988753318786621e-01
3.957024514675140381e-01
7.675281763076782227e-01
-4.666210114955902100e-01
-2.000871747732162476e-01
-5.593779087066650391e-01
-9.874242544174194336e-01
9.982823133468627930e-01
-2.443511337041854858e-01
-1.330389757640659809e-03
-9.883497953414916992e-01
-3.896655738353729248e-01
-6.039179563522338867e-01
8.815487623214721680e-01
9.205939769744873047e-01
-9.987825751304626465e-01
-9.961922168731689453e-01
-2.121750116348266602e-01
-4.346076846122741699e-01
3.504076004028320312e-01
-9.903354644775390625e-01
6.402978897094726562e-01
-8.769342303276062012e-01
-4.740713536739349365e-01
-6.065971255302429199e-01
-7.500400543212890625e-01
1.278091222047805786e-01
-9.997292160987854004e-01
-2.655149996280670166e-01
4.239588677883148193e-01
-2.895941585302352905e-02
-9.703388214111328125e-01
-9.305099248886108398e-01
-6.287246942520141602e-02
2.115607261657714844e-01
3.545696735382080078e-01
-2.530201375484466553e-01
-2.754380702972412109e-01
-9.984973669052124023e-01
-2.456969767808914185e-01
-5.194011330604553223e-01
-6.831848025321960449e-01
3.746903836727142334e-01
8.698878884315490723e-01
-4.794536530971527100e-01
-9.759352803230285645e-01
-2.301145941019058228e-01
-2.639496326446533203e-01
6.331202387809753418e-01
9.962152838706970215e-01
1.445431262254714966e-01
6.117036938667297363e-01
-9.853101968765258789e-01
-8.426791429519653320e-01
9.654093384742736816e-01
-3.784886896610260010e-01
4.804477691650390625e-01
4.343718290328979492e-01
4.460775256156921387e-01
-5.339563488960266113e-01
9.379107356071472168e-01
-5.305407643318176270e-01
4.927359521389007568e-01
6.468681693077087402e-01
8.584551811218261719e-01
9.982402920722961426e-01
9.141806960105895996e-01
4.534002840518951416e-01
4.618367850780487061e-01
7.342544794082641602e-01
-7.845765948295593262e-01
9.952715635299682617e-01
4.437516033649444580e-01
-3.157308399677276611e-01
-3.800713717937469482e-01
6.136279702186584473e-01
-3.024784624576568604e-01
-5.219831466674804688e-01
7.888019084930419922e-03
-6.631714701652526855e-01
-3.081275820732116699e-01
-9.995544552803039551e-01
8.173852562904357910e-01
6.437644362449645996e-01
9.766408205032348633e-01
4.601751267910003662e-01
-3.738412857055664062e-01
6.285639405250549316e-01
-9.107472300529479980e-01
-3.813145160675048828e-01
6.977881789207458496e-01
3.556506037712097168e-01
-9.965698122978210449e-01
2.007124014198780060e-02
-4.690149426460266113e-02
6.237778663635253906e-01
-9.847351908683776855e-01
-4.792654216289520264e-01
-2.561676502227783203e-01
-4.592612981796264648e-01
2.573974430561065674e-01
2.728376984596252441e-01
3.653113245964050293e-01
-1.435392946004867554e-01
-5.191207528114318848e-01
-9.980523586273193359e-01
-9.049021601676940918e-01
9.663078188896179199e-01
-5.837906599044799805e-01
-9.913828969001770020e-01
-8.634405136108398438e-01
-4.223925471305847168e-01
9.819512367248535156e-01
6.883224844932556152e-01
-6.872794777154922485e-02
-5.314953327178955078e-01
6.500656008720397949e-01
6.229714751243591309e-01
7.061570882797241211e-01
1.986768096685409546e-01
2.946172095835208893e-02
-1.942978352308273315e-01
-5.774489045143127441e-01
-9.500194787979125977e-01
5.708705261349678040e-02
3.957000374794006348e-01
9.977261424064636230e-01
9.602945446968078613e-01
-8.110871315002441406e-01
-3.941331803798675537e-01
4.921381175518035889e-01
-2.401820421218872070e-01
-7.995075583457946777e-01
4.272208809852600098e-01
4.471331238746643066e-01
-9.998077750205993652e-01
1.677864938974380493e-01
8.306816220283508301e-01
-6.721939444541931152e-01
-7.639822959899902344e-01
-3.250372707843780518e-01
-4.901793003082275391e-01
4.367226064205169678e-01
-9.997492432594299316e-01
-5.945734381675720215e-01
4.518567025661468506e-01
6.629544496536254883e-02
-4.339380860328674316e-01
2.304609566926956177e-01
4.352627694606781006e-01
-1.802269518375396729e-01
-9.516460448503494263e-02
4.381363391876220703e-01
-9.967304468154907227e-01
-6.760703772306442261e-02
-9.999294877052307129e-01
5.115883946418762207e-01
-9.987947940826416016e-01
6.397561728954315186e-02
-3.750061690807342529e-01
6.165843009948730469e-01
-2.903469279408454895e-02
4.482167065143585205e-01
9.951963424682617188e-01
5.028418451547622681e-02
-5.290995836257934570e-01
-8.263099193572998047e-02
-5.925472974777221680e-01
-9.749216437339782715e-01
-8.197255134582519531e-01
-8.459296822547912598e-01
-3.579921722412109375e-01
2.313439548015594482e-01
9.131527692079544067e-02
7.091433405876159668e-01
4.653067290782928467e-01
-2.831930220127105713e-01
-4.219225645065307617e-01
9.980648756027221680e-01
-1.614128947257995605e-01
3.536804914474487305e-01
1.684011965990066528e-01
9.893984198570251465e-01
6.088305711746215820e-01
9.653647541999816895e-01
-6.265727877616882324e-01
-4.578791260719299316e-01
-2.776581645011901855e-01
-2.725082822144031525e-02
4.219765067100524902e-01
8.703442662954330444e-02
-3.734652698040008545e-01
-9.955250024795532227e-01
-6.338278055191040039e-01
-9.992302656173706055e-01
-7.612581253051757812e-01
-8.567262440919876099e-02
-7.245564460754394531e-01
-5.950917601585388184e-01
6.409482955932617188e-01
-6.121137142181396484e-01
-2.812829017639160156e-01
9.065686464309692383e-01
-4.211542308330535889e-01
6.175404787063598633e-01
-7.782192230224609375e-01
-7.577283978462219238e-01
9.518768787384033203e-01
-7.269654870033264160e-01
2.145963162183761597e-01
-9.990410804748535156e-01
4.892374277114868164e-01
6.366658210754394531e-02
9.955130219459533691e-01
-2.945407927036285400e-01
2.232859879732131958e-01
7.509798407554626465e-01
5.303357169032096863e-02
6.533151865005493164e-01
4.310645535588264465e-02
4.192532226443290710e-02
6.803397834300994873e-02
1.341330558061599731e-01
-2.273832261562347412e-01
4.956029653549194336e-01
9.114187955856323242e-02
1.587731540203094482e-01
-9.365044236183166504e-01
-3.387036919593811035e-01
9.796247482299804688e-01
7.947045564651489258e-02
4.297888875007629395e-01
-1.579391807317733765e-01
1.351962536573410034e-01
-2.599104046821594238e-01
4.592882096767425537e-01
2.129894644021987915e-01
8.068037629127502441e-01
8.926192522048950195e-01
-1.728185862302780151e-01
4.355619847774505615e-01
9.948212504386901855e-01
-8.966717123985290527e-01
5.261681973934173584e-02
6.311963796615600586e-01
-9.996141791343688965e-01
7.466198801994323730e-01
-9.979270100593566895e-01
4.276947677135467529e-02
4.924177825450897217e-01
-2.627181708812713623e-01
-7.806626558303833008e-01
-9.960998296737670898e-01
-5.288210511207580566e-01
-8.367506787180900574e-03
-9.610103443264961243e-03
7.307727336883544922e-01
8.593287467956542969e-01
2.439921796321868896e-01
-1.261513531208038330e-01
1.681298315525054932e-01
3.576010232791304588e-03
-8.013995885848999023e-01
4.739347696304321289e-01
2.973723709583282471e-01
4.298559203743934631e-02
-1.439498811960220337e-01
5.948486924171447754e-01
6.323241591453552246e-01
-1.459958255290985107e-01
-5.685056373476982117e-02
-1.221436932682991028e-01
-5.174710154533386230e-01
-4.082787036895751953e-01
-5.886294245719909668e-01
-6.269351243972778320e-01
-2.187295071780681610e-02
1.646896451711654663e-01
-7.794764041900634766e-01
-6.915235519409179688e-01
-3.747207522392272949e-01
9.627523422241210938e-01
-4.819997549057006836e-01
-1.498295515775680542e-01
-3.352673053741455078e-01
1.883180886507034302e-01
-9.997466802597045898e-01
6.198352202773094177e-02
5.081031322479248047e-01
3.291661441326141357e-01
-2.063569575548171997e-01
-2.761127948760986328e-01
-3.119082748889923096e-01
-5.422797203063964844e-01
-4.604804515838623047e-01
-1.595110446214675903e-01
-9.876600652933120728e-02
1.617529690265655518e-01
9.989611506462097168e-01
6.141587495803833008e-01
8.711356520652770996e-01
3.096554875373840332e-01
1.153355017304420471e-01
-3.745888769626617432e-01
-5.542571544647216797e-01
-4.208824038505554199e-01
6.271445751190185547e-02
2.185547798871994019e-01
-4.004025086760520935e-02
9.795308709144592285e-01
-5.760264396667480469e-01
-7.675859332084655762e-01
4.898209273815155029e-01
2.563527822494506836e-01
2.836592793464660645e-01
7.784912586212158203e-01
-8.717219233512878418e-01
-9.431869983673095703e-01
-7.226716876029968262e-01
2.829492092132568359e-02
9.027510881423950195e-01
3.469098359346389771e-02
-5.872012972831726074e-01
9.649754762649536133e-01
-6.455941200256347656e-01
-5.993871092796325684e-01
5.629029273986816406e-01
-1.281632333993911743e-01
-3.186435624957084656e-02
3.864950239658355713e-01
3.262773752212524414e-01
9.983958005905151367e-01
7.861961722373962402e-01
-8.654879331588745117e-01
-8.345846086740493774e-02
-8.574076890945434570e-01
-5.638249516487121582e-01
7.826174497604370117e-01
7.060598731040954590e-01
6.905292272567749023e-01
-7.523930817842483521e-02
6.961523294448852539e-01
7.946203351020812988e-01
9.601540565490722656e-01
9.698504209518432617e-01
-9.894701242446899414e-01
3.669822961091995239e-02
-7.614887952804565430e-01
-9.825106859207153320e-01
7.752629518508911133e-01
3.254492282867431641e-01
-3.265057802200317383e-01
-2.042522877454757690e-01
7.070535421371459961e-02
-1.321136355400085449e-01
1.914548575878143311e-01
-2.531467676162719727e-01
-3.174846470355987549e-01
-6.940372586250305176e-01
-1.651769727468490601e-01
-5.503942966461181641e-01
1.171659752726554871e-01
-6.322785615921020508e-01
9.340351819992065430e-01
4.273408353328704834e-01
1.244340538978576660e-01
-9.994794726371765137e-01
-2.574359178543090820e-01
3.182252869009971619e-02
-7.699521780014038086e-01
9.637154936790466309e-01
-9.996744394302368164e-01
-6.470293402671813965e-01
9.711722135543823242e-01
3.975442945957183838e-01
7.102524638175964355e-01
-3.711107671260833740e-01
3.880585432052612305e-01
4.829949438571929932e-01
9.954841732978820801e-01
-2.137791831046342850e-03
3.864747881889343262e-01
-7.658578157424926758e-01
1.782695204019546509e-01
9.989378452301025391e-01
-9.972988963127136230e-01
1.099290698766708374e-01
9.822966158390045166e-02
-9.337930083274841309e-01
2.336637228727340698e-01
8.581360578536987305e-01
3.321633636951446533e-01
-5.774469971656799316e-01
3.120002150535583496e-01
1.487208306789398193e-01
8.204877972602844238e-01
9.846946597099304199e-01
6.378511786460876465e-01
-4.837065644096583128e-04
-3.402190804481506348e-01
1.232839897274971008e-01
-4.701980352401733398e-01
-6.244538426399230957e-01
-9.987560510635375977e-01
-5.800881385803222656e-01
-5.239114761352539062e-01
3.505017459392547607e-01
-3.834375739097595215e-01
-5.278310179710388184e-01
9.722278714179992676e-01
2.191875576972961426e-01
-3.189701437950134277e-01
-5.693736672401428223e-01
4.049051105976104736e-01
-9.922685027122497559e-01
-9.923925399780273438e-01
-3.497036695480346680e-01
9.875516891479492188e-01
-9.956682920455932617e-01
7.711527347564697266e-01
1.481446027755737305e-01
5.787410736083984375e-01
-7.266969680786132812e-01
-5.734078884124755859e-01
-5.853246450424194336e-01
-8.494977355003356934e-01
-3.784856796264648438e-01
1.167258173227310181e-01
5.817447602748870850e-02
