8.070528507232666016e-01 -5.167452096939086914e-01 4.537721276283264160e-01
-6.798774003982543945e-01 -5.935699939727783203e-01 4.634770154953002930e-01
-1.127506718039512634e-01 2.006922811269760132e-01 -7.330432534217834473e-01
7.987163662910461426e-01 -5.888692289590835571e-02 -7.883714437484741211e-01
5.217521190643310547e-01 -2.983950972557067871e-01 -3.985359668731689453e-01
4.672221839427947998e-01 -6.864555478096008301e-01 7.179526686668395996e-01
-4.196109175682067871e-01 3.587298095226287842e-01 -1.956447064876556396e-01
-2.569419704377651215e-02 -3.165414929389953613e-02 5.424144268035888672e-01
-5.337426066398620605e-01 -1.427769660949707031e-01 3.310526311397552490e-01
2.093676663935184479e-02 2.380468994379043579e-01 6.896128058433532715e-01
5.456477999687194824e-01 -4.694633781909942627e-01 2.931579053401947021e-01
1.834639720618724823e-02 1.835803389549255371e-01 -7.428444027900695801e-01
7.137767076492309570e-01 1.240105107426643372e-01 3.163021802902221680e-01
-1.723466813564300537e-01 4.464291036128997803e-01 -6.941040158271789551e-01
-9.619900584220886230e-02 -3.670796453952789307e-01 -6.797891855239868164e-01
-2.689526081085205078e-01 -4.002941846847534180e-01 -1.725998669862747192e-01
-1.663564741611480713e-01 8.350822329521179199e-02 -2.968226671218872070e-01
-6.787619590759277344e-01 -2.084653675556182861e-01 7.165297269821166992e-01
-5.974013358354568481e-02 -2.325128018856048584e-01 1.693730354309082031e-01
4.374884366989135742e-01 5.776090025901794434e-01 4.854390323162078857e-01
6.908955574035644531e-01 -3.938958346843719482e-01 5.856332182884216309e-01
-7.532603144645690918e-01 -8.021423816680908203e-01 -7.980228662490844727e-01
4.716743230819702148e-01 -7.588722705841064453e-01 1.058509647846221924e-01
-1.313283592462539673e-01 9.816032834351062775e-03 6.146200895309448242e-01
-5.270338058471679688e-01 -3.178455308079719543e-02 8.238918185234069824e-01
6.533037424087524414e-01 -6.376445889472961426e-01 2.360243648290634155e-01
-5.841197371482849121e-01 7.494866847991943359e-01 -4.558797776699066162e-01
-7.570108771324157715e-02 -3.378291130065917969e-01 -3.322996795177459717e-01
5.428761839866638184e-01 -4.463780820369720459e-01 -4.159369170665740967e-01
-7.437456250190734863e-01 -7.441878914833068848e-01 4.834507107734680176e-01
9.957512617111206055e-01 -5.226266384124755859e-01 6.514092683792114258e-01
-4.207012653350830078e-01 5.377836991101503372e-03 -6.605285406112670898e-01
3.756039738655090332e-01 3.419714570045471191e-01 -8.254289031028747559e-01
-1.686667352914810181e-01 6.027683019638061523e-01 -2.137070298194885254e-01
4.519168138504028320e-01 8.047319054603576660e-01 -2.305684834718704224e-01
-4.176814854145050049e-01 -5.140164494514465332e-01 1.657601892948150635e-01
-7.891884446144104004e-01 8.517079353332519531e-01 3.001965880393981934e-01
2.790071666240692139e-01 8.826519548892974854e-02 3.781082630157470703e-01
-2.526269555091857910e-01 9.451873898506164551e-01 8.284792304039001465e-01
-7.779448628425598145e-01 -4.473308622837066650e-01 -1.186096221208572388e-01
7.606569528579711914e-01 -9.847403168678283691e-01 5.887597799301147461e-01
1.154777184128761292e-01 -2.378182709217071533e-01 -7.526288181543350220e-02
-9.087965488433837891e-01 8.405928015708923340e-01 2.439703047275543213e-01
7.634854316711425781e-01 -3.142862319946289062e-01 1.354810148477554321e-01
-9.887393116950988770e-01 -4.359898269176483154e-01 -4.886915385723114014e-01
8.005546331405639648e-01 -8.809912949800491333e-02 1.495839506387710571e-01
-9.455954432487487793e-01 -4.833904206752777100e-01 -3.138715028762817383e-01
-8.309764862060546875e-01 9.784670919179916382e-02 9.098007082939147949e-01
-6.029685214161872864e-02 5.594389438629150391e-01 -7.770571708679199219e-01
-5.936139225959777832e-01 8.922960758209228516e-01 -5.174830555915832520e-01
2.566788494586944580e-01 -3.539152741432189941e-01 -4.402484595775604248e-01
4.489909112453460693e-01 5.482743978500366211e-01 -4.436340332031250000e-01
-5.739377737045288086e-01 6.594254374504089355e-01 -4.151674211025238037e-01
-1.282211095094680786e-01 -3.812538981437683105e-01 1.784604340791702271e-01
-4.947926700115203857e-01 -4.537352025508880615e-01 3.096911013126373291e-01
-6.015225648880004883e-01 8.171622753143310547e-01 -2.629865705966949463e-02
6.734330058097839355e-01 6.357049942016601562e-01 -5.219854116439819336e-01
8.742179721593856812e-02 1.630169451236724854e-01 2.338060736656188965e-01
-1.588420718908309937e-01 5.647115111351013184e-01 -2.620797455310821533e-01
2.089191526174545288e-01 2.134088426828384399e-02 2.130317389965057373e-01
-3.778816461563110352e-01 2.048390209674835205e-01 6.741167902946472168e-01
-5.698041319847106934e-01 -4.824421703815460205e-01 1.957174390554428101e-01
-2.296396195888519287e-01 7.794392108917236328e-01 -5.111930966377258301e-01
-4.573812186717987061e-01 -5.105319619178771973e-01 3.335811495780944824e-01
-1.427625417709350586e-01 4.584389030933380127e-01 -1.108029633760452271e-01
-5.237574502825737000e-02 -3.959997296333312988e-01 8.679205924272537231e-02
1.686363965272903442e-01 -3.574868142604827881e-01 -4.007822275161743164e-01
-8.639668226242065430e-01 7.473167181015014648e-01 6.118608713150024414e-01
-5.122120380401611328e-01 -3.967928886413574219e-01 -8.144901990890502930e-01
-6.102461218833923340e-01 1.748656779527664185e-01 -2.303237617015838623e-01
-1.175173446536064148e-01 5.326847434043884277e-01 -3.872527778148651123e-01
-1.642182469367980957e-01 -3.531536161899566650e-01 -7.279971837997436523e-01
-7.675181031227111816e-01 -3.839567899703979492e-01 8.768127560615539551e-01
-8.870532512664794922e-01 -4.679378271102905273e-01 4.186254143714904785e-01
-4.293764531612396240e-01 1.885995864868164062e-01 9.102631807327270508e-01
5.665072202682495117e-01 -5.507918596267700195e-01 9.318371415138244629e-01
5.643753707408905029e-02 1.201332062482833862e-01 6.406273245811462402e-01
8.127035498619079590e-01 -8.382960557937622070e-01 6.368248462677001953e-01
-1.364669948816299438e-01 -4.356970191001892090e-01 -7.484569549560546875e-01
-2.629048824310302734e-01 -4.862308800220489502e-01 -6.903525590896606445e-01
-7.940111756324768066e-01 4.497157335281372070e-01 6.806442886590957642e-02
7.915241122245788574e-01 -2.707892954349517822e-01 8.669760227203369141e-01
6.080090999603271484e-01 -6.800346374511718750e-01 6.833772659301757812e-01
5.761531591415405273e-01 -3.646222651004791260e-01 5.365876555442810059e-01
-3.506673872470855713e-01 -3.660784959793090820e-01 -7.700675129890441895e-01
-5.889767408370971680e-02 3.767038583755493164e-01 -8.596928119659423828e-01
6.545137763023376465e-01 -3.096776902675628662e-01 4.264214634895324707e-01
8.852241039276123047e-01 -1.100494787096977234e-01 -6.879510879516601562e-01
-4.482928514480590820e-01 6.054915953427553177e-03 4.493779540061950684e-01
-5.476239919662475586e-01 1.080485507845878601e-01 7.208670377731323242e-01
-3.049300014972686768e-01 4.650999307632446289e-01 -2.233195751905441284e-01
-4.637439846992492676e-01 8.149610757827758789e-01 -1.817056238651275635e-01
-8.206596970558166504e-01 5.561908483505249023e-01 -4.269455969333648682e-01
3.550514578819274902e-02 6.437309980392456055e-01 1.984829604625701904e-01
3.095442056655883789e-01 2.632593810558319092e-01 1.101872622966766357e-01
4.259549677371978760e-01 -1.756006330251693726e-01 -5.934963226318359375e-01
1.280307024717330933e-01 -2.592573165893554688e-01 1.205892488360404968e-02
-5.610387325286865234e-01 -7.369031310081481934e-01 -2.993284761905670166e-01
1.160349622368812561e-01 -8.869941234588623047e-01 -2.378283292055130005e-01
-4.678996801376342773e-01 -4.445939362049102783e-01 -2.239834815263748169e-01
-6.942673921585083008e-01 2.164671868085861206e-01 -2.153779566287994385e-01
9.312982857227325439e-02 2.005381882190704346e-01 5.828725695610046387e-01
6.999646425247192383e-01 -2.111201435327529907e-01 -2.107770293951034546e-01
-9.852292388677597046e-02 -9.159474074840545654e-02 8.179053068161010742e-01
-8.039356470108032227e-01 7.930678725242614746e-01 4.145141318440437317e-02
-7.294883020222187042e-03 6.263496875762939453e-01 -7.130654454231262207e-01
7.273478507995605469e-01 6.657615303993225098e-01 -5.680716633796691895e-01
2.508388087153434753e-02 -1.480799317359924316e-01 1.220481470227241516e-01
3.810518383979797363e-01 4.673762992024421692e-02 1.258216798305511475e-01
-9.433208703994750977e-01 -1.109216362237930298e-01 -9.417511224746704102e-01
-5.129631757736206055e-01 -6.827094554901123047e-01 -3.661568760871887207e-01
1.095906347036361694e-01 1.924380362033843994e-01 -7.527002692222595215e-01
1.237818598747253418e-01 -9.019093513488769531e-01 -3.786752521991729736e-01
5.819413810968399048e-02 -3.661496937274932861e-02 3.170343041419982910e-01
-8.048725128173828125e-01 -3.191079497337341309e-01 7.518117427825927734e-01
3.730722069740295410e-01 4.718762636184692383e-01 -4.710599482059478760e-01
-7.242721319198608398e-01 8.816061615943908691e-01 -9.647353887557983398e-01
7.820668816566467285e-01 -4.061347246170043945e-02 5.279789566993713379e-01
1.010656007565557957e-03 2.588855847716331482e-02 -5.281121134757995605e-01
-4.715519025921821594e-02 -7.672320604324340820e-01 -8.046453595161437988e-01
6.664261817932128906e-01 -4.927368462085723877e-01 1.978450119495391846e-01
3.265956342220306396e-01 -1.607470400631427765e-02 2.183243632316589355e-01
-1.760606467723846436e-01 3.008556067943572998e-01 -1.666767448186874390e-01
-4.329884052276611328e-01 5.219548940658569336e-01 -2.235306948423385620e-01
4.668861627578735352e-01 -1.696874350309371948e-01 8.522523045539855957e-01
-9.824283123016357422e-01 5.574599504470825195e-01 -6.156842112541198730e-01
-1.355465203523635864e-01 -2.608113735914230347e-02 -4.211162328720092773e-01
-1.387965381145477295e-01 -3.313856720924377441e-01 -5.664873719215393066e-01
6.258189678192138672e-02 -2.023146003484725952e-01 -5.528333038091659546e-02
5.129897594451904297e-01 9.101493358612060547e-01 2.780258059501647949e-01
6.155547499656677246e-01 -8.590625524520874023e-01 5.733208656311035156e-01
-8.629277348518371582e-01 -8.952194452285766602e-01 7.711583971977233887e-01
-1.783360242843627930e-01 -2.868018448352813721e-01 1.531805694103240967e-01
-6.680210232734680176e-01 -1.301463246345520020e-01 7.414741516113281250e-01
-5.410761237144470215e-01 -6.013633608818054199e-01 3.804157376289367676e-01
-1.163623631000518799e-01 -1.191678829491138458e-02 1.330254077911376953e-01
3.451015949249267578e-01 6.620565056800842285e-01 -1.754527390003204346e-01
-5.498434305191040039e-01 1.986212879419326782e-01 6.772174239158630371e-01
1.882076263427734375e-01 3.100095093250274658e-01 5.901080965995788574e-01
-8.745596408843994141e-01 -3.704618811607360840e-01 7.630696892738342285e-01
-5.872241687029600143e-03 4.568796455860137939e-01 -2.313501685857772827e-01
7.953107357025146484e-01 -7.875697016716003418e-01 3.471487164497375488e-01
5.118720531463623047e-01 2.864354848861694336e-01 -6.604565382003784180e-01
7.998437285423278809e-01 -8.207555860280990601e-02 -1.093907654285430908e-01
-5.049448609352111816e-01 8.188679814338684082e-01 -5.340883042663335800e-03
-6.178306937217712402e-01 -3.859451711177825928e-01 -6.005629301071166992e-01
2.739083170890808105e-01 -4.987012445926666260e-01 4.741648733615875244e-01
6.445626616477966309e-01 6.915026903152465820e-01 -2.607089281082153320e-01
3.483582735061645508e-01 -7.605081051588058472e-02 -4.439767599105834961e-01
7.699490785598754883e-01 -3.847467899322509766e-01 6.837928295135498047e-01
4.790861606597900391e-01 8.105444908142089844e-01 -3.589113354682922363e-01
4.085439741611480713e-01 -1.804738640785217285e-01 -3.467817306518554688e-01
-4.606299102306365967e-02 -1.701110899448394775e-01 6.012391299009323120e-02
3.578574359416961670e-01 6.937136054039001465e-01 -3.280489146709442139e-01
2.159635424613952637e-01 5.361442565917968750e-01 -7.064820080995559692e-02
4.769019037485122681e-02 -9.390287101268768311e-02 5.208357572555541992e-01
7.092284560203552246e-01 -7.395280003547668457e-01 -8.965339064598083496e-01
7.289103865623474121e-01 -3.511489331722259521e-01 9.256685376167297363e-01
-5.049412846565246582e-01 -4.091123044490814209e-01 -7.924433350563049316e-01
-4.409685730934143066e-01 2.876513078808784485e-02 3.514447808265686035e-01
-5.400812029838562012e-01 -6.462761759757995605e-01 7.351193577051162720e-02
1.289622932672500610e-01 -2.143008410930633545e-01 5.126371979713439941e-03
-4.079568013548851013e-02 -1.742210984230041504e-01 -5.295800566673278809e-01
-6.580235958099365234e-01 6.138496398925781250e-01 -4.817325174808502197e-01
1.927848309278488159e-01 1.764067858457565308e-01 -9.724260866641998291e-02
5.917496085166931152e-01 8.482286930084228516e-01 3.246542215347290039e-01
1.883262991905212402e-01 -6.542383432388305664e-01 1.816121339797973633e-01
5.299019217491149902e-01 3.462364375591278076e-01 1.238863244652748108e-01
4.261022061109542847e-02 -2.928238809108734131e-01 5.380528420209884644e-02
-4.164511263370513916e-01 7.940171658992767334e-02 -5.051975846290588379e-01
-9.426613450050354004e-01 5.707868337631225586e-01 -3.462341725826263428e-01
7.018267512321472168e-01 -6.937189102172851562e-01 8.663197755813598633e-01
8.493626117706298828e-01 -3.010546788573265076e-02 -5.508161783218383789e-01
2.409039139747619629e-01 -5.853982567787170410e-01 1.034287437796592712e-01
-9.366560727357864380e-02 -4.556428194046020508e-01 6.712902784347534180e-01
-8.307376503944396973e-02 -4.552403688430786133e-01 -7.277320027351379395e-01
4.649496376514434814e-01 4.291153550148010254e-01 -7.317457795143127441e-01
1.028973013162612915e-01 3.319408372044563293e-02 2.630478739738464355e-01
7.384208440780639648e-01 -5.101701021194458008e-01 7.942578792572021484e-01
-9.101235866546630859e-01 4.325806498527526855e-01 -1.658436357975006104e-01
4.965205788612365723e-01 4.407188296318054199e-01 -5.084720253944396973e-01
-2.808781564235687256e-01 -5.477238893508911133e-01 -6.723856329917907715e-01
1.096290349960327148e-01 -8.675315976142883301e-01 -4.012934863567352295e-01
2.731618881225585938e-01 -3.306189179420471191e-01 2.084090858697891235e-01
2.866056859493255615e-01 -1.082513108849525452e-01 -4.019686281681060791e-01
2.358594238758087158e-01 -5.057805776596069336e-01 7.494809627532958984e-01
9.381318092346191406e-01 -6.658034920692443848e-01 5.711402893066406250e-01
-5.387143492698669434e-01 -2.538485825061798096e-01 -7.737635374069213867e-01
5.239179357886314392e-02 3.409500047564506531e-02 2.588677406311035156e-01
-7.767537236213684082e-01 -2.867550849914550781e-01 7.262575030326843262e-01
-7.812373042106628418e-01 1.952069997787475586e-01 7.286850214004516602e-01
6.515993475914001465e-01 -1.174801215529441833e-02 1.867037415504455566e-01
9.715616703033447266e-02 1.304870396852493286e-01 -4.928205311298370361e-01
-1.643283814191818237e-01 4.277108013629913330e-01 -5.433596670627593994e-02
2.507796883583068848e-01 3.000278174877166748e-01 3.069806694984436035e-01
-7.689362168312072754e-01 -8.971998095512390137e-01 -9.276905059814453125e-01
-4.832921028137207031e-01 7.987358570098876953e-01 4.878590106964111328e-01
-9.563477039337158203e-01 9.486305117607116699e-01 3.885747790336608887e-01
-9.206930398941040039e-01 4.157605767250061035e-01 -7.241091132164001465e-01
-5.698998570442199707e-01 -3.272045254707336426e-01 4.474165141582489014e-01
8.541894555091857910e-01 4.918632283806800842e-02 9.866324663162231445e-01
1.531033962965011597e-01 1.453707814216613770e-01 1.800345480442047119e-01
9.050444364547729492e-01 -4.408502876758575439e-01 6.129183173179626465e-01
-6.412016153335571289e-01 -1.143958345055580139e-01 -1.760596930980682373e-01
3.017784468829631805e-02 5.065346360206604004e-01 5.588185787200927734e-01
-6.419064402580261230e-01 -6.876701712608337402e-01 2.426235377788543701e-01
1.318100690841674805e-01 4.067999869585037231e-02 2.907661497592926025e-01
-8.586525171995162964e-02 2.850007712841033936e-01 -8.538641333580017090e-01
3.267766535282135010e-01 -3.994603157043457031e-01 2.400221228599548340e-01
-2.621774375438690186e-01 5.981912016868591309e-01 -3.875639438629150391e-01
4.315102398395538330e-01 -5.938923731446266174e-02 5.869479775428771973e-01
-3.517380654811859131e-01 -5.086702108383178711e-01 -2.357543259859085083e-01
2.038100212812423706e-01 -9.288938641548156738e-01 -1.512605994939804077e-01
-6.501361131668090820e-01 6.798213124275207520e-01 -6.489203572273254395e-01
7.804473042488098145e-01 2.941058576107025146e-01 -2.865374684333801270e-01
3.565640151500701904e-01 -4.125348925590515137e-01 7.887117862701416016e-01
6.432996988296508789e-01 -5.850920677185058594e-01 3.846382796764373779e-01
-5.400388836860656738e-01 -1.849838048219680786e-01 5.089582204818725586e-01
-7.506638169288635254e-01 -1.597359925508499146e-01 7.030652761459350586e-01
1.338153928518295288e-01 2.735060155391693115e-01 3.731289505958557129e-01
-5.664216876029968262e-01 -4.646933972835540771e-01 -6.059179902076721191e-01
-4.130390286445617676e-01 7.400452345609664917e-02 -2.298473864793777466e-01
-5.237517952919006348e-01 4.318242073059082031e-01 -3.456396460533142090e-01
-9.917665272951126099e-02 6.353034377098083496e-01 -5.432569384574890137e-01
-1.623176485300064087e-01 9.222373962402343750e-01 -7.055360674858093262e-01
-8.679503798484802246e-01 -5.908070802688598633e-01 3.869357705116271973e-01
-5.422230362892150879e-01 8.965972661972045898e-01 -1.005400270223617554e-01
-5.568356513977050781e-01 7.411606907844543457e-01 -4.228901863098144531e-01
-4.979061186313629150e-01 8.501492738723754883e-01 -1.186319291591644287e-01
-6.818168759346008301e-01 -8.007153272628784180e-01 -8.827407360076904297e-01
-9.595138430595397949e-01 -5.209009647369384766e-01 5.202358365058898926e-01
-7.581034302711486816e-01 2.442325204610824585e-01 -4.407522976398468018e-01
-5.152065157890319824e-01 7.765123844146728516e-01 -6.762506961822509766e-01
-1.550219058990478516e-01 1.525483280420303345e-01 -3.135800361633300781e-01
-5.487309098243713379e-01 -1.061967909336090088e-01 3.108772933483123779e-01
6.447483301162719727e-01 -6.256681680679321289e-01 -2.666535079479217529e-01
5.763321518898010254e-01 -3.992945253849029541e-01 8.663470149040222168e-01
6.112479791045188904e-02 2.090488225221633911e-01 -7.022215127944946289e-01
8.065391778945922852e-01 8.211547508835792542e-03 -5.115046501159667969e-01
-6.191744804382324219e-01 9.052661657333374023e-01 4.846791028976440430e-01
2.058674693107604980e-01 8.442863225936889648e-01 -4.721413552761077881e-01
-9.215208292007446289e-01 6.299973130226135254e-01 -9.236455708742141724e-02
-3.634504377841949463e-01 4.208908975124359131e-01 -7.000046372413635254e-01
8.687332868576049805e-01 5.974345803260803223e-01 -5.778537392616271973e-01
-1.636836975812911987e-01 -1.407326906919479370e-01 9.325491189956665039e-01
4.786046445369720459e-01 6.857730746269226074e-01 -3.297238051891326904e-01
3.819323182106018066e-01 -7.169234752655029297e-01 4.318014085292816162e-01
-7.453305125236511230e-01 6.487480401992797852e-01 -7.204784750938415527e-01
2.055826187133789062e-01 7.771508097648620605e-01 -6.292219161987304688e-01
8.544904589653015137e-01 3.478309512138366699e-01 -3.268798887729644775e-01
-8.772604912519454956e-02 1.956708431243896484e-01 7.569032907485961914e-01
-8.635480403900146484e-01 7.604267597198486328e-01 -1.888236552476882935e-01
8.688091635704040527e-01 -9.019368328154087067e-03 3.890839219093322754e-01
-4.510946571826934814e-01 5.449950098991394043e-01 -2.122437655925750732e-01
-1.178292557597160339e-01 -6.276782155036926270e-01 -5.612879991531372070e-01
9.693754315376281738e-01 -5.624912977218627930e-01 6.450881958007812500e-01
-6.020349636673927307e-02 6.547949910163879395e-01 -7.537055015563964844e-01
-8.719471842050552368e-02 -4.322603344917297363e-01 -4.498984217643737793e-01
-6.799677014350891113e-01 8.319084346294403076e-02 -5.915900468826293945e-01
-8.272579312324523926e-01 -6.557276248931884766e-01 8.128566741943359375e-01
-8.946341276168823242e-01 6.975851655006408691e-01 -4.620474874973297119e-01
-4.095265567302703857e-01 1.452310681343078613e-01 -7.485964298248291016e-01
7.715204358100891113e-02 -2.954765558242797852e-01 -4.940256774425506592e-01
7.745685577392578125e-01 -2.545635104179382324e-01 1.069202199578285217e-01
5.868504047393798828e-01 5.806416273117065430e-01 -4.704401195049285889e-01
-7.222871184349060059e-01 -4.743854403495788574e-01 5.200598835945129395e-01
-3.575570881366729736e-01 -7.929890155792236328e-01 6.641612052917480469e-01
9.721128344535827637e-01 -4.048919975757598877e-01 5.534108281135559082e-01
-6.946713924407958984e-01 8.623086214065551758e-01 1.510420590639114380e-01
-4.899707436561584473e-01 8.820549249649047852e-01 5.331534147262573242e-02
3.219295144081115723e-01 2.895397543907165527e-01 -7.033988237380981445e-01
2.416888922452926636e-01 -1.540056467056274414e-01 4.364584684371948242e-01
7.609667778015136719e-01 -8.100494742393493652e-01 8.626551032066345215e-01
1.183330342173576355e-01 -1.874814480543136597e-01 7.691134214401245117e-01
-9.109579324722290039e-01 6.189554929733276367e-01 7.748981565237045288e-02
5.921250581741333008e-01 -7.534100115299224854e-02 6.272160410881042480e-01
-3.629653155803680420e-01 2.755759358406066895e-01 -3.789704442024230957e-01
-3.305356204509735107e-01 3.858263194561004639e-01 5.592657923698425293e-01
3.450826406478881836e-01 8.862546831369400024e-02 -2.742736935615539551e-01
3.376130014657974243e-02 6.652215719223022461e-01 2.380653917789459229e-01
7.561778426170349121e-01 -7.372370958328247070e-01 9.978519678115844727e-01
-3.404128551483154297e-01 -7.012401223182678223e-01 6.065639853477478027e-01
-4.495187103748321533e-01 8.279684931039810181e-02 -8.181790262460708618e-02
-8.179008960723876953e-01 8.330729603767395020e-01 6.162983775138854980e-01
8.639074563980102539e-01 9.544216394424438477e-01 -4.568286836147308350e-01
3.440760374069213867e-01 -5.809422209858894348e-02 2.130722403526306152e-01
5.255258083343505859e-01 -9.875595569610595703e-02 3.471083939075469971e-01
-8.572655916213989258e-01 -2.562825977802276611e-01 7.611000537872314453e-01
-6.590591669082641602e-01 1.904316991567611694e-02 5.430741235613822937e-02
8.187355846166610718e-02 4.757195413112640381e-01 6.013396382331848145e-01
4.497196674346923828e-01 -5.752704665064811707e-02 -1.291021406650543213e-01
3.428628742694854736e-01 -4.072772264480590820e-01 -4.549106210470199585e-02
-3.061102628707885742e-01 -3.225589692592620850e-01 -3.864643275737762451e-01
5.957021117210388184e-01 -2.583996355533599854e-01 7.152259349822998047e-01
1.186410523951053619e-02 3.633624613285064697e-01 -7.036173939704895020e-01
7.582398056983947754e-01 1.506120711565017700e-01 -8.275755047798156738e-01
7.570958733558654785e-01 4.160811007022857666e-01 -3.017231523990631104e-01
-2.774325609207153320e-01 1.609292626380920410e-01 -2.877774834632873535e-01
-3.954099416732788086e-01 -7.241701483726501465e-01 -4.012815952301025391e-01
-3.302043378353118896e-01 -5.096707344055175781e-01 -2.812586426734924316e-01
5.420235991477966309e-01 3.107298612594604492e-01 -8.642280697822570801e-01
-2.468939125537872314e-01 -3.625367283821105957e-01 -4.145777225494384766e-01
-5.988575890660285950e-02 -1.123580262064933777e-01 8.948357701301574707e-01
-7.644265890121459961e-03 -1.416104882955551147e-01 6.750660389661788940e-02
2.615631818771362305e-01 1.438326239585876465e-01 -3.109382092952728271e-01
-7.288154959678649902e-01 -4.629046320915222168e-01 -1.316002905368804932e-01
6.775183081626892090e-01 -1.109364554286003113e-01 -4.973218739032745361e-01
8.558561205863952637e-01 -1.627302467823028564e-01 -6.091872453689575195e-01
-2.204560488462448120e-01 -6.290540695190429688e-01 -6.785724759101867676e-01
-2.001761198043823242e-01 -3.559177219867706299e-01 -2.961883842945098877e-01
-3.581293225288391113e-01 8.914679288864135742e-01 -9.705414623022079468e-02
-2.146844007074832916e-02 -3.272261917591094971e-01 6.649611592292785645e-01
-7.911864519119262695e-01 7.118083834648132324e-01 6.699349880218505859e-01
7.307075858116149902e-01 -8.032802939414978027e-01 3.506674766540527344e-01
7.748770117759704590e-01 5.755680799484252930e-01 -5.591499209403991699e-01
5.632560253143310547e-01 -4.499543905258178711e-01 9.672800451517105103e-02
2.027865052223205566e-01 2.615730166435241699e-01 -5.129576325416564941e-01
-3.734117150306701660e-01 2.888763844966888428e-01 -4.475929439067840576e-01
6.587346196174621582e-01 9.441375136375427246e-01 -3.206715881824493408e-01
9.351403713226318359e-01 8.653696179389953613e-01 1.043484453111886978e-02
9.416161179542541504e-01 9.886197447776794434e-01 -8.403909802436828613e-01
-5.257623642683029175e-02 -2.329195588827133179e-01 -2.105493098497390747e-01
8.495387434959411621e-01 9.828183054924011230e-01 -5.544429421424865723e-01
1.891101151704788208e-01 5.520344972610473633e-01 -3.419381976127624512e-01
3.667635023593902588e-01 7.341841459274291992e-01 -3.392533659934997559e-01
7.143039107322692871e-01 3.207419216632843018e-01 -8.384976387023925781e-01
1.454014480113983154e-01 2.794023156166076660e-01 5.765402317047119141e-01
2.444822043180465698e-01 5.667006969451904297e-01 -7.951318472623825073e-02
9.301060438156127930e-01 2.810518145561218262e-01 -2.261182069778442383e-01
3.700284957885742188e-01 -1.824156790971755981e-01 6.437966823577880859e-01
-5.203418135643005371e-01 -6.687864065170288086e-01 -3.063232898712158203e-01
-7.842826247215270996e-01 -2.303710132837295532e-01 5.630414485931396484e-01
5.054606199264526367e-01 -6.521350145339965820e-02 6.174167990684509277e-01
-7.623037695884704590e-01 3.037568926811218262e-01 9.655294939875602722e-03
-8.750147223472595215e-01 -2.942908108234405518e-01 7.472271919250488281e-01
-7.639370560646057129e-01 9.590078592300415039e-01 -9.848493933677673340e-01
-1.610071808099746704e-01 -7.002393156290054321e-02 8.815090656280517578e-01
7.960939407348632812e-01 -4.086842834949493408e-01 8.613483905792236328e-01
-1.141636520624160767e-01 -5.079370737075805664e-01 -4.583397805690765381e-01
-2.810529172420501709e-01 2.059014886617660522e-01 -3.271115422248840332e-01
-1.787070631980895996e-01 -5.201289653778076172e-01 -5.568856000900268555e-01
-9.162405878305435181e-02 6.454493403434753418e-01 4.428543448448181152e-01
8.409659378230571747e-03 9.198219180107116699e-01 -5.205973982810974121e-01
-8.810802102088928223e-01 -9.685461521148681641e-01 -8.877733945846557617e-01
-5.119769573211669922e-01 2.241930067539215088e-01 7.476543188095092773e-01
-1.382156759500503540e-01 5.222544670104980469e-01 -1.404125988483428955e-01
-6.367777585983276367e-01 -6.661321520805358887e-01 1.189050301909446716e-01
8.735790252685546875e-01 2.482613474130630493e-01 -1.489648222923278809e-01
5.032310485839843750e-01 4.412275254726409912e-01 -5.931783914566040039e-01
-3.862188756465911865e-01 -3.622224330902099609e-01 -3.098806738853454590e-02
-8.646397292613983154e-02 1.773789227008819580e-01 -3.784767985343933105e-01
-8.341459631919860840e-01 -7.200815677642822266e-01 5.298454761505126953e-01
4.216318726539611816e-01 -4.244772195816040039e-01 -1.521797627210617065e-01
-1.957223117351531982e-01 5.239879488945007324e-01 -4.270107150077819824e-01
-5.406631231307983398e-01 -8.434050083160400391e-01 -7.350381612777709961e-01
-1.166090667247772217e-01 -5.070312619209289551e-01 1.490467488765716553e-01
7.665069699287414551e-01 2.151350378990173340e-01 -2.503248453140258789e-01
4.553066790103912354e-01 -7.888433337211608887e-02 8.233808279037475586e-01
-9.507017135620117188e-01 -5.007030367851257324e-01 7.502878308296203613e-01
5.846697688102722168e-01 9.516806006431579590e-01 -3.012062609195709229e-01
2.257939726114273071e-01 -1.005519777536392212e-01 -2.516260147094726562e-01
-2.132867425680160522e-01 -4.539493620395660400e-01 -5.100131034851074219e-01
-3.320140838623046875e-01 -9.010476469993591309e-01 -6.840845942497253418e-01
6.251406669616699219e-01 -5.246298313140869141e-01 1.893153488636016846e-01
5.817537903785705566e-01 5.607479214668273926e-01 -4.448391497135162354e-01
9.194154143333435059e-01 6.288167834281921387e-01 4.481536746025085449e-01
-9.567697048187255859e-01 -1.871001869440078735e-01 -6.206128001213073730e-01
-1.589052826166152954e-01 6.017805933952331543e-01 -4.378165900707244873e-01
4.861171841621398926e-01 -7.492154240608215332e-01 2.568753361701965332e-01
3.549035489559173584e-01 5.785572528839111328e-01 1.512766629457473755e-01
-6.625265479087829590e-01 -4.566428065299987793e-01 6.481325030326843262e-01
-8.641061186790466309e-01 -7.986572384834289551e-01 -8.665425181388854980e-01
1.203340217471122742e-01 3.042939901351928711e-01 -8.153569102287292480e-01
-9.338287115097045898e-01 -3.963704109191894531e-01 8.746600896120071411e-02
-3.074082732200622559e-01 -5.539786219596862793e-01 -5.357893705368041992e-01
-4.627981781959533691e-01 -8.551640063524246216e-02 7.052878737449645996e-01
3.904013037681579590e-01 -1.241487711668014526e-01 -1.346708834171295166e-01
2.660964727401733398e-01 -6.505779623985290527e-01 1.718836277723312378e-01
3.954419195652008057e-01 -2.593016624450683594e-01 -2.282911166548728943e-02
2.995187044143676758e-01 1.328417807817459106e-01 -3.816549852490425110e-02
-6.008301973342895508e-01 -7.482017874717712402e-01 3.186764568090438843e-02
-5.670239329338073730e-01 -1.058081761002540588e-01 -2.838411331176757812e-01
3.334223926067352295e-01 3.608956336975097656e-01 -4.597158432006835938e-01
5.180745720863342285e-01 -9.194415211677551270e-01 3.593987524509429932e-01
1.649139798246324062e-03 -1.969988793134689331e-01 6.419527530670166016e-01
2.058946341276168823e-01 -8.714631795883178711e-01 -8.787805587053298950e-02
-2.105989903211593628e-01 -4.724651277065277100e-01 2.698947787284851074e-01
-4.797869324684143066e-01 7.039000391960144043e-01 -6.622128486633300781e-01
-1.440882086753845215e-01 1.956177502870559692e-02 7.222076058387756348e-01
4.843408465385437012e-01 -6.895332932472229004e-01 7.077997326850891113e-01
-4.362434744834899902e-01 -5.412428379058837891e-01 -4.708265364170074463e-01
3.237843811511993408e-01 -8.496105074882507324e-01 1.769660115242004395e-01
-1.039563491940498352e-01 -8.188811540603637695e-01 -4.774692058563232422e-01
-5.287247300148010254e-01 8.384868502616882324e-01 -5.953843519091606140e-02
-7.689098119735717773e-01 -1.371597349643707275e-01 -2.468640208244323730e-01
-4.534181058406829834e-01 8.921731114387512207e-01 -5.736796259880065918e-01
6.934899091720581055e-01 1.854449808597564697e-01 -8.772715926170349121e-01
4.978940188884735107e-01 -5.242840945720672607e-02 -8.561896681785583496e-01
3.589321076869964600e-01 8.006205409765243530e-02 -3.187875151634216309e-01
8.098920434713363647e-02 -7.314790040254592896e-02 4.229167401790618896e-01
1.556509286165237427e-01 1.171277239918708801e-01 -5.943430662155151367e-01
-5.120232701301574707e-03 -1.886011362075805664e-01 5.775092840194702148e-01
3.839033246040344238e-01 -6.920577287673950195e-01 4.766564369201660156e-01
-8.123645186424255371e-01 -2.545970380306243896e-01 7.847454547882080078e-01
-7.837160825729370117e-01 -3.993446230888366699e-01 6.065403223037719727e-01
5.588561296463012695e-01 -9.413033723831176758e-01 3.720027506351470947e-01
4.035787582397460938e-01 -1.255020052194595337e-01 8.655272424221038818e-03
-3.752055019140243530e-02 1.539347134530544281e-02 -8.196295499801635742e-01
8.302714228630065918e-01 -4.398725926876068115e-01 5.883787274360656738e-01
3.062082827091217041e-01 6.799004077911376953e-01 -3.668046295642852783e-01
4.109621942043304443e-01 4.829558134078979492e-01 2.129081487655639648e-01
3.303742110729217529e-01 1.036794632673263550e-01 -9.666420519351959229e-02
-1.400063782930374146e-01 2.305790223181247711e-02 9.508681893348693848e-01
8.769181966781616211e-01 -7.941605448722839355e-01 3.894332051277160645e-01
-1.989554986357688904e-02 3.446226939558982849e-02 5.962721705436706543e-01
8.727445006370544434e-01 2.945069372653961182e-01 -1.243379786610603333e-01
4.002617001533508301e-01 7.900463342666625977e-01 -2.986717820167541504e-01
5.621275305747985840e-01 -1.366994082927703857e-01 -5.049596428871154785e-01
2.838997542858123779e-01 5.514974594116210938e-01 1.389385908842086792e-01
4.665075838565826416e-01 -2.547604739665985107e-01 7.292456626892089844e-01
3.222974240779876709e-01 -4.543156921863555908e-01 1.150461938232183456e-02
-6.089363098144531250e-01 -7.652862071990966797e-01 -7.411324381828308105e-01
3.848823010921478271e-01 -9.438629746437072754e-01 3.671228587627410889e-01
-1.955097615718841553e-01 -3.666653931140899658e-01 -1.047223657369613647e-01
3.812363743782043457e-01 -2.624524235725402832e-01 -4.093536734580993652e-02
-9.246610850095748901e-02 7.127410173416137695e-02 -8.380308747291564941e-01
-7.179785966873168945e-01 -5.024542212486267090e-01 3.262748122215270996e-01
-5.546151399612426758e-01 -6.227554082870483398e-01 2.616946212947368622e-02
8.617973923683166504e-01 -2.460444122552871704e-01 -8.349956274032592773e-01
-7.741832137107849121e-01 -3.183787167072296143e-01 4.460210800170898438e-01
3.179131448268890381e-01 1.947879195213317871e-01 -2.626473009586334229e-01
8.029029965400695801e-01 2.555837929248809814e-01 -6.312019824981689453e-01
-2.429364472627639771e-01 -1.661652624607086182e-01 -6.287043094635009766e-01
3.739211559295654297e-01 -7.874876260757446289e-01 1.130956187844276428e-01
7.859761714935302734e-01 5.897344946861267090e-01 -6.357421278953552246e-01
3.970670700073242188e-01 -1.712327599525451660e-01 7.450216412544250488e-01
-7.550411820411682129e-01 -2.835999727249145508e-01 5.564789175987243652e-01
-4.413442611694335938e-01 4.374670684337615967e-01 -5.474141240119934082e-01
-7.548294067382812500e-01 -8.350241780281066895e-01 -7.302675843238830566e-01
5.312044024467468262e-01 -1.903895139694213867e-01 -6.972334980964660645e-01
1.113002076745033264e-01 2.147303670644760132e-01 5.004640817642211914e-01
2.715204954147338867e-01 -3.101007640361785889e-01 5.017977952957153320e-01
-5.933128595352172852e-01 3.698949515819549561e-02 2.070326060056686401e-01
4.979466497898101807e-01 7.159782052040100098e-01 -3.515714108943939209e-01
-4.978375732898712158e-01 3.993329107761383057e-01 -3.687953650951385498e-01
4.804356992244720459e-01 8.489611148834228516e-01 2.131952494382858276e-01
7.002382874488830566e-01 -3.233231604099273682e-01 1.229495462030172348e-02
7.098707556724548340e-02 1.630081534385681152e-01 4.738910496234893799e-01
-9.467305541038513184e-01 -7.574757933616638184e-01 6.486440896987915039e-01
-5.923789143562316895e-01 6.864618062973022461e-01 -6.995344161987304688e-02
7.704842090606689453e-01 9.431436061859130859e-01 -1.097489297389984131e-01
5.581279993057250977e-01 -6.292909383773803711e-02 1.404845863580703735e-01
8.869869112968444824e-01 -1.374417245388031006e-01 -7.319125533103942871e-01
1.486692428588867188e-01 -1.476551145315170288e-01 6.616706252098083496e-01
-8.293207287788391113e-01 7.956299781799316406e-01 -5.583962798118591309e-01
-7.295922040939331055e-01 3.119886294007301331e-02 -4.657003581523895264e-01
9.225327372550964355e-01 7.062304615974426270e-01 4.412775933742523193e-01
6.053732037544250488e-01 -5.308116078376770020e-01 6.073961034417152405e-02
1.781082898378372192e-01 4.840922951698303223e-01 1.208761706948280334e-01
6.473059654235839844e-01 9.235298037528991699e-01 4.926156997680664062e-02
5.036875009536743164e-01 5.399680137634277344e-02 5.603192448616027832e-01
-3.174454569816589355e-01 -8.394962549209594727e-01 -7.713998556137084961e-01
-3.070594072341918945e-01 -7.943891733884811401e-02 6.237302422523498535e-01
-1.722944527864456177e-01 3.869037330150604248e-01 -9.447591379284858704e-03
-5.253968238830566406e-01 8.269081115722656250e-01 -2.770026028156280518e-01
-2.212270200252532959e-01 -2.745672464370727539e-01 8.381819128990173340e-01
-6.209207773208618164e-01 -4.721544981002807617e-01 1.021121516823768616e-01
-9.522612094879150391e-01 5.174314379692077637e-01 -2.675953507423400879e-01
1.519087553024291992e-01 2.878627181053161621e-01 -4.416602849960327148e-01
2.147005498409271240e-01 1.245353817939758301e-01 6.129068732261657715e-01
2.856625914573669434e-01 8.944141864776611328e-02 -3.415833711624145508e-01
5.487625598907470703e-01 -8.414998054504394531e-01 8.858542442321777344e-01
-8.008038997650146484e-01 4.267726540565490723e-01 -5.803256109356880188e-02
8.046693801879882812e-01 1.483331620693206787e-02 8.596550226211547852e-01
-5.539662837982177734e-01 7.537506222724914551e-01 -3.688984513282775879e-01
5.819655656814575195e-01 -1.822402626276016235e-01 -2.139526307582855225e-01
-4.997092764824628830e-03 -6.584910750389099121e-01 -7.953397035598754883e-01
-7.760233879089355469e-01 9.004113823175430298e-02 6.070215106010437012e-01
9.450352787971496582e-01 -6.932360529899597168e-01 6.016388535499572754e-01
5.933296084403991699e-01 -2.691282629966735840e-01 7.595947980880737305e-01
1.098401993513107300e-01 3.463691771030426025e-01 -8.574047684669494629e-01
2.412015795707702637e-01 -3.561750054359436035e-01 -3.726568520069122314e-01
8.126349449157714844e-01 4.075590968132019043e-01 -6.580471396446228027e-01
8.086059093475341797e-01 -2.578836679458618164e-01 -7.993050217628479004e-01
1.143447160720825195e-01 2.824129164218902588e-01 1.673002243041992188e-01
-9.978026151657104492e-02 -5.351040884852409363e-02 8.534927368164062500e-01
5.806457996368408203e-01 -4.943588972091674805e-01 1.470202058553695679e-01
3.041773736476898193e-01 -4.704406261444091797e-01 5.100496411323547363e-01
3.574710190296173096e-01 -1.794837266206741333e-01 6.354333162307739258e-01
-7.691141963005065918e-01 1.577855050563812256e-01 7.289866805076599121e-01
2.706986851990222931e-02 -7.099499106407165527e-01 -1.229907348752021790e-01
-9.881967902183532715e-01 -5.328366160392761230e-01 7.090671062469482422e-01
-6.944971680641174316e-01 3.633730709552764893e-01 7.668685317039489746e-01
6.011393666267395020e-01 3.538200855255126953e-01 -7.362704277038574219e-01
-9.541455507278442383e-01 4.334203004837036133e-01 -5.439233183860778809e-01
1.262700557708740234e-01 3.433531522750854492e-01 -7.595213055610656738e-01
-3.963949680328369141e-01 -1.371007859706878662e-01 -5.787830352783203125e-01
-1.827077269554138184e-01 -6.029798984527587891e-01 2.892489731311798096e-01
-9.236553311347961426e-02 -1.400740444660186768e-01 -7.012810111045837402e-01
-3.577793538570404053e-01 4.710939526557922363e-01 -6.120796203613281250e-01
7.812229990959167480e-01 -7.180287688970565796e-02 6.391626000404357910e-01
6.392579078674316406e-01 9.233415126800537109e-01 1.410126537084579468e-01
6.886392831802368164e-01 -4.560914039611816406e-01 3.080876767635345459e-01
-9.536106586456298828e-01 -3.992677330970764160e-01 5.836622118949890137e-01
-7.516223192214965820e-01 9.648329615592956543e-01 5.683780312538146973e-01
9.930826723575592041e-02 5.551170706748962402e-01 5.638029575347900391e-01
3.018975257873535156e-01 7.460635304450988770e-01 -2.807529270648956299e-01
4.619875252246856689e-01 -7.518870234489440918e-01 7.722391486167907715e-01
6.182833313941955566e-01 -1.069006249308586121e-01 6.478289365768432617e-01
5.649092793464660645e-01 -6.919707655906677246e-01 3.460503220558166504e-01
-5.647648572921752930e-01 5.682547688484191895e-01 -3.394468724727630615e-01
-9.415988326072692871e-01 7.602955102920532227e-01 -5.884353518486022949e-01
4.660429954528808594e-01 -2.196865230798721313e-01 9.568284153938293457e-01
-9.914990663528442383e-01 -2.360547333955764771e-01 2.382199913263320923e-01
8.864023685455322266e-01 5.333386063575744629e-01 2.395148575305938721e-01
6.032344698905944824e-01 1.126329749822616577e-01 2.311854064464569092e-01
4.310379177331924438e-02 1.133051514625549316e-01 -7.041278481483459473e-01
5.670284628868103027e-01 -2.222548574209213257e-01 9.625558853149414062e-01
-6.991757154464721680e-01 7.610501348972320557e-02 -9.135651588439941406e-02
-3.458258509635925293e-01 5.186262726783752441e-01 5.300315022468566895e-01
8.556271791458129883e-01 1.603019051253795624e-02 7.856730818748474121e-01
5.034771561622619629e-01 -6.095412373542785645e-01 5.799806118011474609e-01
-3.517970442771911621e-01 -7.947722077369689941e-01 3.801003992557525635e-01
6.612772345542907715e-01 3.936820328235626221e-01 -2.829054892063140869e-01
-7.546384334564208984e-01 -4.381472244858741760e-02 5.391971468925476074e-01
7.376362085342407227e-01 2.387427538633346558e-02 9.517552852630615234e-01
-3.597422242164611816e-01 2.282141596078872681e-01 -7.484977245330810547e-01
2.533855140209197998e-01 4.106085300445556641e-01 -6.077158823609352112e-02
6.619458198547363281e-01 -7.948874831199645996e-01 9.147088527679443359e-01
-7.125298976898193359e-01 2.773507535457611084e-01 2.929272502660751343e-02
2.278511673212051392e-01 3.172401189804077148e-01 1.690239012241363525e-01
6.376431584358215332e-01 3.363735675811767578e-01 -7.788979411125183105e-01
3.641425073146820068e-02 2.129068970680236816e-01 -6.668578982353210449e-01
-1.392607688903808594e-01 1.403483301401138306e-01 8.529235720634460449e-01
1.049983054399490356e-01 2.927867472171783447e-01 5.136975049972534180e-01
-8.216033577919006348e-01 -1.852518767118453979e-01 5.138170123100280762e-01
7.317823171615600586e-01 9.207393974065780640e-02 8.221683502197265625e-01
4.371558129787445068e-01 -5.374634265899658203e-01 -5.098786950111389160e-01
3.027874827384948730e-01 -4.335820376873016357e-01 1.215004622936248779e-01
-1.249343715608119965e-02 1.582764685153961182e-01 -7.035854458808898926e-01
-6.561865210533142090e-01 7.196798920631408691e-01 -4.885862171649932861e-01
9.175021052360534668e-01 5.563422441482543945e-01 4.598591923713684082e-01
4.284019172191619873e-01 -6.247206404805183411e-02 8.996686339378356934e-01
5.889841914176940918e-01 8.154216408729553223e-01 3.639084100723266602e-01
9.097789227962493896e-02 3.911818563938140869e-01 6.064388751983642578e-01
-6.336811780929565430e-01 -1.537897586822509766e-01 -1.082837954163551331e-01
-6.453382968902587891e-01 7.545408606529235840e-01 -1.641554981470108032e-01
3.815374374389648438e-01 -1.820591986179351807e-01 -3.838160634040832520e-01
-2.556804418563842773e-01 -5.700612068176269531e-01 -4.977182447910308838e-01
-8.027215600013732910e-01 6.708877682685852051e-01 2.375626713037490845e-01
-1.510886549949645996e-01 -2.639330625534057617e-01 3.272948861122131348e-01
-8.243769407272338867e-02 4.604238271713256836e-01 -1.166344657540321350e-01
1.793210506439208984e-01 5.087580904364585876e-02 3.838639259338378906e-01
-4.167052805423736572e-01 -8.096976280212402344e-01 -8.507640361785888672e-01
-4.177146553993225098e-01 -2.039918005466461182e-01 -7.760164141654968262e-01
-5.049952864646911621e-01 -2.057872712612152100e-01 -5.835025310516357422e-01
8.002904057502746582e-01 -4.913301169872283936e-01 3.943680226802825928e-01
4.842603206634521484e-02 -6.036813855171203613e-01 -7.205983400344848633e-01
5.029662847518920898e-01 -4.186775684356689453e-01 -3.833823204040527344e-01
-7.172647714614868164e-01 -7.047330737113952637e-01 -4.107944667339324951e-01
-5.531321763992309570e-01 -3.352804481983184814e-01 -4.805087447166442871e-01
-3.066113591194152832e-01 8.000642657279968262e-01 -6.233699321746826172e-01
-6.719982028007507324e-01 9.724686741828918457e-01 5.070958137512207031e-01
-8.655598163604736328e-01 8.463777303695678711e-01 -6.523708105087280273e-01
-5.799183845520019531e-01 -5.794737339019775391e-01 -7.555246353149414062e-01
-5.552020668983459473e-01 -8.221933841705322266e-01 -9.351710677146911621e-01
-9.016492366790771484e-01 -8.993893116712570190e-02 -9.506695866584777832e-01
2.044345885515213013e-01 -4.859362244606018066e-01 3.864232599735260010e-01
-4.032558798789978027e-01 7.586951851844787598e-01 -1.596885919570922852e-01
-8.196581602096557617e-01 -7.549753189086914062e-01 -9.742704033851623535e-01
3.980173766613006592e-01 -2.500737607479095459e-01 6.714100837707519531e-01
5.410110354423522949e-01 -2.314200997352600098e-01 2.340731173753738403e-01
-2.375897765159606934e-01 -3.837912678718566895e-01 -2.829840183258056641e-01
5.519915819168090820e-01 -4.209421277046203613e-01 8.440086245536804199e-01
9.513912796974182129e-01 -5.538512468338012695e-01 5.633720755577087402e-01
3.596596121788024902e-01 6.945057511329650879e-01 -4.749819040298461914e-01
3.123486638069152832e-01 -2.293339222669601440e-01 2.604988813400268555e-01
5.778467655181884766e-01 -5.231245160102844238e-01 6.841737627983093262e-01
4.464982151985168457e-01 -5.351747274398803711e-01 9.167568683624267578e-01
-3.264296334236860275e-03 -3.598824739456176758e-01 -5.613302588462829590e-01
-8.691808581352233887e-01 -5.934703350067138672e-01 4.585154056549072266e-01
-7.965009212493896484e-01 8.072329759597778320e-01 -4.842589795589447021e-01
-5.084044337272644043e-01 -5.072233080863952637e-01 -6.981544494628906250e-01
7.744796276092529297e-01 -6.433128714561462402e-01 6.017404198646545410e-01
-6.882107853889465332e-01 6.116705536842346191e-01 3.611715510487556458e-02
-6.649287939071655273e-01 2.708702683448791504e-01 7.361735105514526367e-01
1.464394629001617432e-01 -5.413176864385604858e-02 1.349761784076690674e-01
-8.011294603347778320e-01 -2.093401402235031128e-01 -4.059228897094726562e-01
-4.611307010054588318e-02 -1.023351401090621948e-01 -5.224113464355468750e-01
1.922716945409774780e-01 -4.902784228324890137e-01 6.360183358192443848e-01
-4.214316606521606445e-02 -4.659152925014495850e-01 -6.323757171630859375e-01
-2.509418688714504242e-02 1.473373621702194214e-01 2.444982528686523438e-04
-5.606274008750915527e-01 -1.550419777631759644e-01 -1.674751937389373779e-01
5.066584944725036621e-01 -2.425412237644195557e-01 9.413663744926452637e-01
9.886147379875183105e-01 -4.380089044570922852e-01 7.330269813537597656e-01
3.477791324257850647e-02 3.037857711315155029e-01 5.556303858757019043e-01
7.601541280746459961e-01 2.043065279722213745e-01 -1.015017852187156677e-01
-3.106816112995147705e-01 1.749831438064575195e-01 -9.474372267723083496e-01
1.187842413783073425e-01 2.756547927856445312e-01 -8.363199830055236816e-01
4.013265296816825867e-02 2.816452980041503906e-01 -6.638548374176025391e-01
5.362529158592224121e-01 7.623324394226074219e-01 -4.622679203748703003e-02
8.889394402503967285e-01 -5.466572642326354980e-01 3.537066280841827393e-01
-2.909506484866142273e-02 -3.244289755821228027e-01 7.258841991424560547e-01
-5.876429677009582520e-01 1.738403737545013428e-01 7.147572636604309082e-01
-3.365961909294128418e-01 5.429496169090270996e-01 -2.947548031806945801e-01
7.239962220191955566e-01 -7.411808967590332031e-01 5.856863856315612793e-01
-7.623034715652465820e-01 7.064023613929748535e-01 7.936182022094726562e-01
-4.521572887897491455e-01 4.849578440189361572e-02 6.879111528396606445e-01
6.531879305839538574e-01 -6.564272195100784302e-02 8.696077018976211548e-02
-4.463328719139099121e-01 6.586074233055114746e-01 -4.647231101989746094e-02
-1.232718005776405334e-01 -2.644589245319366455e-01 -4.635553658008575439e-01
1.748950928449630737e-01 2.704405784606933594e-01 1.404107362031936646e-01
6.977118849754333496e-01 -2.622325122356414795e-01 -2.071032822132110596e-01
-5.024758577346801758e-01 -1.536398977041244507e-01 -3.362633883953094482e-01
-7.223026752471923828e-01 8.165911436080932617e-01 2.500081658363342285e-01
-2.971815466880798340e-01 1.270662695169448853e-01 -3.737335205078125000e-01
5.884091258049011230e-01 2.701906263828277588e-01 -7.865290641784667969e-01
1.556609272956848145e-01 2.096744626760482788e-01 -4.646835625171661377e-01
8.613688945770263672e-01 7.253383994102478027e-01 -6.700353324413299561e-02
8.614601492881774902e-01 -9.312448501586914062e-01 8.276484012603759766e-01
4.612410664558410645e-01 -3.805755078792572021e-01 8.176972270011901855e-01
-1.576011329889297485e-01 5.038570761680603027e-01 -6.756506562232971191e-01
-1.930155009031295776e-01 1.300872117280960083e-01 -7.886086702346801758e-01
-6.118637919425964355e-01 9.292125105857849121e-01 2.106936573982238770e-01
-1.208929643034934998e-01 7.404748797416687012e-01 -4.784534871578216553e-01
-6.415240168571472168e-01 -6.249877810478210449e-01 4.309903383255004883e-01
1.376895606517791748e-01 2.220960408449172974e-01 3.548939526081085205e-01
-5.171958208084106445e-01 -6.563000082969665527e-01 -6.974009275436401367e-01
3.792386054992675781e-01 6.466499567031860352e-01 2.789046168327331543e-01
-1.480916738510131836e-01 -4.037116169929504395e-01 5.052866339683532715e-01
-7.117358446121215820e-01 9.977648407220840454e-02 -9.738104939460754395e-01
-3.858979046344757080e-01 -9.756708145141601562e-02 -8.776966929435729980e-01
-7.751602530479431152e-01 7.643732428550720215e-01 8.705698847770690918e-01
8.666973114013671875e-01 4.048544168472290039e-01 -6.067866683006286621e-01
1.374480035156011581e-02 4.141305387020111084e-01 -3.321479856967926025e-01
3.370206356048583984e-01 -4.555841088294982910e-01 2.839078903198242188e-01
-1.482113003730773926e-01 -5.805846452713012695e-01 3.363701701164245605e-01
3.760187029838562012e-01 -4.346765577793121338e-01 6.254960894584655762e-01
6.482765078544616699e-01 -2.165902405977249146e-01 1.616294234991073608e-01
-8.424503207206726074e-01 -4.610946476459503174e-01 -8.443478345870971680e-01
-7.885329723358154297e-01 -6.552245002239942551e-03 5.634369850158691406e-01
5.073884129524230957e-01 -3.573976755142211914e-01 4.377885758876800537e-01
-8.020706772804260254e-01 -7.872103452682495117e-01 -8.461256623268127441e-01
8.688493072986602783e-02 5.593209266662597656e-01 -7.866064310073852539e-01
6.794499158859252930e-01 -1.013920605182647705e-01 3.531868755817413330e-01
5.448515415191650391e-01 1.600806415081024170e-01 -9.819862246513366699e-01
-3.036163449287414551e-01 9.372965246438980103e-02 -9.100492596626281738e-01
5.559544563293457031e-01 6.215569376945495605e-01 2.443564981222152710e-01
3.641986548900604248e-01 3.321659564971923828e-01 3.041227459907531738e-01
-3.041437268257141113e-01 5.645524337887763977e-02 -8.214157819747924805e-01
-5.016068220138549805e-01 -8.085229992866516113e-02 3.777355253696441650e-01
4.158371090888977051e-01 4.414845705032348633e-01 1.550559997558593750e-01
-9.618106484413146973e-01 -3.740730285644531250e-01 7.214702963829040527e-01
-6.284719705581665039e-01 -7.272570729255676270e-01 7.717500627040863037e-02
-7.905863523483276367e-01 6.836114525794982910e-01 9.571678638458251953e-01
1.690373420715332031e-01 4.532915651798248291e-01 -6.784934401512145996e-01
-8.876053243875503540e-02 -1.533856987953186035e-01 1.601592153310775757e-01
-2.221665680408477783e-01 -5.283082127571105957e-01 -3.888577222824096680e-01
1.933698803186416626e-01 4.110919833183288574e-01 -2.147082239389419556e-02
-9.114302992820739746e-01 -8.655883073806762695e-01 -3.602963984012603760e-01
-5.811988115310668945e-01 8.274114727973937988e-01 -3.371303975582122803e-01
-1.040138974785804749e-01 9.259392023086547852e-01 -7.737727165222167969e-01
4.347571134567260742e-01 -4.590275883674621582e-01 -4.163767695426940918e-01
2.064355611801147461e-01 4.398095309734344482e-01 2.065800428390502930e-01
4.404377639293670654e-01 -1.470970064401626587e-01 4.556910097599029541e-01
4.812161028385162354e-01 -8.351503610610961914e-01 9.100571870803833008e-01
-6.168608069419860840e-01 -5.314912199974060059e-01 2.318065464496612549e-01
-4.009578824043273926e-01 5.167753696441650391e-01 5.040518045425415039e-01
-1.652280390262603760e-01 -1.548930555582046509e-01 2.464408129453659058e-01
5.200102329254150391e-01 3.146250545978546143e-01 -9.297851324081420898e-01
5.205577611923217773e-01 -5.827859640121459961e-01 -6.350442767143249512e-01
-8.637177944183349609e-01 -2.805019319057464600e-01 -6.558395028114318848e-01
-3.749872744083404541e-01 -5.198525190353393555e-01 -7.411367893218994141e-01
1.051892936229705811e-01 2.632514834403991699e-01 5.748243331909179688e-01
5.520364046096801758e-01 -1.160279065370559692e-01 -1.269420683383941650e-01
-5.049160122871398926e-01 7.810087800025939941e-01 -2.065107673406600952e-01
4.904988408088684082e-01 6.354609727859497070e-01 1.844548434019088745e-01
8.528069257736206055e-01 9.425055384635925293e-01 -8.306955099105834961e-01
6.479064226150512695e-01 3.332809805870056152e-01 -6.678241491317749023e-01
-7.939493656158447266e-01 9.717351794242858887e-01 5.845406651496887207e-01
-2.271457165479660034e-01 3.098767399787902832e-01 9.415824897587299347e-03
-8.852051496505737305e-01 9.208696484565734863e-01 -3.257837891578674316e-01
3.802087008953094482e-01 -6.223635673522949219e-01 -6.272409111261367798e-02
4.184386730194091797e-01 -3.095032572746276855e-01 -4.382471144199371338e-01
1.314945705235004425e-02 1.684192568063735962e-01 7.336915135383605957e-01
4.077297747135162354e-01 7.514020800590515137e-01 -4.809059500694274902e-01
-6.578888744115829468e-02 -9.031300544738769531e-01 -9.585950374603271484e-01
4.768198132514953613e-01 6.057419776916503906e-01 -5.297461748123168945e-01
5.802594423294067383e-01 -1.271867156028747559e-01 6.921297311782836914e-01
-6.043900251388549805e-01 -3.584176599979400635e-01 6.381335854530334473e-01
3.471774458885192871e-01 -2.411557137966156006e-01 4.817580580711364746e-01
-1.418548077344894409e-01 -1.196764484047889709e-01 9.280733466148376465e-01
-5.607445240020751953e-01 -7.621922492980957031e-01 -3.435955848544836044e-03
1.543557643890380859e-01 3.920057117938995361e-01 2.393671721220016479e-01
-9.219922870397567749e-02 -5.068731904029846191e-01 1.514361202716827393e-01
3.200554847717285156e-01 -1.564698070287704468e-01 5.731910467147827148e-01
-6.849389076232910156e-01 8.712776005268096924e-02 -8.353652805089950562e-02
4.198382794857025146e-01 -5.731810331344604492e-01 -7.649368792772293091e-02
4.665371030569076538e-02 2.434839457273483276e-01 6.690463423728942871e-01
-1.015843749046325684e-01 5.699448585510253906e-01 -4.158969521522521973e-01
3.079230487346649170e-01 -1.783106327056884766e-01 -3.478631377220153809e-01
-3.162968754768371582e-01 -3.108333647251129150e-01 -2.954774200916290283e-01
-4.982127249240875244e-01 -5.728523731231689453e-01 1.302492469549179077e-01
-2.171381413936614990e-01 -4.960896372795104980e-01 2.989210486412048340e-01
-8.615736961364746094e-01 8.811095952987670898e-01 1.625616103410720825e-01
-1.459356099367141724e-01 -2.409657686948776245e-01 2.458236515522003174e-01
5.125964879989624023e-01 3.514134287834167480e-01 -7.844189405441284180e-01
2.300201356410980225e-01 -4.338788092136383057e-01 8.019064068794250488e-01
-7.501415014266967773e-01 -7.552010416984558105e-01 -4.544822573661804199e-01
1.687642633914947510e-01 5.673318505287170410e-01 -6.893442869186401367e-01
-5.040861368179321289e-01 7.414613962173461914e-01 -2.631123960018157959e-01
1.698777079582214355e-01 1.209604553878307343e-02 6.071019172668457031e-01
7.075334787368774414e-01 -2.670209705829620361e-01 -7.593703269958496094e-01
-9.784259796142578125e-01 -2.436739653348922729e-01 -8.652617931365966797e-01
-2.854999303817749023e-01 7.453020215034484863e-01 -7.717339992523193359e-01
-6.687204241752624512e-01 6.436746567487716675e-02 -1.614004522562026978e-01
2.624021172523498535e-01 4.392614066600799561e-01 -4.766898751258850098e-01
-1.347028315067291260e-01 9.171383380889892578e-01 -7.592382431030273438e-01
6.752312183380126953e-01 -9.880536794662475586e-01 -9.646868109703063965e-01
7.778881192207336426e-01 5.177770256996154785e-01 -5.627493858337402344e-01
5.116305947303771973e-01 8.257229328155517578e-01 2.432050406932830811e-01
-7.073314785957336426e-01 -6.341094970703125000e-01 3.129220306873321533e-01
6.000254154205322266e-01 7.230454683303833008e-01 -4.456753432750701904e-01
8.202611804008483887e-01 8.296780288219451904e-02 -4.717862233519554138e-02
2.081337422132492065e-01 -2.876419126987457275e-01 7.249441146850585938e-01
4.872989282011985779e-02 -1.197915673255920410e-01 4.232170879840850830e-01
-6.316490769386291504e-01 6.793680191040039062e-01 -2.356004714965820312e-01
6.511671543121337891e-01 -2.609513998031616211e-01 -7.943917512893676758e-01
-2.945648431777954102e-01 2.555603161454200745e-03 -6.762486100196838379e-01
6.846836805343627930e-01 6.265540122985839844e-01 -1.843553036451339722e-01
6.742023825645446777e-01 1.204136759042739868e-01 -5.285689234733581543e-01
7.615447640419006348e-01 1.124091073870658875e-01 8.786270022392272949e-01
-9.057494401931762695e-01 -6.930623054504394531e-01 -4.431760013103485107e-01
6.780712604522705078e-01 2.554101943969726562e-01 -8.023068308830261230e-01
-4.699264168739318848e-01 7.624136805534362793e-01 -7.322522401809692383e-01
-5.753474310040473938e-02 6.074202656745910645e-01 -4.445830583572387695e-01
8.178291320800781250e-01 9.538187980651855469e-01 -1.140221655368804932e-01
-4.304270446300506592e-01 -2.806389331817626953e-01 -6.589083075523376465e-01
-4.258515834808349609e-01 9.359387159347534180e-01 -4.236616194248199463e-02
-7.567462921142578125e-01 4.156567454338073730e-01 9.331960976123809814e-02
6.360527276992797852e-01 2.887450456619262695e-01 -7.293172478675842285e-01
-2.750765085220336914e-01 -1.630622446537017822e-01 -4.841906726360321045e-01
-6.165660023689270020e-01 -2.178419381380081177e-01 8.849464058876037598e-01
-3.637623488903045654e-01 -1.711407005786895752e-01 -5.234766006469726562e-01
-7.311936616897583008e-01 2.758328020572662354e-01 1.771481037139892578e-01
8.669509887695312500e-01 -1.532553136348724365e-01 -5.166608095169067383e-01
-8.229462504386901855e-01 -9.060603380203247070e-01 -8.691601753234863281e-01
-1.150614470243453979e-01 -6.638725847005844116e-02 2.138399034738540649e-01
2.943543791770935059e-01 -5.544831752777099609e-01 6.565578579902648926e-01
1.769474148750305176e-01 -5.163342952728271484e-01 7.402601242065429688e-01
3.400150239467620850e-01 -4.478126168251037598e-01 3.281340301036834717e-01
4.117536246776580811e-01 4.543322920799255371e-01 -1.160122677683830261e-01
3.826871514320373535e-01 4.942672550678253174e-01 -2.212112545967102051e-01
-9.506894946098327637e-01 -5.601682662963867188e-01 9.176877140998840332e-02
-2.869326472282409668e-01 1.813105680048465729e-02 -3.140955269336700439e-01
5.853568911552429199e-01 4.015865623950958252e-01 -6.834418773651123047e-01
4.129855930805206299e-01 9.058122038841247559e-01 3.374509811401367188e-01
5.447289943695068359e-01 2.931093275547027588e-01 -1.682512760162353516e-01
3.673519790172576904e-01 2.140412479639053345e-01 -1.900991499423980713e-01
2.809735238552093506e-01 -7.883779406547546387e-01 -6.151659041643142700e-02
-6.565991640090942383e-01 -6.110883355140686035e-01 9.307732433080673218e-02
7.781842350959777832e-01 6.242566704750061035e-01 -5.427978634834289551e-01
4.709737896919250488e-01 5.836791396141052246e-01 -3.031797111034393311e-01
-9.116178750991821289e-01 -9.070632047951221466e-03 3.053535148501396179e-02
-7.780468463897705078e-01 3.476654887199401855e-01 -4.204781726002693176e-02
-5.652352571487426758e-01 -6.796477437019348145e-01 -3.337002992630004883e-01
6.736166477203369141e-01 -9.647876620292663574e-01 7.212604284286499023e-01
4.192853569984436035e-01 5.208490490913391113e-01 -5.928874015808105469e-02
6.673157215118408203e-01 -2.213143706321716309e-01 -5.020061135292053223e-01
2.531034350395202637e-01 -2.258405238389968872e-01 3.614326715469360352e-01
7.980770468711853027e-01 -2.508043944835662842e-01 -2.348905801773071289e-02
6.840866804122924805e-01 2.166694253683090210e-01 3.413752913475036621e-01
7.416477799415588379e-01 -6.484447121620178223e-01 5.784450769424438477e-01
3.902334570884704590e-01 5.697800517082214355e-01 1.628632396459579468e-01
1.072953417897224426e-01 -1.698682159185409546e-01 -8.113033175468444824e-01
-2.638548612594604492e-01 -3.544631004333496094e-01 4.260887503623962402e-01
-3.888648003339767456e-02 -4.544122815132141113e-01 2.212413102388381958e-01
2.046121209859848022e-01 1.839469522237777710e-01 -5.295338034629821777e-01
-4.807890653610229492e-01 3.918737769126892090e-01 -4.096584320068359375e-01
7.633193731307983398e-01 -3.771381378173828125e-01 -2.113118022680282593e-01
2.930997908115386963e-01 4.548393189907073975e-01 4.832929372787475586e-01
2.901887297630310059e-01 -1.528827250003814697e-01 3.950207531452178955e-01
3.336376249790191650e-01 3.101866543292999268e-01 -6.823667883872985840e-01
-2.614458203315734863e-01 -1.370653361082077026e-01 9.092972278594970703e-01
3.213368356227874756e-01 4.426074624061584473e-01 3.415407240390777588e-01
1.270556002855300903e-01 2.556884288787841797e-01 -5.667272806167602539e-01
-3.904431164264678955e-01 -3.213386535644531250e-01 -7.594344019889831543e-01
6.834672689437866211e-01 7.837454676628112793e-01 4.962119758129119873e-01
4.775546193122863770e-01 -7.536742836236953735e-02 4.193946421146392822e-01
7.772970199584960938e-02 -2.381142787635326385e-02 3.246107995510101318e-01
6.675908565521240234e-01 -2.115255445241928101e-01 4.996196627616882324e-01
5.544641017913818359e-01 -3.880257904529571533e-01 -3.035924434661865234e-01
4.393739700317382812e-01 5.199966430664062500e-01 2.781057357788085938e-01
7.258307337760925293e-01 8.797578811645507812e-01 -2.883666455745697021e-01
6.767351031303405762e-01 4.762533009052276611e-01 -5.993297100067138672e-01
-7.498301267623901367e-01 8.695951700210571289e-01 8.131878077983856201e-02
-6.193643808364868164e-01 -6.935191154479980469e-01 -1.215805932879447937e-01
-4.416234493255615234e-01 8.454834818840026855e-01 -6.915534138679504395e-01
-6.556507945060729980e-01 7.753010392189025879e-01 -3.951808214187622070e-01
-1.376640647649765015e-01 1.115795671939849854e-01 -5.502225160598754883e-01
5.585144162178039551e-01 -4.032262861728668213e-01 8.574063777923583984e-01
6.666446924209594727e-01 -6.830098628997802734e-01 5.676842331886291504e-01
7.813602089881896973e-01 -3.521562218666076660e-01 1.552321165800094604e-01
7.307629585266113281e-01 -8.639144897460937500e-02 -6.187164187431335449e-01
-2.202426940202713013e-01 1.460707038640975952e-01 -5.498204231262207031e-01
5.475652813911437988e-01 8.181241750717163086e-01 -2.440872937440872192e-01
-7.367023229598999023e-01 6.529386043548583984e-01 -1.562203764915466309e-01
-8.097074031829833984e-01 5.117035508155822754e-01 3.439137637615203857e-01
-5.136379599571228027e-01 -6.838255524635314941e-01 5.340459942817687988e-01
-2.116656750440597534e-01 -4.962441921234130859e-01 -6.887728571891784668e-01
3.415371477603912354e-01 -8.288777619600296021e-02 5.239598453044891357e-02
6.259084939956665039e-01 -6.789086461067199707e-01 -2.002834081649780273e-01
-1.861595548689365387e-02 2.028729766607284546e-01 -3.006370663642883301e-01
5.934553742408752441e-01 -1.805149763822555542e-01 2.805107831954956055e-01
8.114458918571472168e-01 7.041184306144714355e-01 8.814773559570312500e-01
3.539158999919891357e-01 -6.472846269607543945e-01 1.517108827829360962e-01
2.849854528903961182e-01 4.361459016799926758e-01 -6.782678365707397461e-01
-1.101889088749885559e-01 2.998194098472595215e-01 -3.031915128231048584e-01
-6.156721115112304688e-01 7.765979170799255371e-01 4.058814942836761475e-01
6.560435295104980469e-01 8.146319538354873657e-02 5.841270089149475098e-01
-1.979327797889709473e-01 4.494709372520446777e-01 -2.911725938320159912e-01
-5.186436772346496582e-01 -8.303601741790771484e-01 1.683807671070098877e-01
7.625322937965393066e-01 -2.261533588171005249e-01 7.943405956029891968e-02
5.981259047985076904e-02 -4.007798433303833008e-01 -1.636373996734619141e-01
4.843384623527526855e-01 7.212516665458679199e-01 6.477252840995788574e-01
2.873348295688629150e-01 -3.451421260833740234e-01 -1.901720017194747925e-01
-3.034672141075134277e-01 -8.123855590820312500e-01 -9.210526943206787109e-01
-4.675900042057037354e-01 -5.938044562935829163e-02 -9.797741770744323730e-01
-5.051934719085693359e-01 7.845714092254638672e-01 -9.934131056070327759e-02
-6.399119496345520020e-01 -7.992165088653564453e-01 -6.518366336822509766e-01
2.342621982097625732e-01 -2.487823963165283203e-01 7.846684455871582031e-01
6.755381822586059570e-01 8.791158199310302734e-01 1.033309921622276306e-01
1.310894787311553955e-01 -9.113161563873291016e-01 -3.140296638011932373e-01
-2.291289269924163818e-01 -1.638963073492050171e-02 3.878370225429534912e-01
-8.884441256523132324e-01 7.426875233650207520e-01 -4.244291484355926514e-01
-8.220517635345458984e-01 -2.602222003042697906e-02 -4.587184488773345947e-01
-5.818377733230590820e-01 -1.237347275018692017e-01 -7.017396688461303711e-01
9.459582567214965820e-01 8.146696090698242188e-01 -2.178628183901309967e-02
-3.311344683170318604e-01 5.955231785774230957e-01 -5.895605683326721191e-01
2.171207666397094727e-01 4.291305318474769592e-02 -4.457984268665313721e-01
-3.691061139106750488e-01 6.169017553329467773e-01 -4.667745828628540039e-01
-3.525970280170440674e-01 6.427767276763916016e-01 -3.472790420055389404e-01
-6.802764534950256348e-02 -4.794678986072540283e-01 6.156557202339172363e-01
6.407197117805480957e-01 8.702233433723449707e-01 -4.129309952259063721e-01
-9.400779753923416138e-02 -4.624805450439453125e-01 2.736851274967193604e-01
9.195143580436706543e-01 9.596683979034423828e-01 -4.506907165050506592e-01
-4.477449059486389160e-01 1.504026800394058228e-01 3.030042909085750580e-02
8.682919144630432129e-01 8.170248568058013916e-02 -6.520546078681945801e-01
2.422960549592971802e-01 -4.898449033498764038e-02 6.732382178306579590e-01
-9.531571865081787109e-01 5.168301463127136230e-01 -2.761045694351196289e-01
-2.838365500792860985e-03 3.907888233661651611e-01 -5.823224186897277832e-01
6.745163798332214355e-01 -3.524540662765502930e-01 9.151434898376464844e-01
9.407810121774673462e-02 4.436944723129272461e-01 -8.336811065673828125e-01
9.241275191307067871e-01 -4.375573396682739258e-01 1.971716582775115967e-01
9.664419293403625488e-01 -6.714186072349548340e-01 7.663959264755249023e-01
-6.050089001655578613e-01 -4.614283144474029541e-01 1.175823509693145752e-01
1.939301490783691406e-01 3.856331110000610352e-02 -6.589069366455078125e-01
1.629780419170856476e-02 5.554888397455215454e-02 2.935808598995208740e-01
7.163385748863220215e-01 5.707907676696777344e-01 -8.963941782712936401e-02
2.480360567569732666e-01 -8.370291590690612793e-01 -5.198960751295089722e-02
-6.117853522300720215e-01 5.001986622810363770e-01 7.688778638839721680e-02
-1.004358306527137756e-01 1.295445114374160767e-01 -7.784577012062072754e-01
2.463635653257369995e-01 3.887342214584350586e-01 -5.541913509368896484e-01
-2.423192858695983887e-01 -1.386674642562866211e-01 6.463803648948669434e-01
1.906820833683013916e-01 7.119214534759521484e-01 6.125742197036743164e-01
8.262048959732055664e-01 3.710742890834808350e-01 -1.725928187370300293e-01
-4.088326916098594666e-02 -9.276970028877258301e-01 -3.987797498703002930e-01
-2.584286928176879883e-01 8.153221011161804199e-01 -1.354057248681783676e-02
-4.214157462120056152e-01 -1.756493300199508667e-01 7.099709510803222656e-01
4.309435188770294189e-01 -3.262518048286437988e-01 9.454398602247238159e-02
-9.231838583946228027e-01 4.732698798179626465e-01 -3.311864733695983887e-01
-4.820187687873840332e-01 -3.368289172649383545e-01 -2.555414438247680664e-01
-5.935572981834411621e-01 -4.914815723896026611e-01 -1.428631246089935303e-01
2.418794780969619751e-01 2.128617167472839355e-01 4.935431480407714844e-01
-3.289870321750640869e-01 -6.952674984931945801e-01 -8.484108448028564453e-01
-6.586014628410339355e-01 -6.734870076179504395e-01 2.979182004928588867e-01
-3.872035443782806396e-01 7.777222990989685059e-01 -1.815997958183288574e-01
1.375973373651504517e-01 7.797207832336425781e-01 -8.643997311592102051e-01
-2.936829030513763428e-01 4.306918680667877197e-01 -7.337575554847717285e-01
-7.779941558837890625e-01 -7.465731501579284668e-01 8.360284566879272461e-01
8.884249627590179443e-02 5.196270942687988281e-01 -5.355737209320068359e-01
-6.666640639305114746e-01 8.394804000854492188e-01 -6.773200631141662598e-02
2.583926320075988770e-01 -3.246920406818389893e-01 9.850187897682189941e-01
5.019664764404296875e-01 5.356464385986328125e-01 -3.695588111877441406e-01
1.372114270925521851e-01 2.109990417957305908e-01 -2.821263074874877930e-01
-3.519240617752075195e-01 -5.328629016876220703e-01 7.306225299835205078e-01
3.006689250469207764e-01 -4.705289751291275024e-02 -5.664815306663513184e-01
-1.555091291666030884e-01 4.265790879726409912e-01 -4.449805021286010742e-01
-7.288964986801147461e-01 -4.678498208522796631e-01 -6.738114356994628906e-02
4.139710962772369385e-01 -3.323592245578765869e-01 3.040527403354644775e-01
1.056565865874290466e-01 2.231474667787551880e-01 -6.740524768829345703e-01
9.278857707977294922e-01 1.364155113697052002e-01 2.448053359985351562e-01
4.210313316434621811e-03 3.903641104698181152e-01 6.511486768722534180e-01
-7.599895000457763672e-01 9.605339765548706055e-01 6.064075231552124023e-01
-1.959657669067382812e-01 -1.814947724342346191e-01 1.717047020792961121e-02
2.801981568336486816e-01 6.705847978591918945e-01 -4.106474816799163818e-01
5.897870063781738281e-01 2.764178216457366943e-01 5.947714447975158691e-01
-7.011533379554748535e-01 -5.295883417129516602e-01 -1.154811009764671326e-01
6.488396525382995605e-01 -5.018401890993118286e-02 7.362291812896728516e-01
4.606058597564697266e-01 6.099783182144165039e-01 4.817865192890167236e-01
-8.861175179481506348e-01 2.464717179536819458e-01 3.933186531066894531e-01
6.804908514022827148e-01 2.065099030733108521e-01 5.601631999015808105e-01
8.277927041053771973e-01 -4.872230291366577148e-01 6.555582880973815918e-01
-1.672427505254745483e-01 -3.470054864883422852e-01 -1.984948664903640747e-01
5.124868750572204590e-01 1.434740126132965088e-01 2.547732293605804443e-01
6.161757111549377441e-01 -4.505264759063720703e-01 1.680768430233001709e-01
-8.086269497871398926e-01 8.942733407020568848e-01 2.511079907417297363e-01
3.687509000301361084e-01 7.901361584663391113e-01 -2.122322618961334229e-01
4.090912044048309326e-01 -2.164474725723266602e-01 3.660086169838905334e-02
9.037211537361145020e-01 9.875863194465637207e-01 -7.174286246299743652e-01
-2.410137355327606201e-01 -3.889572322368621826e-01 -7.683694362640380859e-01
3.128312155604362488e-02 2.878383994102478027e-01 9.634764790534973145e-01
-6.872551441192626953e-01 2.980647087097167969e-01 9.228087663650512695e-01
6.101448535919189453e-01 7.649905681610107422e-01 1.836990118026733398e-01
-8.550464510917663574e-01 8.155096173286437988e-01 -2.613245844841003418e-01
4.913429617881774902e-01 -5.333158969879150391e-01 9.576030969619750977e-01
-7.993306517601013184e-01 -3.930191099643707275e-01 4.315475821495056152e-01
-8.491869568824768066e-01 6.148990988731384277e-01 1.057139933109283447e-01
-1.625655591487884521e-01 -7.046668529510498047e-01 -3.477733135223388672e-01
3.497157096862792969e-01 -9.660898447036743164e-01 -3.407610356807708740e-01
6.326635479927062988e-01 -5.786928534507751465e-01 5.147904753684997559e-01
3.087560236454010010e-01 -4.363802969455718994e-01 4.090188443660736084e-01
-3.900874257087707520e-01 -4.472292959690093994e-01 1.082303375005722046e-01
3.918172717094421387e-01 5.364144444465637207e-01 -3.889392614364624023e-01
2.739933431148529053e-01 3.664680123329162598e-01 -7.184629440307617188e-01
5.171716809272766113e-01 3.625318706035614014e-01 -6.135353446006774902e-02
