-4.880400002002716064e-02 6.366080045700073242e-01
-2.887036502361297607e-01 -4.798947572708129883e-01
5.614819526672363281e-01 1.035934984683990479e-01
7.224738001823425293e-01 2.789199948310852051e-01
-2.836535871028900146e-01 5.553763508796691895e-01
-9.246709346771240234e-01 -8.066648840904235840e-01
6.840350627899169922e-01 -4.509313106536865234e-01
-6.777120232582092285e-01 4.176774621009826660e-01
-4.699930250644683838e-01 -8.297479748725891113e-01
-9.008962512016296387e-01 8.398504257202148438e-01
-5.862157344818115234e-01 1.046778559684753418e-01
5.355082750320434570e-01 6.506630778312683105e-02
-1.823816150426864624e-01 6.798698306083679199e-01
7.081806063652038574e-01 1.150172129273414612e-01
5.362518429756164551e-01 -1.196115538477897644e-01
8.850402832031250000e-01 -2.738089859485626221e-01
8.927477598190307617e-01 4.302112385630607605e-02
-2.469758391380310059e-01 -9.316917657852172852e-01
-4.535957276821136475e-01 -2.319157272577285767e-01
-8.465653061866760254e-01 8.898076415061950684e-01
-8.144410848617553711e-01 1.984313130378723145e-01
1.165435761213302612e-01 -3.505696654319763184e-01
-2.703178226947784424e-01 1.041292473673820496e-01
-6.369011402130126953e-01 4.496711194515228271e-01
-5.046485066413879395e-01 -4.098974764347076416e-01
-2.519148886203765869e-01 1.546951234340667725e-01
6.928446292877197266e-01 -5.882819890975952148e-01
8.279625177383422852e-01 -1.546734124422073364e-01
-2.388400435447692871e-01 4.216291308403015137e-01
-1.695113331079483032e-01 -3.721931576728820801e-01
8.564763516187667847e-02 7.660508751869201660e-01
2.334597855806350708e-01 1.084946990013122559e-01
3.871183991432189941e-01 2.145393490791320801e-01
9.453805685043334961e-01 -9.357033669948577881e-02
6.947298049926757812e-01 8.891307115554809570e-01
-2.600727975368499756e-01 -2.476359456777572632e-01
9.697054028511047363e-01 -9.841092824935913086e-01
-4.270266890525817871e-01 6.473615169525146484e-01
7.571104913949966431e-02 9.665139764547348022e-02
-1.241107955574989319e-01 -5.994324684143066406e-01
-1.470823884010314941e-01 7.186887413263320923e-02
-3.378433287143707275e-01 2.505946755409240723e-01
-6.849403381347656250e-01 -9.784596562385559082e-01
3.155673295259475708e-02 4.504375457763671875e-01
8.798728883266448975e-02 -6.573574542999267578e-01
7.049471139907836914e-02 4.304579496383666992e-01
4.114421084523200989e-02 -6.448636651039123535e-01
1.467039138078689575e-01 -9.009335637092590332e-01
7.913516163825988770e-01 3.015761077404022217e-01
8.620199561119079590e-01 -6.824561357498168945e-01
-2.615604698657989502e-01 7.015455365180969238e-01
4.849654436111450195e-01 6.751371026039123535e-01
5.448149442672729492e-01 -5.621779561042785645e-01
-2.938824295997619629e-01 -2.125321775674819946e-01
-3.627988696098327637e-01 -4.864493310451507568e-01
9.904159903526306152e-01 -8.702220320701599121e-01
3.165255188941955566e-01 7.335358262062072754e-01
-4.603684842586517334e-01 6.885455250740051270e-01
9.147694110870361328e-01 -6.945638358592987061e-02
-4.311651885509490967e-01 5.937404632568359375e-01
-5.042012929916381836e-01 -5.304918289184570312e-01
-3.056725859642028809e-01 -5.180684328079223633e-01
9.699852466583251953e-01 8.966751396656036377e-02
-3.010658025741577148e-01 -2.754859328269958496e-01
9.694395661354064941e-01 -1.285311430692672729e-01
-2.426442056894302368e-01 -1.764878630638122559e-01
-2.254751473665237427e-01 7.311800122261047363e-01
-8.239622712135314941e-01 -9.834826588630676270e-01
3.362096846103668213e-01 7.958330959081649780e-02
6.490111947059631348e-01 -4.499384164810180664e-01
9.053460359573364258e-01 8.019764721393585205e-02
4.024695456027984619e-01 -8.679454028606414795e-02
-2.198807299137115479e-01 -9.645528197288513184e-01
-3.984492272138595581e-02 -6.391048431396484375e-01
-4.628952145576477051e-01 -3.276346027851104736e-01
-9.800193905830383301e-01 -9.583069086074829102e-01
-7.888518571853637695e-01 6.590459346771240234e-01
-7.740413546562194824e-01 1.060689911246299744e-01
4.663865268230438232e-01 -1.130168288946151733e-01
3.139603137969970703e-01 -9.114091843366622925e-02
-5.395662784576416016e-01 -8.570828437805175781e-01
-9.793218374252319336e-01 2.983954846858978271e-01
-9.081746339797973633e-01 -1.304992288351058960e-01
-8.170255422592163086e-01 -2.024170905351638794e-01
3.253005743026733398e-01 -1.629649195820093155e-03
6.411881446838378906e-01 1.722690761089324951e-01
-6.846138834953308105e-02 3.796762228012084961e-01
5.294951796531677246e-01 2.406269907951354980e-01
-4.164704680442810059e-01 -5.753189921379089355e-01
-5.099282264709472656e-01 -5.234525203704833984e-01
8.740745186805725098e-01 -1.454596668481826782e-01
9.922013282775878906e-01 -6.063842773437500000e-01
-4.394506663084030151e-02 -7.150145769119262695e-01
-4.485369324684143066e-01 8.023709058761596680e-01
-3.794554173946380615e-01 7.845661640167236328e-01
8.058511614799499512e-01 4.892051517963409424e-01
-3.898901045322418213e-01 1.162326559424400330e-01
6.799514591693878174e-02 -2.363662272691726685e-01
6.654283497482538223e-03 -1.547101438045501709e-01
1.617732346057891846e-01 -1.606322675943374634e-01
5.806413888931274414e-01 -4.646737575531005859e-01
-7.861383557319641113e-01 7.216202616691589355e-01
-2.406688779592514038e-01 5.078130960464477539e-01
-8.141803145408630371e-01 -3.589440286159515381e-01
6.197255253791809082e-01 -9.591986536979675293e-01
8.308904170989990234e-01 3.027418851852416992e-01
2.695839405059814453e-01 6.764376163482666016e-01
-4.037683308124542236e-01 2.838660180568695068e-01
-4.088333547115325928e-01 6.965827941894531250e-01
6.463896483182907104e-02 -6.357922554016113281e-01
8.786579221487045288e-02 -2.272288054227828979e-01
5.452265143394470215e-01 5.978865548968315125e-02
2.593823522329330444e-02 -1.355138123035430908e-01
-5.006887316703796387e-01 3.022951483726501465e-01
-1.150612086057662964e-01 -9.363757371902465820e-01
5.107965469360351562e-01 6.311531662940979004e-01
2.299916297197341919e-01 -7.049812674522399902e-01
8.977863192558288574e-02 5.808399319648742676e-01
6.858767271041870117e-01 -5.369087681174278259e-02
5.950580239295959473e-01 -1.433281749486923218e-01
-1.008257120847702026e-01 4.237230718135833740e-01
-4.394090175628662109e-01 6.218705773353576660e-01
7.703066468238830566e-01 -5.561971068382263184e-01
8.335083723068237305e-01 -5.250800251960754395e-01
-8.858090043067932129e-01 -2.860702574253082275e-01
2.238275110721588135e-01 -7.685225605964660645e-01
7.180348634719848633e-01 -1.186494305729866028e-01
6.563620567321777344e-01 -1.613809466361999512e-01
-3.594750463962554932e-01 2.843859493732452393e-01
-8.570715785026550293e-01 9.495954513549804688e-01
-8.773531317710876465e-01 -3.096461296081542969e-04
-2.675378024578094482e-01 -3.927448093891143799e-01
-4.837843179702758789e-01 3.013141751289367676e-01
-4.775941967964172363e-01 -8.991215229034423828e-01
-2.646255195140838623e-01 -3.257674872875213623e-01
-4.144572019577026367e-01 4.094836711883544922e-01
7.285834550857543945e-01 7.658243179321289062e-01
-5.307770967483520508e-01 -5.810497403144836426e-01
-8.325221538543701172e-01 8.217346668243408203e-01
-1.138971652835607529e-02 -9.094276428222656250e-01
9.136230945587158203e-01 -3.751474618911743164e-02
-1.665641069412231445e-01 4.089420139789581299e-01
4.716846346855163574e-01 4.088523685932159424e-01
-2.052223831415176392e-01 5.953555703163146973e-01
9.829477071762084961e-01 -5.243099331855773926e-01
3.002334833145141602e-01 -3.764506578445434570e-01
-6.186038851737976074e-01 -3.209180012345314026e-02
4.007776379585266113e-01 9.170187115669250488e-01
7.356516718864440918e-01 4.826903343200683594e-01
-8.512815833091735840e-01 2.341869920492172241e-01
5.961274504661560059e-01 9.238283038139343262e-01
-3.301741182804107666e-01 6.081233024597167969e-01
-4.125706255435943604e-01 5.051832795143127441e-01
6.834644675254821777e-01 8.145132660865783691e-01
9.732262492179870605e-01 8.814921975135803223e-01
-6.270025372505187988e-01 4.003978371620178223e-01
7.518221139907836914e-01 3.143408894538879395e-01
-9.959998130798339844e-01 2.138908356428146362e-01
3.326331675052642822e-01 9.566307067871093750e-02
-4.901325106620788574e-01 -6.051702499389648438e-01
-1.708607673645019531e-01 -2.736730575561523438e-01
-4.007094502449035645e-01 2.301978915929794312e-01
6.808935403823852539e-01 -1.171889752149581909e-01
4.363074898719787598e-01 -5.743307471275329590e-01
9.810792803764343262e-01 7.327803969383239746e-01
-8.313044905662536621e-01 9.729933142662048340e-01
-2.591269612312316895e-01 9.198629297316074371e-03
6.407321095466613770e-01 5.770276784896850586e-01
-4.825601279735565186e-01 -1.153149306774139404e-01
2.117381393909454346e-01 9.557649493217468262e-02
4.882898330688476562e-01 -7.145049571990966797e-01
-9.895451664924621582e-01 -8.678264617919921875e-01
3.890043199062347412e-01 2.719324231147766113e-01
-2.687789797782897949e-01 2.562379091978073120e-02
-4.427573680877685547e-01 -8.561891913414001465e-01
5.287104249000549316e-01 -1.152065992355346680e-01
2.778225839138031006e-01 2.302287667989730835e-01
-3.791899085044860840e-01 2.746416628360748291e-01
-9.820061326026916504e-01 1.750971972942352295e-01
7.078403830528259277e-01 -7.826061844825744629e-01
3.762682974338531494e-01 5.767552256584167480e-01
2.861224710941314697e-01 -9.732414036989212036e-02
4.308856278657913208e-02 -1.389998793601989746e-01
-5.205563306808471680e-01 -1.061283946037292480e-01
-2.554544806480407715e-01 7.105559110641479492e-01
-8.114686608314514160e-01 -8.586647510528564453e-01
-6.685094535350799561e-02 6.869347095489501953e-01
4.792897701263427734e-01 1.273689717054367065e-01
-4.159384369850158691e-01 4.875008165836334229e-01
-1.734998971223831177e-01 -9.161496758460998535e-01
-7.707569003105163574e-01 -9.230637550354003906e-01
-3.415968418121337891e-01 5.804019570350646973e-01
7.039387226104736328e-01 -3.112648427486419678e-02
9.927350878715515137e-01 -1.664042770862579346e-01
-4.428908228874206543e-01 7.454972863197326660e-01
3.260831832885742188e-01 9.058287367224693298e-03
9.984112381935119629e-01 -2.267898619174957275e-01
-7.871980071067810059e-01 -9.368662238121032715e-01
7.123851776123046875e-02 -6.762980222702026367e-01
-3.299079537391662598e-01 -8.343521356582641602e-01
-9.955960512161254883e-01 3.565019071102142334e-01
-4.458301365375518799e-01 7.010686397552490234e-01
-1.037358888424932957e-03 7.404892444610595703e-01
-1.341271549463272095e-01 -6.530778408050537109e-01
-5.042481422424316406e-01 9.585578441619873047e-01
-1.419174224138259888e-01 -3.314749300479888916e-01
-4.521594643592834473e-01 5.942808985710144043e-01
5.957973003387451172e-01 1.416604369878768921e-01
-5.643181204795837402e-01 -8.984458446502685547e-02
8.850136399269104004e-01 1.336072236299514771e-01
-6.419740319252014160e-01 2.839957177639007568e-01
1.628502458333969116e-01 -9.423656761646270752e-02
-5.462823435664176941e-02 -1.227014362812042236e-01
2.974108457565307617e-01 -6.208351850509643555e-01
1.725101172924041748e-01 3.652354776859283447e-01
-8.467598557472229004e-01 -7.059674859046936035e-01
-6.532636284828186035e-01 1.275221258401870728e-01
-4.155396819114685059e-01 -8.644383549690246582e-01
-2.029306441545486450e-01 -9.092233180999755859e-01
-5.221743583679199219e-01 7.693070769309997559e-01
2.518796324729919434e-01 -3.209149539470672607e-01
6.085157990455627441e-01 -4.040160775184631348e-01
5.660745501518249512e-01 -4.766111969947814941e-01
9.120811223983764648e-01 9.373395889997482300e-02
9.827408790588378906e-01 5.715797543525695801e-01
-9.729725867509841919e-02 -4.236650764942169189e-01
9.961937069892883301e-01 -7.720112204551696777e-01
4.459989070892333984e-01 -6.421630978584289551e-01
9.952180385589599609e-01 -7.002288699150085449e-01
1.174748465418815613e-01 -3.412415087223052979e-01
1.282246131449937820e-02 -6.793389320373535156e-01
5.351141691207885742e-01 -4.667285084724426270e-01
8.593192100524902344e-01 2.413860410451889038e-01
7.991207838058471680e-01 -8.323831856250762939e-02
-4.871292412281036377e-01 -8.350841999053955078e-01
4.217762649059295654e-01 2.015191316604614258e-01
-9.818809032440185547e-01 -2.658726274967193604e-01
5.820608735084533691e-01 6.439121067523956299e-02
4.193165302276611328e-01 3.588568568229675293e-01
9.963430166244506836e-01 -4.431621134281158447e-01
7.272388935089111328e-01 8.562558293342590332e-01
2.151360213756561279e-01 -9.417291879653930664e-01
7.386057376861572266e-01 1.943779438734054565e-01
1.825028508901596069e-01 6.580488085746765137e-01
-8.817456960678100586e-01 -4.488658010959625244e-01
5.797085165977478027e-01 8.364586234092712402e-01
-6.050220727920532227e-01 -1.839769817888736725e-02
2.763674855232238770e-01 -6.133839488029479980e-01
4.893215596675872803e-01 6.202466487884521484e-01
1.540996283292770386e-01 5.409792661666870117e-01
-8.843154907226562500e-01 9.043508768081665039e-01
3.913726806640625000e-01 -8.779891729354858398e-01
1.085199117660522461e-01 6.481724381446838379e-01
6.977807283401489258e-01 -4.979223608970642090e-01
6.841781139373779297e-01 -1.618135571479797363e-01
-1.383705064654350281e-02 7.285438776016235352e-01
8.328547477722167969e-01 3.342494964599609375e-01
7.841023206710815430e-01 -1.488244533538818359e-01
3.885126411914825439e-01 -4.708127081394195557e-01
-3.485929369926452637e-01 -8.734622001647949219e-01
3.250311911106109619e-01 -8.313145637512207031e-01
2.333495616912841797e-01 1.093575805425643921e-01
8.413513302803039551e-01 -9.209102392196655273e-02
3.007875196635723114e-02 4.846434891223907471e-01
3.845703899860382080e-01 6.673110127449035645e-01
-3.004719614982604980e-01 -8.145939111709594727e-01
-3.670045435428619385e-01 -4.713851809501647949e-01
8.797883242368698120e-02 7.089368104934692383e-01
9.915217161178588867e-01 -9.533263444900512695e-01
9.980968236923217773e-01 -1.487597525119781494e-01
3.808838427066802979e-01 4.811847507953643799e-01
-5.774087905883789062e-01 -1.135644465684890747e-01
-8.845328092575073242e-01 1.111702993512153625e-01
-7.678080201148986816e-01 -6.111985445022583008e-01
-8.149223923683166504e-01 -9.623764157295227051e-01
-7.266086339950561523e-01 3.084527254104614258e-01
3.308057785034179688e-01 -4.996080696582794189e-01
-5.318523645401000977e-01 -6.070452332496643066e-01
-2.799952626228332520e-01 7.143805623054504395e-01
-5.198590159416198730e-01 8.564859032630920410e-01
-9.937490224838256836e-01 -9.646846652030944824e-01
-3.275703787803649902e-01 -2.681187689304351807e-01
1.312080770730972290e-01 -2.416390180587768555e-01
-8.210465312004089355e-01 -9.798323512077331543e-01
5.867505073547363281e-02 9.942891597747802734e-01
-5.028390288352966309e-01 2.559685707092285156e-01
-5.696542263031005859e-01 2.167895436286926270e-01
-8.327205479145050049e-02 -9.045686125755310059e-01
-4.850335717201232910e-01 -7.435696125030517578e-01
-9.834830164909362793e-01 9.288829565048217773e-01
-3.677174150943756104e-01 6.206144690513610840e-01
-3.473462760448455811e-01 1.121527403593063354e-01
8.142121434211730957e-01 -4.118985831737518311e-01
-9.027868509292602539e-01 -2.330005019903182983e-01
7.087317705154418945e-01 1.386040896177291870e-01
2.413117140531539917e-01 2.129700481891632080e-01
1.724453568458557129e-01 5.282246470451354980e-01
7.872013449668884277e-01 -1.431204527616500854e-01
1.938071697950363159e-01 -7.015482336282730103e-02
8.149260282516479492e-01 -3.122916817665100098e-01
4.713879823684692383e-01 2.004072070121765137e-01
7.920413017272949219e-01 -2.191553711891174316e-01
-8.184050917625427246e-01 -5.796095132827758789e-01
-3.965428769588470459e-01 3.077761232852935791e-01
9.463708400726318359e-01 6.783912181854248047e-01
-1.720720678567886353e-01 -5.910731554031372070e-01
4.908478856086730957e-01 3.627958595752716064e-01
4.846945106983184814e-01 2.582295536994934082e-01
5.777022242546081543e-01 -2.336994409561157227e-01
8.671024441719055176e-01 -2.145618945360183716e-01
9.888993501663208008e-01 -8.012930303812026978e-02
-7.194244265556335449e-01 -5.910885930061340332e-01
-8.664013147354125977e-01 -9.848347902297973633e-01
-2.421154975891113281e-01 1.440398693084716797e-01
2.902984321117401123e-01 6.121497750282287598e-01
-3.021570444107055664e-01 1.498206704854965210e-01
6.695481538772583008e-01 5.030236393213272095e-02
3.235070109367370605e-01 -5.109944939613342285e-01
5.346400141716003418e-01 9.637662768363952637e-01
7.889150083065032959e-02 8.899931311607360840e-01
2.146973609924316406e-01 9.973921179771423340e-01
8.198421597480773926e-01 -1.571492999792098999e-01
3.287383019924163818e-01 9.984291195869445801e-01
7.393903136253356934e-01 8.005297183990478516e-01
6.602442860603332520e-01 9.212034344673156738e-01
2.864503562450408936e-01 2.196050286293029785e-01
-8.137958645820617676e-01 7.906454801559448242e-01
8.511943817138671875e-01 8.077446818351745605e-01
1.409417092800140381e-01 5.903929471969604492e-01
-7.167728543281555176e-01 1.294491589069366455e-01
7.949701696634292603e-02 -2.090418189764022827e-01
-1.699773818254470825e-01 -8.681008815765380859e-01
-7.101215720176696777e-01 2.712692618370056152e-01
-5.715329051017761230e-01 -8.178966045379638672e-01
-2.678659372031688690e-02 -9.030236005783081055e-01
2.470531910657882690e-01 -7.535862326622009277e-01
-8.870158791542053223e-01 -3.859945237636566162e-01
-9.926588535308837891e-01 2.324872314929962158e-01
7.429301738739013672e-01 -1.663566380739212036e-01
3.782612085342407227e-01 -5.369064807891845703e-01
6.725376844406127930e-01 -1.987977623939514160e-01
5.936294794082641602e-01 6.545412540435791016e-01
9.466010928153991699e-01 8.216243237257003784e-02
4.158481582999229431e-02 -3.643031716346740723e-01
-5.145992636680603027e-01 -5.426405668258666992e-01
9.384620785713195801e-01 -1.191170662641525269e-01
-1.384335309267044067e-01 -3.158958256244659424e-01
1.388147771358489990e-01 4.856153726577758789e-01
3.054669499397277832e-01 5.940864682197570801e-01
1.090701520442962646e-01 -1.136142238974571228e-01
7.937986254692077637e-01 -1.240624859929084778e-02
-1.658166795969009399e-01 -3.936962485313415527e-01
-3.450842499732971191e-01 1.474612802267074585e-01
8.868339061737060547e-01 1.048609539866447449e-01
8.492740988731384277e-02 -2.739458680152893066e-01
-2.470332682132720947e-01 -1.644607782363891602e-01
1.629531681537628174e-01 3.453564941883087158e-01
-8.573924899101257324e-01 -2.892454862594604492e-01
5.084929242730140686e-02 -8.552398681640625000e-01
6.316553354263305664e-01 9.719257950782775879e-01
-3.992561101913452148e-01 6.818549036979675293e-01
7.131882905960083008e-01 -2.100511789321899414e-01
-1.391156315803527832e-01 -2.704104185104370117e-01
-1.683280169963836670e-01 9.101533889770507812e-02
3.753195106983184814e-01 6.957303881645202637e-01
3.555574640631675720e-02 8.319343924522399902e-01
1.567482203245162964e-01 -7.575337290763854980e-01
9.018542170524597168e-01 9.798628836870193481e-02
-2.526112198829650879e-01 8.561214059591293335e-02
-5.617000460624694824e-01 9.675090909004211426e-01
-3.347316980361938477e-01 -8.780837655067443848e-01
3.040675446391105652e-02 -4.122172296047210693e-01
5.771250724792480469e-01 1.407638043165206909e-01
5.739983636885881424e-03 -6.824340224266052246e-01
6.393161416053771973e-01 -2.738612592220306396e-01
-4.164592921733856201e-01 -4.163272082805633545e-01
-3.775979578495025635e-01 5.683959722518920898e-01
-2.550938129425048828e-01 2.762603946030139923e-02
-4.054058790206909180e-01 2.095422297716140747e-01
-3.571668565273284912e-01 7.438277006149291992e-01
-1.261730790138244629e-01 -2.754234671592712402e-01
5.142484903335571289e-01 -4.000966548919677734e-01
5.558598637580871582e-01 5.931074619293212891e-01
-2.732138633728027344e-01 9.669613093137741089e-02
-6.768992543220520020e-01 -3.268156051635742188e-01
-6.692586094141006470e-02 -1.485892087221145630e-01
-3.103936016559600830e-01 -2.335115373134613037e-01
8.523689508438110352e-01 2.613451778888702393e-01
-7.510822415351867676e-01 4.837119281291961670e-01
-9.240550994873046875e-01 -7.985074520111083984e-01
5.535974502563476562e-01 -3.085336685180664062e-01
-2.042225599288940430e-01 3.061541542410850525e-02
7.120316624641418457e-01 -2.208235859870910645e-01
9.923499822616577148e-01 -7.150021195411682129e-01
-7.565320283174514771e-02 -6.879344582557678223e-01
9.832844138145446777e-01 1.083076372742652893e-01
2.878206968307495117e-01 2.088757157325744629e-01
7.251145243644714355e-01 2.534968256950378418e-01
-2.977838516235351562e-01 7.105407714843750000e-01
-5.709961056709289551e-01 3.388216197490692139e-01
6.341549754142761230e-01 6.529625970870256424e-03
-7.659363150596618652e-01 -5.867455601692199707e-01
-6.483269929885864258e-01 -2.288716658949851990e-02
-1.533784717321395874e-01 -9.154097437858581543e-01
-2.324032485485076904e-01 -8.639797568321228027e-01
-2.047463506460189819e-01 8.433645963668823242e-02
-4.107193350791931152e-01 2.265574485063552856e-01
2.780596613883972168e-01 2.121825963258743286e-01
-1.770135574042797089e-02 6.747864484786987305e-01
6.785991191864013672e-01 8.719863891601562500e-01
-5.588780045509338379e-01 9.460868239402770996e-01
-3.564274013042449951e-01 7.293843626976013184e-01
-8.978025317192077637e-01 -3.825312554836273193e-01
-1.896694898605346680e-01 4.118357896804809570e-01
-7.497069835662841797e-01 6.544038653373718262e-01
1.418966352939605713e-01 5.768358111381530762e-01
7.356796860694885254e-01 8.950994610786437988e-01
6.089465022087097168e-01 3.919753432273864746e-01
-5.492926239967346191e-01 9.618607163429260254e-01
-8.382918834686279297e-01 -2.432734221220016479e-01
-3.319879770278930664e-01 8.195405453443527222e-02
1.102903261780738831e-01 -3.027959465980529785e-01
-1.698844283819198608e-01 -3.109378041699528694e-03
7.911415100097656250e-01 -2.192659527063369751e-01
-4.052120745182037354e-01 1.963140368461608887e-01
4.659390449523925781e-01 2.344691008329391479e-02
-2.385810911655426025e-01 -4.529384970664978027e-01
-1.654646396636962891e-01 -2.741387486457824707e-01
6.372925043106079102e-01 2.478704899549484253e-01
-1.819628924131393433e-01 -8.096566200256347656e-01
7.462364435195922852e-01 5.762647986412048340e-01
4.259215295314788818e-01 4.725272357463836670e-01
3.501304984092712402e-01 -6.377243995666503906e-02
-2.696791291236877441e-01 7.100759446620941162e-02
2.185831964015960693e-01 6.737728118896484375e-01
-7.906001210212707520e-01 -2.725557982921600342e-01
-2.040770202875137329e-01 -8.631835579872131348e-01
7.051914930343627930e-01 1.567344963550567627e-01
-8.756652474403381348e-03 -3.336308002471923828e-01
7.924378514289855957e-01 3.922666311264038086e-01
-7.044513225555419922e-01 7.656238079071044922e-01
-6.333266496658325195e-01 -9.152688831090927124e-02
-5.001661777496337891e-01 -7.492012381553649902e-01
5.580038428306579590e-01 8.650547266006469727e-01
3.898800909519195557e-01 -4.805539846420288086e-01
-8.947709202766418457e-01 9.768269658088684082e-01
-1.300453441217541695e-03 4.469878673553466797e-01
-6.916514039039611816e-01 7.334054708480834961e-01
-1.634900569915771484e-01 -4.177792966365814209e-01
8.603058457374572754e-01 -8.066509366035461426e-01
3.683984577655792236e-01 9.543622136116027832e-01
-3.815388679504394531e-01 6.162841916084289551e-01
5.353924036026000977e-01 2.232913821935653687e-01
-6.877148151397705078e-01 -2.837358117103576660e-01
3.295384943485260010e-01 -7.806844115257263184e-01
5.542526245117187500e-01 -4.665084183216094971e-01
-1.858234964311122894e-02 8.124952912330627441e-01
-2.798972725868225098e-01 1.330383718013763428e-01
-4.898248612880706787e-01 8.963899612426757812e-01
6.999968318268656731e-04 9.978263378143310547e-01
-1.478091031312942505e-01 6.846499443054199219e-01
-1.455559432506561279e-01 -2.758546471595764160e-01
-3.914828598499298096e-01 -3.258503973484039307e-01
9.951158165931701660e-01 -1.885419338941574097e-01
8.759121894836425781e-01 -6.283860802650451660e-01
-8.671529889106750488e-01 -4.170762598514556885e-01
-2.752531468868255615e-01 -6.976842880249023438e-01
4.882702231407165527e-01 -7.594261765480041504e-01
7.650950551033020020e-01 4.453587904572486877e-02
-6.768522262573242188e-01 7.481564879417419434e-01
8.041624426841735840e-01 5.606670975685119629e-01
-8.726778030395507812e-01 -8.649002313613891602e-01
-1.503824293613433838e-01 -7.709636688232421875e-01
-9.732826352119445801e-01 3.370768725872039795e-01
8.223482370376586914e-01 -6.054930686950683594e-01
-3.475420176982879639e-01 5.925201773643493652e-01
6.275201439857482910e-01 -9.283094853162765503e-02
-5.614759922027587891e-01 -9.273433089256286621e-01
-9.083945304155349731e-02 6.841335892677307129e-01
-9.487391114234924316e-01 -2.444989234209060669e-01
5.611323714256286621e-01 1.755642890930175781e-01
-2.341369092464447021e-01 6.529466509819030762e-01
2.739688158035278320e-01 6.083048582077026367e-01
6.364617347717285156e-01 2.462843656539916992e-01
-4.232333302497863770e-01 7.559118866920471191e-01
-8.859220147132873535e-01 -3.611806035041809082e-01
-2.818621695041656494e-01 1.443746536970138550e-01
-6.452611684799194336e-01 -4.646874219179153442e-02
-6.609187722206115723e-01 -2.466311305761337280e-01
-5.335711836814880371e-01 -9.150022268295288086e-01
4.340394958853721619e-02 -1.753175258636474609e-01
6.734474003314971924e-02 -7.950542569160461426e-01
-6.476618647575378418e-01 -6.359131932258605957e-01
2.456760257482528687e-01 5.231977701187133789e-01
4.903989434242248535e-01 -6.098448038101196289e-01
6.021972894668579102e-01 1.144167780876159668e-01
2.298283576965332031e-01 7.921727746725082397e-02
-2.464203834533691406e-01 -2.028121948242187500e-01
4.699487090110778809e-01 -6.726191192865371704e-02
7.911403179168701172e-01 2.025130689144134521e-01
6.412418093532323837e-03 8.105841875076293945e-01
5.244207102805376053e-03 9.855167269706726074e-01
-7.093702256679534912e-02 3.886931836605072021e-01
3.078518807888031006e-02 -7.717553377151489258e-01
9.965226650238037109e-01 -9.135424494743347168e-01
-9.760515689849853516e-01 9.559208750724792480e-01
8.221220970153808594e-01 9.051771163940429688e-01
-9.311848282814025879e-01 -8.904657363891601562e-01
-7.294525504112243652e-01 2.904955744743347168e-01
-7.820999026298522949e-01 -1.282379925251007080e-01
5.015551447868347168e-01 -5.236545801162719727e-01
2.723623514175415039e-01 -8.139657974243164062e-01
-9.130852222442626953e-01 -6.493710875511169434e-01
1.487179696559906006e-01 -8.192265033721923828e-01
4.237354174256324768e-02 8.671537041664123535e-01
-2.415587455034255981e-01 6.734982132911682129e-01
5.521510839462280273e-01 2.749786712229251862e-02
-9.711553454399108887e-01 -3.224037885665893555e-01
-1.566296517848968506e-01 -6.948876380920410156e-01
-6.432818174362182617e-01 -7.327476739883422852e-01
-7.135859131813049316e-01 9.241759181022644043e-01
-8.758222460746765137e-01 1.203139219433069229e-02
-2.522472441196441650e-01 -2.301559597253799438e-01
4.709275364875793457e-01 4.370918273925781250e-01
-5.242190361022949219e-01 -9.265861511230468750e-01
-9.910717606544494629e-01 3.971270620822906494e-01
6.049389839172363281e-01 1.534098982810974121e-01
9.309255480766296387e-01 7.752448320388793945e-01
-9.154436588287353516e-01 -8.456405997276306152e-01
-5.010740756988525391e-01 -7.839519381523132324e-01
-4.341698586940765381e-01 7.986602187156677246e-01
2.932685911655426025e-01 2.453065663576126099e-01
6.643906831741333008e-01 9.806356579065322876e-02
-9.688243865966796875e-01 9.457897543907165527e-01
-8.002307415008544922e-01 7.486706972122192383e-01
-1.253347694873809814e-01 -8.889032006263732910e-01
-9.741429686546325684e-01 3.806151151657104492e-01
-2.391193658113479614e-01 6.087963581085205078e-01
-5.042922496795654297e-01 5.776719003915786743e-02
5.713532567024230957e-01 7.635851949453353882e-02
4.073610007762908936e-01 -6.362935304641723633e-01
1.823235116899013519e-02 7.866290807723999023e-01
-8.574743866920471191e-01 -6.245411038398742676e-01
-8.858627676963806152e-01 9.802890419960021973e-01
-9.654926061630249023e-01 8.576250672340393066e-01
-1.735002249479293823e-01 -6.757172346115112305e-01
8.149475455284118652e-01 -8.196532726287841797e-01
-3.287124037742614746e-01 6.280383467674255371e-01
7.135066390037536621e-01 -2.436904460191726685e-01
-7.292155027389526367e-01 -9.201384186744689941e-01
-3.895940780639648438e-01 -2.622733414173126221e-01
9.402644634246826172e-01 -1.209244504570960999e-01
-4.683345556259155273e-01 6.234888434410095215e-01
2.800328433513641357e-01 -5.111580714583396912e-02
2.994539141654968262e-01 1.293174773454666138e-01
2.312199175357818604e-01 8.223866671323776245e-02
-1.155453473329544067e-01 6.361660361289978027e-01
8.662544488906860352e-01 -1.127856224775314331e-01
-2.619298696517944336e-01 4.274697899818420410e-01
-2.539368271827697754e-01 -5.818578004837036133e-01
3.648526370525360107e-01 -3.433331251144409180e-01
9.762718081474304199e-01 4.805476069450378418e-01
9.920715689659118652e-01 -4.813401699066162109e-01
3.042852282524108887e-01 -7.738512158393859863e-01
2.755938172340393066e-01 3.807413950562477112e-02
2.988679409027099609e-01 7.985727861523628235e-03
1.975348293781280518e-01 -6.641045212745666504e-01
-2.382284402847290039e-01 -2.539146840572357178e-01
9.855327606201171875e-01 -1.088933423161506653e-01
3.421081304550170898e-01 1.762954741716384888e-01
-7.649933099746704102e-01 -2.419807165861129761e-01
-5.566202998161315918e-01 2.192760258913040161e-01
8.212716579437255859e-01 -2.319309115409851074e-01
-9.757956266403198242e-01 -2.451840490102767944e-01
8.980152197182178497e-03 6.833538413047790527e-01
5.410277843475341797e-01 6.915041208267211914e-01
-5.185252428054809570e-01 -1.442964226007461548e-01
-9.446811676025390625e-01 -1.708151102066040039e-01
-8.838421702384948730e-01 -9.262110590934753418e-01
7.757316827774047852e-01 -1.013541296124458313e-01
-1.704875230789184570e-01 -4.342827498912811279e-01
3.671770989894866943e-01 -7.783112525939941406e-01
2.592929601669311523e-01 5.126193165779113770e-02
-8.367730379104614258e-01 1.465684771537780762e-01
-1.856433004140853882e-01 -7.859609723091125488e-01
-5.886623263359069824e-01 -5.855419635772705078e-01
-4.100161790847778320e-01 2.686249613761901855e-01
-2.355175651609897614e-02 -6.656894087791442871e-01
6.684656143188476562e-01 -9.536543488502502441e-02
-6.977245211601257324e-01 -6.299756765365600586e-01
6.749336719512939453e-01 -1.199746206402778625e-01
9.859719276428222656e-01 9.158161878585815430e-01
-1.851406097412109375e-01 -6.445848345756530762e-01
-9.522604346275329590e-01 -3.166227340698242188e-01
4.537183046340942383e-02 7.940803766250610352e-01
-8.783549666404724121e-01 7.922618985176086426e-01
1.155511140823364258e-01 3.734802603721618652e-01
4.978961944580078125e-01 1.618440002202987671e-01
5.311762094497680664e-01 1.355329453945159912e-01
6.785100698471069336e-01 1.037422642111778259e-01
-6.103634834289550781e-02 9.844050407409667969e-01
3.485149517655372620e-02 5.214227437973022461e-01
-7.913800477981567383e-01 -6.185582280158996582e-01
-5.474883913993835449e-01 -5.524651408195495605e-01
8.815553188323974609e-01 -1.100770309567451477e-01
-8.202469348907470703e-01 1.115277186036109924e-01
-8.283591866493225098e-01 -9.593860507011413574e-01
-4.734986722469329834e-01 -4.892613589763641357e-01
-3.604376614093780518e-01 6.202737689018249512e-01
9.598882198333740234e-01 -4.757068157196044922e-01
7.516422271728515625e-01 -1.576660573482513428e-01
-4.323031604290008545e-01 8.042358756065368652e-01
-2.307678610086441040e-01 5.265592932701110840e-01
4.958007335662841797e-01 -3.611572086811065674e-01
9.819989800453186035e-01 -9.727099537849426270e-01
7.445812821388244629e-01 -1.394118815660476685e-01
3.270466625690460205e-01 2.583243250846862793e-01
7.511307001113891602e-01 3.432114422321319580e-02
6.706645339727401733e-02 9.380803108215332031e-01
-8.107178211212158203e-01 9.849461913108825684e-02
-9.195435047149658203e-01 -2.661823630332946777e-01
7.391092181205749512e-01 9.303599596023559570e-02
4.991446435451507568e-01 8.747230470180511475e-02
9.955998659133911133e-01 -4.953706264495849609e-01
9.801511168479919434e-01 8.073274791240692139e-02
-2.610651254653930664e-01 -4.212974905967712402e-01
-5.342639088630676270e-01 7.376808524131774902e-01
2.414385825395584106e-01 -2.479114979505538940e-01
-8.511711955070495605e-01 9.330474138259887695e-01
-4.330228865146636963e-01 -4.544200301170349121e-01
6.576231718063354492e-01 1.868658512830734253e-01
3.687235713005065918e-01 1.580764353275299072e-01
-8.643636107444763184e-01 -9.797363877296447754e-01
1.887700855731964111e-01 5.570631027221679688e-01
8.630549907684326172e-01 -1.085705868899822235e-02
-5.459510684013366699e-01 1.048863213509321213e-02
-2.400981783866882324e-01 -2.523340582847595215e-01
-8.410517573356628418e-01 -2.530329227447509766e-01
-1.760605275630950928e-01 5.836349725723266602e-01
1.645672470331192017e-01 -4.886407852172851562e-01
-7.848544716835021973e-01 -9.473501443862915039e-01
-7.189726829528808594e-01 -1.779877543449401855e-01
1.353970766067504883e-01 -3.789140284061431885e-01
7.131819128990173340e-01 2.089718282222747803e-01
-3.618933260440826416e-01 5.756959319114685059e-01
3.828464746475219727e-01 2.109115570783615112e-01
4.761091768741607666e-01 1.601285040378570557e-01
-1.069853901863098145e-01 8.521876931190490723e-01
-1.962284147739410400e-01 7.277016043663024902e-01
3.050559461116790771e-01 1.582449674606323242e-01
-4.652800559997558594e-01 -8.328951597213745117e-01
-1.393198072910308838e-01 8.749013543128967285e-01
2.736028470098972321e-02 -8.658468127250671387e-01
-1.213830113410949707e-01 -2.922946214675903320e-01
-9.159111380577087402e-01 -6.592121720314025879e-01
6.726518869400024414e-01 1.172759756445884705e-01
-4.282786846160888672e-01 3.295666575431823730e-01
7.910439968109130859e-01 -2.237479239702224731e-01
9.363261461257934570e-01 8.321764469146728516e-01
1.376041304320096970e-02 -4.123640656471252441e-01
8.449661135673522949e-01 -7.174934744834899902e-01
8.850417137145996094e-01 4.300990700721740723e-01
-2.787592709064483643e-01 4.302981197834014893e-01
-4.956041276454925537e-01 8.637794256210327148e-01
-5.818708539009094238e-01 2.235446274280548096e-01
-8.182643055915832520e-01 -8.641418218612670898e-01
-2.918563187122344971e-01 -5.759835839271545410e-01
-5.408943891525268555e-01 -6.872305274009704590e-01
-4.152281284332275391e-01 -2.665651738643646240e-01
4.153378903865814209e-01 2.091375738382339478e-01
7.713363170623779297e-01 3.786846995353698730e-01
3.337013302370905876e-03 -6.185978651046752930e-01
2.898187637329101562e-01 -5.842093378305435181e-02
-8.986024260520935059e-01 7.237225174903869629e-01
-3.621550798416137695e-01 5.964855551719665527e-01
9.626759290695190430e-01 -7.195159792900085449e-01
-6.045953035354614258e-01 9.877551198005676270e-01
2.023336887359619141e-01 9.569857120513916016e-01
2.645334899425506592e-01 5.235021710395812988e-01
9.842804670333862305e-01 -9.213333725929260254e-01
9.145470857620239258e-01 -2.310478538274765015e-01
3.646225035190582275e-01 -8.642958402633666992e-01
-3.056656122207641602e-01 8.511096239089965820e-02
-2.997827529907226562e-01 6.149814724922180176e-01
-9.305288195610046387e-01 5.989349484443664551e-01
4.919054210186004639e-01 7.255364656448364258e-01
4.167872965335845947e-01 -8.171204477548599243e-02
4.362380206584930420e-01 6.416211128234863281e-01
-7.694302201271057129e-01 3.230244517326354980e-01
-3.003648817539215088e-01 -9.104402065277099609e-01
-6.152119636535644531e-01 -2.148501873016357422e-01
-8.950462341308593750e-01 -5.280689597129821777e-01
-1.694370657205581665e-01 -2.514432966709136963e-01
-5.052655339241027832e-01 8.368552327156066895e-01
-2.321528345346450806e-01 -1.761760413646697998e-01
-6.476789712905883789e-01 1.125465855002403259e-01
-5.156553387641906738e-01 -7.934184074401855469e-01
-3.117693364620208740e-01 9.935739636421203613e-02
-9.356387853622436523e-01 6.972622871398925781e-01
9.050073027610778809e-01 9.125325828790664673e-02
-3.496508002281188965e-01 6.679133176803588867e-01
8.159760236740112305e-01 -4.086148738861083984e-01
-1.938104778528213501e-01 -2.515619695186614990e-01
-3.100218772888183594e-01 -2.276547849178314209e-01
3.583866953849792480e-01 -9.717992544174194336e-01
-3.743607699871063232e-01 -2.178599387407302856e-01
3.551236987113952637e-01 2.423471659421920776e-01
-7.639394402503967285e-01 -6.378610730171203613e-01
-6.450270861387252808e-02 -3.422597050666809082e-01
6.708108782768249512e-01 1.147770583629608154e-01
9.024720191955566406e-01 -6.766041517257690430e-01
-6.291558146476745605e-01 6.750497221946716309e-01
7.110840082168579102e-01 2.982229292392730713e-01
1.914378106594085693e-01 -6.830715537071228027e-01
8.843860030174255371e-01 4.308718144893646240e-01
-1.293208152055740356e-01 -6.878311634063720703e-01
5.621283650398254395e-01 6.646593213081359863e-01
9.311289787292480469e-01 4.860925972461700439e-01
7.747727632522583008e-01 3.048681616783142090e-01
2.255154252052307129e-01 6.332241892814636230e-01
-8.865988850593566895e-01 9.836748242378234863e-01
-1.413586139678955078e-01 -3.626949489116668701e-01
4.165955185890197754e-01 8.374156355857849121e-01
1.365516930818557739e-01 4.212740063667297363e-01
-7.141425609588623047e-01 -6.190198063850402832e-01
-5.576308369636535645e-01 -2.527153491973876953e-01
6.868134737014770508e-01 -7.433606982231140137e-01
7.556762695312500000e-01 3.150182366371154785e-01
2.496727406978607178e-01 1.660605967044830322e-01
3.294761180877685547e-01 8.190503120422363281e-01
4.734893739223480225e-01 4.482019841670989990e-01
-9.739472866058349609e-01 4.054856300354003906e-01
-9.167788084596395493e-04 -4.389655292034149170e-01
2.783743143081665039e-01 2.446167469024658203e-01
8.927508592605590820e-01 3.460557460784912109e-01
9.306529164314270020e-01 7.308004796504974365e-02
5.691640824079513550e-02 9.585500955581665039e-01
2.458600550889968872e-01 9.179983288049697876e-02
9.951849579811096191e-01 -8.904837071895599365e-02
-5.246793627738952637e-01 -8.173931241035461426e-01
1.704981625080108643e-01 5.502158403396606445e-01
7.421875000000000000e-01 -1.073972657322883606e-01
-3.088061809539794922e-01 -8.917128443717956543e-01
6.792477965354919434e-01 2.373035252094268799e-02
-5.338764786720275879e-01 -8.611493706703186035e-01
1.119945421814918518e-01 2.845649123191833496e-01
-2.019994892179965973e-02 -3.678692877292633057e-01
-4.142214953899383545e-01 4.018609225749969482e-01
-8.525505065917968750e-01 -3.986485600471496582e-01
-7.583212852478027344e-01 -6.690376996994018555e-01
-1.763989627361297607e-01 5.582353100180625916e-02
7.363048791885375977e-01 8.541775345802307129e-01
8.114250898361206055e-01 7.944978475570678711e-01
-2.314596623182296753e-02 -5.604864358901977539e-01
8.779606819152832031e-01 -2.012799382209777832e-01
2.166185230016708374e-01 5.051904916763305664e-01
-9.547184705734252930e-01 9.799329042434692383e-01
3.065408468246459961e-01 7.788849472999572754e-01
7.857296466827392578e-01 6.219108104705810547e-01
-1.544865667819976807e-01 -5.313150957226753235e-02
-2.572744488716125488e-01 -4.811233878135681152e-01
7.114767096936702728e-03 6.270964145660400391e-01
5.693322420120239258e-01 8.233280181884765625e-01
-1.517473310232162476e-01 -7.309821844100952148e-01
-2.825454175472259521e-01 -6.514917612075805664e-01
-4.342950135469436646e-02 -2.617741227149963379e-01
2.915414236485958099e-02 -8.452929854393005371e-01
2.534461319446563721e-01 7.497493028640747070e-01
1.179039925336837769e-01 4.487477838993072510e-01
-7.246007323265075684e-01 -4.270565509796142578e-01
-1.151143759489059448e-01 3.675835430622100830e-01
-2.231418155133724213e-02 6.480565071105957031e-01
-9.167446494102478027e-01 -2.867959439754486084e-01
-8.537108451128005981e-02 9.088978171348571777e-01
6.387038826942443848e-01 2.661098837852478027e-01
-6.470342874526977539e-01 -6.009422540664672852e-01
-1.990759521722793579e-01 -2.397287786006927490e-01
-5.682337284088134766e-01 7.087343335151672363e-01
9.667388200759887695e-01 1.429405957460403442e-01
-3.840665519237518311e-01 3.742513954639434814e-01
-9.290488958358764648e-01 8.817003369331359863e-01
-7.655620574951171875e-01 -5.168874263763427734e-01
4.484350383281707764e-01 1.724964678287506104e-01
-8.603150248527526855e-01 -6.969329714775085449e-01
-8.686636090278625488e-01 9.688431024551391602e-01
3.201953768730163574e-01 6.359655261039733887e-01
5.493646264076232910e-01 2.811362445354461670e-01
-9.425094127655029297e-01 5.847067236900329590e-01
-6.657897830009460449e-01 5.418024063110351562e-01
-5.050590261816978455e-02 4.980756640434265137e-01
-2.223129868507385254e-01 4.689010977745056152e-01
-2.277443557977676392e-01 3.676293194293975830e-01
-6.590883135795593262e-01 9.379197359085083008e-01
2.923759818077087402e-01 9.136047959327697754e-01
-2.885786890983581543e-01 3.652528524398803711e-01
9.358690381050109863e-01 -9.677848219871520996e-01
-1.991707682609558105e-01 -4.602062106132507324e-01
9.720484018325805664e-01 5.063364505767822266e-01
9.638739824295043945e-01 -8.846901655197143555e-01
4.578740894794464111e-01 9.329728037118911743e-02
-9.847747683525085449e-01 -1.772603094577789307e-01
-9.007679224014282227e-01 5.812579300254583359e-03
2.040738314390182495e-01 5.054087042808532715e-01
4.491373300552368164e-01 3.107548058032989502e-01
3.880667388439178467e-01 -7.724624872207641602e-02
4.631856679916381836e-01 9.432286024093627930e-01
4.702727198600769043e-01 -7.974404096603393555e-01
4.539497792720794678e-01 -9.592527747154235840e-01
4.317150115966796875e-01 -2.545002400875091553e-01
5.092741250991821289e-01 -8.199007064104080200e-02
9.002376198768615723e-01 1.343596279621124268e-01
4.317965209484100342e-01 2.032234370708465576e-01
7.874240279197692871e-01 -1.015059947967529297e-01
-9.126928448677062988e-01 -7.278802394866943359e-01
-8.409184813499450684e-01 3.786827027797698975e-01
-3.601724803447723389e-01 1.419485509395599365e-01
6.043766140937805176e-01 4.014289379119873047e-01
8.756591081619262695e-01 -3.223136812448501587e-02
9.864742755889892578e-01 -5.805608630180358887e-01
-3.262360990047454834e-01 6.746745109558105469e-01
8.479589819908142090e-01 -2.809865772724151611e-01
-3.378362357616424561e-01 -4.761917591094970703e-01
-4.955021291971206665e-02 4.652858972549438477e-01
6.981043815612792969e-01 -2.753607928752899170e-01
-9.552442431449890137e-01 8.111711740493774414e-01
-3.296444714069366455e-01 7.708960175514221191e-01
4.005082845687866211e-01 -1.058974768966436386e-02
3.835132718086242676e-01 9.890203177928924561e-02
9.909784793853759766e-01 -7.433145046234130859e-01
-5.126398801803588867e-01 -3.806946799159049988e-02
-7.059106826782226562e-01 -9.411008656024932861e-02
-2.103434354066848755e-01 9.748700857162475586e-01
-1.825156360864639282e-01 9.816373884677886963e-02
-2.918958961963653564e-01 3.796295225620269775e-01
4.398956000804901123e-01 -7.396800518035888672e-01
2.907864050939679146e-03 -6.734978556632995605e-01
5.762907862663269043e-01 6.317143142223358154e-02
-5.777997151017189026e-02 7.858164310455322266e-01
7.988503575325012207e-01 3.137081265449523926e-01
8.190060257911682129e-01 3.426387161016464233e-02
8.603728413581848145e-01 -4.065848290920257568e-01
8.386589884757995605e-01 -2.152322083711624146e-01
-5.823118686676025391e-01 -5.607070922851562500e-01
6.002614498138427734e-01 9.196906685829162598e-01
-3.774294257164001465e-01 -3.359506428241729736e-01
-4.459785521030426025e-01 9.576221704483032227e-01
3.702796995639801025e-01 -6.046436429023742676e-01
7.368927597999572754e-01 1.300543397665023804e-01
-6.470132470130920410e-01 4.212439060211181641e-01
1.825210452079772949e-01 -8.753816485404968262e-01
5.405873060226440430e-01 1.246538609266281128e-01
-9.535024166107177734e-01 -1.746960282325744629e-01
6.078279614448547363e-01 2.503788471221923828e-01
-1.865503638982772827e-01 6.549059152603149414e-01
-5.419031977653503418e-01 8.697147965431213379e-01
-2.974947988986968994e-01 -3.725129067897796631e-01
7.035592794418334961e-01 3.375489711761474609e-01
-6.108587384223937988e-01 7.935250997543334961e-01
2.284649461507797241e-01 8.070279359817504883e-01
-2.854111194610595703e-01 4.317131638526916504e-02
8.341225385665893555e-01 -6.653474569320678711e-01
4.708692133426666260e-01 3.856283426284790039e-02
5.936313271522521973e-01 2.273588478565216064e-01
-8.651968240737915039e-01 -8.578490018844604492e-01
-9.447807669639587402e-01 9.341242909431457520e-01
1.991916894912719727e-01 4.307227134704589844e-01
1.582726240158081055e-01 3.977672383189201355e-02
9.982863664627075195e-01 -1.571858674287796021e-01
-6.867718696594238281e-01 -8.780755996704101562e-01
-4.329614043235778809e-01 1.338785588741302490e-01
1.459471043199300766e-02 -8.807860016822814941e-01
5.246138572692871094e-01 -3.084985315799713135e-01
-2.445647418498992920e-01 -4.828149378299713135e-01
-7.655386924743652344e-01 5.360503196716308594e-01
6.029251217842102051e-01 1.599587053060531616e-01
6.974999606609344482e-02 -3.436634838581085205e-01
9.864078760147094727e-01 -3.880423903465270996e-01
7.988921403884887695e-01 1.455548256635665894e-01
6.955317854881286621e-01 1.384530365467071533e-01
-1.839879751205444336e-01 -3.469512760639190674e-01
5.038855075836181641e-01 7.072545289993286133e-01
9.979723691940307617e-01 -9.624179601669311523e-01
-9.879395365715026855e-01 -9.487051963806152344e-01
4.004485309123992920e-01 7.090502977371215820e-01
5.469006299972534180e-01 5.736446380615234375e-01
-5.962940454483032227e-01 -8.329109549522399902e-01
4.467645585536956787e-01 2.555085718631744385e-01
8.508252501487731934e-01 6.063298135995864868e-02
-2.954930067062377930e-01 -5.604584813117980957e-01
-7.451521754264831543e-01 -1.198967453092336655e-02
6.131032705307006836e-01 1.202607080340385437e-01
-6.211427971720695496e-02 5.981275439262390137e-01
-9.734204038977622986e-03 6.785812973976135254e-01
9.870069622993469238e-01 -6.242060065269470215e-01
8.752748966217041016e-01 -4.933297261595726013e-02
6.535538434982299805e-01 4.657601118087768555e-01
-7.920190691947937012e-01 6.127125620841979980e-01
4.462129175662994385e-01 -9.647442400455474854e-02
-8.946158885955810547e-01 1.078648120164871216e-01
-8.776557445526123047e-01 8.430044651031494141e-01
4.236021265387535095e-02 -9.085356593132019043e-01
-2.821864373981952667e-02 7.960373163223266602e-01
-5.936767458915710449e-01 8.018864393234252930e-01
8.767650127410888672e-01 2.028270438313484192e-02
1.125592179596424103e-02 -2.526128888130187988e-01
5.074457265436649323e-03 4.517045915126800537e-01
9.831334948539733887e-01 -9.884309172630310059e-01
3.887875974178314209e-01 6.833463907241821289e-01
-4.908157885074615479e-01 -4.161892533302307129e-01
6.208245456218719482e-02 9.976374506950378418e-01
5.413842797279357910e-01 -4.500618949532508850e-02
-9.899853467941284180e-01 -9.437246918678283691e-01
-7.964062690734863281e-01 -8.384819626808166504e-01
-6.479746699333190918e-01 9.772468805313110352e-01
7.220142483711242676e-01 -6.648479104042053223e-01
-9.798178076744079590e-01 3.601578772068023682e-01
-8.552238345146179199e-03 -1.459356397390365601e-01
-5.550841689109802246e-01 -8.820177316665649414e-01
4.973382949829101562e-01 -1.854046881198883057e-01
6.860169768333435059e-01 -3.287864625453948975e-01
-6.352734565734863281e-01 6.236679479479789734e-02
-3.999477922916412354e-01 -1.991727799177169800e-01
-3.142760992050170898e-01 -3.507938086986541748e-01
7.129867672920227051e-01 7.545629739761352539e-01
6.479818224906921387e-01 5.491995811462402344e-01
3.097198307514190674e-01 8.674934506416320801e-01
