-5.994868651032447815e-02 7.762238383293151855e-01 9.226434826850891113e-01 -7.147674560546875000e-01
-5.366907715797424316e-01 -3.059102594852447510e-01 2.061781734228134155e-01 8.171586990356445312e-01
-2.364153265953063965e-01 -8.511193990707397461e-01 -1.253443807363510132e-01 -4.088998734951019287e-01
-1.720197051763534546e-01 -5.350345969200134277e-01 2.858259975910186768e-01 -4.781265556812286377e-01
-2.728119194507598877e-01 3.916084170341491699e-01 1.194772422313690186e-01 -9.272534847259521484e-01
9.655177593231201172e-02 8.430734872817993164e-01 5.426644682884216309e-01 6.518626213073730469e-01
-1.315342485904693604e-01 -8.018115162849426270e-01 -3.605849444866180420e-01 4.860687553882598877e-01
1.186434850096702576e-01 9.721391797065734863e-01 -3.074299395084381104e-01 4.426231980323791504e-02
-1.063684299588203430e-01 4.645659029483795166e-01 -6.385423988103866577e-02 9.129343032836914062e-01
6.338274478912353516e-01 8.570473194122314453e-01 -3.351833522319793701e-01 2.161263674497604370e-01
-4.447275996208190918e-01 9.316426515579223633e-01 4.041865468025207520e-01 -1.654912680387496948e-01
-2.821627557277679443e-01 -9.257493019104003906e-01 -2.245426177978515625e-01 -5.316088795661926270e-01
-3.193165361881256104e-02 2.672840654850006104e-01 1.936069428920745850e-01 -4.887870848178863525e-01
5.645262822508811951e-02 -9.239660501480102539e-01 -8.718854933977127075e-02 -5.278329253196716309e-01
-3.889324963092803955e-01 -9.735661745071411133e-01 -5.366734266281127930e-01 -4.870004653930664062e-01
-5.821104645729064941e-01 -9.517022371292114258e-01 -9.264031648635864258e-01 5.100403428077697754e-01
1.799326390027999878e-01 -3.307636678218841553e-01 -3.804419934749603271e-01 -1.554026901721954346e-01
2.053976356983184814e-01 8.753690123558044434e-01 -3.828471899032592773e-01 8.585375547409057617e-01
-6.763545870780944824e-01 9.812428951263427734e-01 -5.014382600784301758e-01 -8.642945438623428345e-02
6.587566137313842773e-01 5.265239477157592773e-01 7.817449420690536499e-02 -2.975144386291503906e-01
8.619511872529983521e-02 8.672697544097900391e-01 7.836502790451049805e-01 -4.861320257186889648e-01
-6.124488115310668945e-01 -8.901966214179992676e-01 -8.782459422945976257e-03 3.378060758113861084e-01
-5.314085483551025391e-01 6.466195583343505859e-01 3.475295603275299072e-01 -1.518012583255767822e-01
3.224067389965057373e-01 9.560969471931457520e-01 -7.382687330245971680e-01 9.511441737413406372e-02
2.106846272945404053e-01 8.724755048751831055e-01 -4.227227568626403809e-01 5.808495283126831055e-01
-4.084645509719848633e-01 6.862764954566955566e-01 5.334105491638183594e-01 -2.674283683300018311e-01
4.589208066463470459e-01 -8.785175681114196777e-01 -4.046259522438049316e-01 2.063746899366378784e-01
-7.718244194984436035e-02 -6.486015319824218750e-01 -6.472718715667724609e-01 2.242645621299743652e-01
-5.194476246833801270e-01 3.577415347099304199e-01 1.949427425861358643e-01 -8.956124782562255859e-01
-7.000891566276550293e-01 -6.808910965919494629e-01 3.404715955257415771e-01 8.414446115493774414e-01
9.037047028541564941e-01 2.482244372367858887e-01 9.791997671127319336e-01 -4.876065254211425781e-01
-4.362961947917938232e-01 -6.221515536308288574e-01 -9.488597512245178223e-02 -1.084547638893127441e-01
-4.671635627746582031e-01 -4.280672073364257812e-01 3.007295131683349609e-01 -7.758174538612365723e-01
4.635894596576690674e-01 -7.762805223464965820e-01 -7.071251869201660156e-01 1.234281063079833984e-01
7.911053895950317383e-01 -5.457890629768371582e-01 -4.357766807079315186e-01 -5.225655436515808105e-01
-3.183829188346862793e-01 4.777214229106903076e-01 -7.554256170988082886e-02 2.705143392086029053e-01
2.550840675830841064e-01 -4.281567335128784180e-01 -5.907077193260192871e-01 9.498488903045654297e-01
2.102058082818984985e-01 5.404261350631713867e-01 -6.406022608280181885e-02 -4.118030071258544922e-01
9.300009608268737793e-01 -3.445946872234344482e-01 -2.236617207527160645e-01 1.304326951503753662e-01
-3.601441681385040283e-01 -7.645329236984252930e-01 -2.093754149973392487e-02 6.023461222648620605e-01
-2.754171192646026611e-01 8.837350606918334961e-01 9.216817617416381836e-01 1.946914643049240112e-01
-8.344048857688903809e-01 6.063348650932312012e-01 -6.767889261245727539e-01 -7.477224469184875488e-01
5.790335536003112793e-01 -2.325709313154220581e-01 -3.131830096244812012e-01 9.022729396820068359e-01
-3.164540827274322510e-01 6.464955210685729980e-01 4.776965081691741943e-01 -7.370606064796447754e-01
4.649008512496948242e-01 -9.697798490524291992e-01 9.896925687789916992e-01 8.836782574653625488e-01
-3.248148262500762939e-01 4.090490043163299561e-01 4.476350843906402588e-01 -5.620322823524475098e-01
-2.121533453464508057e-01 -7.661869525909423828e-01 2.557165026664733887e-01 4.810392260551452637e-01
3.375661969184875488e-01 -4.746074378490447998e-01 5.392448902130126953e-01 4.775073230266571045e-01
7.295409590005874634e-02 -7.706511020660400391e-01 2.920535951852798462e-02 -6.147099137306213379e-01
6.726449728012084961e-01 -7.702854871749877930e-01 -2.280730158090591431e-01 8.443816006183624268e-02
-2.166733294725418091e-01 1.747471094131469727e-01 -3.785769343376159668e-01 -6.083460450172424316e-01
4.261823594570159912e-01 -8.804307878017425537e-02 -8.224381506443023682e-02 -8.026127815246582031e-01
2.312634885311126709e-01 -8.937500119209289551e-01 -3.641459643840789795e-01 3.229988813400268555e-01
-6.768695116043090820e-01 8.679119348526000977e-01 -3.182861506938934326e-01 1.920340061187744141e-01
-4.203032553195953369e-01 6.557707190513610840e-01 -1.673243343830108643e-01 6.598629355430603027e-01
2.107720822095870972e-01 -4.318276643753051758e-01 -5.091111063957214355e-01 6.015809178352355957e-01
3.410137295722961426e-01 -1.360892434604465961e-03 2.460341006517410278e-01 -7.803248763084411621e-01
-1.199171096086502075e-01 9.108304977416992188e-01 -6.035724282264709473e-01 -6.355661749839782715e-01
4.218080937862396240e-01 -7.112995386123657227e-01 -6.021356582641601562e-01 8.081819117069244385e-02
-2.157748341560363770e-01 7.788569927215576172e-01 -4.444709718227386475e-01 -4.962077438831329346e-01
-1.823229789733886719e-01 4.918236434459686279e-01 2.406954765319824219e-02 4.174586236476898193e-01
-6.005905866622924805e-01 -3.723550140857696533e-01 2.514535561203956604e-02 8.752871751785278320e-01
6.343272924423217773e-01 -7.247459292411804199e-01 -1.479202806949615479e-01 -2.624700069427490234e-01
-5.005708336830139160e-01 6.919980645179748535e-01 -3.135075271129608154e-01 5.023900270462036133e-01
1.528183370828628540e-01 -4.280319213867187500e-01 -5.641099810600280762e-01 3.782910406589508057e-01
-9.358149170875549316e-01 7.622745037078857422e-01 -3.804043829441070557e-01 -5.326663702726364136e-02
-1.830411255359649658e-01 9.136854857206344604e-02 -4.600561559200286865e-01 -4.213472902774810791e-01
6.098975539207458496e-01 -5.326274409890174866e-02 -2.289590388536453247e-01 8.691889047622680664e-01
-5.446761846542358398e-01 -8.553304076194763184e-01 -2.013444900512695312e-04 -1.214661672711372375e-01
-1.750307530164718628e-01 -6.365689635276794434e-01 -2.695968747138977051e-01 4.605749547481536865e-01
4.947684109210968018e-01 -7.032727599143981934e-01 -4.890714287757873535e-01 -8.358936011791229248e-02
-5.992968678474426270e-01 -9.904007315635681152e-01 -5.018892884254455566e-01 -5.503441095352172852e-01
4.931376278400421143e-01 8.878664374351501465e-01 -5.075786709785461426e-01 7.677228450775146484e-01
-2.567117214202880859e-01 -9.359177947044372559e-01 1.664622873067855835e-01 8.385452032089233398e-01
2.703845500946044922e-01 5.224273800849914551e-01 -7.228807806968688965e-01 6.655631661415100098e-01
3.172060251235961914e-01 9.090180397033691406e-01 5.598348975181579590e-01 5.936809778213500977e-01
2.944862842559814453e-01 9.247120022773742676e-01 -1.958817243576049805e-01 1.929073594510555267e-02
-3.560693934559822083e-02 7.093219757080078125e-01 8.846396803855895996e-01 -3.060028888285160065e-02
-5.523080825805664062e-01 -9.599572420120239258e-01 -6.113560795783996582e-01 -5.493696928024291992e-01
-5.806937217712402344e-01 -9.420338869094848633e-01 -4.867892265319824219e-01 -2.533408999443054199e-01
5.135371815413236618e-03 -1.292153745889663696e-01 -1.690150946378707886e-01 8.364999294281005859e-01
3.872890770435333252e-01 8.254399895668029785e-01 6.014305949211120605e-01 -6.328604817390441895e-01
-1.299302186816930771e-02 8.144702911376953125e-01 5.536652803421020508e-01 3.266873061656951904e-01
-1.446570605039596558e-01 9.137480854988098145e-01 4.748376011848449707e-01 -1.096281781792640686e-01
-6.378755569458007812e-01 -9.554139971733093262e-01 -2.153567522764205933e-01 -3.316067457199096680e-01
-2.361409813165664673e-01 -9.458227753639221191e-01 9.072808176279067993e-02 -4.799936711788177490e-01
-1.643916517496109009e-01 8.943112492561340332e-01 5.057168602943420410e-01 -4.771332144737243652e-01
-6.415060162544250488e-02 -4.407132267951965332e-01 6.674423217773437500e-01 -7.967237830162048340e-01
-4.327490329742431641e-01 4.793509244918823242e-01 4.644245281815528870e-02 6.823074221611022949e-01
-9.353606402873992920e-02 4.867260158061981201e-01 -6.389176100492477417e-02 6.503422260284423828e-01
1.412854343652725220e-01 -8.071417808532714844e-01 -5.553924441337585449e-01 3.124000132083892822e-01
5.498856306076049805e-01 -7.934796810150146484e-01 -7.221091389656066895e-01 4.465874433517456055e-01
8.605369180440902710e-02 -9.042939543724060059e-01 -1.568595618009567261e-01 5.914518833160400391e-01
5.945603847503662109e-01 4.863391220569610596e-01 -2.071334123611450195e-01 -4.833215177059173584e-01
5.635960102081298828e-01 5.828475952148437500e-01 -4.524849355220794678e-01 -6.734021902084350586e-01
-3.525794669985771179e-02 1.596860289573669434e-01 -4.550791978836059570e-01 -9.749016165733337402e-01
-7.987548708915710449e-01 7.645677328109741211e-01 -3.612211048603057861e-01 -4.202985763549804688e-01
-8.672741651535034180e-01 -4.598749876022338867e-01 -5.625903978943824768e-02 7.404748797416687012e-01
-9.477936625480651855e-01 5.747982263565063477e-01 4.014701247215270996e-01 4.779516756534576416e-01
-5.216886997222900391e-01 -8.056244254112243652e-01 -3.527928590774536133e-01 8.522168397903442383e-01
-1.067683100700378418e-01 -5.905270576477050781e-01 -1.793326437473297119e-01 4.909882545471191406e-01
3.804435431957244873e-01 9.072076678276062012e-01 -2.059348523616790771e-01 -8.479148149490356445e-02
-2.376137673854827881e-01 5.441192388534545898e-01 2.627274394035339355e-01 -7.944229245185852051e-01
3.135534822940826416e-01 9.604256749153137207e-01 -2.672184109687805176e-01 5.297676324844360352e-01
4.403734803199768066e-01 -4.300677776336669922e-01 -3.378478586673736572e-01 8.647303581237792969e-01
2.149136215448379517e-01 -7.258298397064208984e-01 3.218401223421096802e-03 -4.143959581851959229e-01
2.693496346473693848e-01 5.505160987377166748e-02 3.076500892639160156e-01 -8.680806159973144531e-01
-6.629929542541503906e-01 9.186384081840515137e-01 -5.376989245414733887e-01 -3.324891626834869385e-01
2.038223594427108765e-01 6.172812581062316895e-01 -3.595322668552398682e-01 -5.979146957397460938e-01
-1.379815638065338135e-01 -9.840115308761596680e-01 4.494110941886901855e-01 3.068840503692626953e-01
-7.887312173843383789e-01 -5.901957750320434570e-01 -1.258271187543869019e-01 7.645044326782226562e-01
-3.002881705760955811e-01 -8.522472381591796875e-01 -1.810989826917648315e-01 -6.084054708480834961e-01
-7.806540131568908691e-01 7.111271619796752930e-01 4.536579847335815430e-01 5.938516259193420410e-01
-2.000221461057662964e-01 9.499463438987731934e-01 -2.506423890590667725e-01 -2.804995477199554443e-01
4.429805576801300049e-01 -2.813164889812469482e-01 2.338486760854721069e-01 9.554220438003540039e-01
4.217876791954040527e-01 -4.140482246875762939e-01 9.751064330339431763e-02 -6.917551755905151367e-01
7.255941629409790039e-01 -9.549503922462463379e-01 7.552673220634460449e-01 4.050429761409759521e-01
1.748460680246353149e-01 6.095307469367980957e-01 3.773750066757202148e-01 -7.660037875175476074e-01
1.514322757720947266e-01 -7.080104947090148926e-01 -4.883509576320648193e-01 -4.323880374431610107e-01
-6.240453720092773438e-01 -6.683371067047119141e-01 -9.010392427444458008e-01 -4.456349015235900879e-01
-3.606093227863311768e-01 6.979609727859497070e-01 4.407267272472381592e-01 -3.642864823341369629e-01
-9.128474444150924683e-02 5.407134294509887695e-01 -3.610889911651611328e-01 -3.392709791660308838e-01
2.020384222269058228e-01 -3.545767962932586670e-01 -3.086599707603454590e-01 2.375408709049224854e-01
1.620454043149948120e-01 -8.987426161766052246e-01 -4.778575897216796875e-01 5.075228214263916016e-01
2.590833902359008789e-01 9.052009582519531250e-01 2.463713437318801880e-01 2.426606416702270508e-01
1.661481112241744995e-01 -7.472873330116271973e-01 2.838337793946266174e-02 1.812303513288497925e-01
-1.045010238885879517e-02 -5.750828981399536133e-01 -4.281294941902160645e-01 -1.781113743782043457e-01
-2.598482668399810791e-01 -9.663571119308471680e-01 -5.821458101272583008e-01 -1.208267137408256531e-01
-7.994685173034667969e-01 6.354271769523620605e-01 -7.403845191001892090e-01 -5.998942852020263672e-01
9.466729760169982910e-01 4.570557475090026855e-01 2.886162400245666504e-01 -6.805233955383300781e-01
-1.680294424295425415e-01 8.815737366676330566e-01 6.576756238937377930e-01 4.480206668376922607e-01
-5.027847886085510254e-01 -5.304492712020874023e-01 4.448644816875457764e-01 9.626217484474182129e-01
-2.133596539497375488e-01 6.161758899688720703e-01 -3.382718861103057861e-01 -3.636097535490989685e-02
2.268020808696746826e-01 8.676542043685913086e-01 -2.464234679937362671e-01 8.361564874649047852e-01
-4.631641805171966553e-01 3.745751976966857910e-01 -2.847269773483276367e-01 5.039357542991638184e-01
-5.412341356277465820e-01 7.859369516372680664e-01 -8.077499866485595703e-01 -1.442622542381286621e-01
8.161278963088989258e-01 1.182526946067810059e-01 -2.663478255271911621e-01 -4.511622190475463867e-01
-1.221713647246360779e-01 3.213931024074554443e-01 -6.167333573102951050e-03 6.372302174568176270e-01
6.137571334838867188e-01 7.978032827377319336e-01 -5.919358879327774048e-02 -1.035081595182418823e-01
2.407655715942382812e-01 -6.412635445594787598e-01 2.149996459484100342e-01 8.022108674049377441e-01
5.038533210754394531e-01 -6.219412088394165039e-01 -6.472694873809814453e-01 -4.427076503634452820e-02
-3.965204358100891113e-01 8.622608780860900879e-01 7.706286907196044922e-01 -5.918759107589721680e-01
-2.049465775489807129e-01 6.129262596368789673e-02 2.678310275077819824e-01 -8.948695659637451172e-01
-3.322489857673645020e-01 3.374013006687164307e-01 1.993799954652786255e-01 -5.553005933761596680e-01
2.410943508148193359e-01 -6.956453919410705566e-01 -7.372272610664367676e-01 6.204561591148376465e-01
-4.166818559169769287e-01 -8.950251340866088867e-01 -1.469858288764953613e-01 2.177846580743789673e-01
-2.969380915164947510e-01 8.541306853294372559e-01 3.135629594326019287e-01 5.717644691467285156e-01
7.001869678497314453e-01 1.927251666784286499e-01 1.015427857637405396e-01 -8.637202978134155273e-01
-8.190996944904327393e-02 5.040745735168457031e-01 -6.076894402503967285e-01 -9.883562326431274414e-01
2.782562077045440674e-01 7.178567051887512207e-01 8.373770117759704590e-01 -5.361302495002746582e-01
7.958860397338867188e-01 -1.213104799389839172e-01 -1.460489183664321899e-01 -7.104933857917785645e-01
-3.795724827796220779e-03 4.852007627487182617e-01 6.007599178701639175e-03 -9.015058279037475586e-01
-5.259847044944763184e-01 6.524168848991394043e-01 -6.055800914764404297e-01 -3.118937909603118896e-01
7.456771135330200195e-01 -8.271498233079910278e-02 -2.443372160196304321e-01 -5.749256610870361328e-01
7.307308316230773926e-01 2.300198525190353394e-01 -6.938546299934387207e-01 -4.982270300388336182e-01
7.717417180538177490e-02 7.966520190238952637e-01 -2.830717265605926514e-01 2.188217639923095703e-01
4.009760618209838867e-01 -8.365023136138916016e-01 9.303395152091979980e-01 -1.476878523826599121e-01
3.918967843055725098e-01 9.264858365058898926e-01 5.821204185485839844e-01 -1.438229680061340332e-01
-4.869055449962615967e-01 -9.471194148063659668e-01 -1.328679621219635010e-01 -2.235853970050811768e-01
-4.628908634185791016e-01 5.453805923461914062e-01 2.693973183631896973e-01 6.139696240425109863e-01
-8.225107789039611816e-01 2.939890697598457336e-02 1.977049261331558228e-01 6.906962394714355469e-01
-7.311223149299621582e-01 7.035976052284240723e-01 -4.651690125465393066e-01 -4.195134937763214111e-01
-6.844685226678848267e-02 -7.763797640800476074e-01 -5.701504349708557129e-01 -2.417809367179870605e-01
1.753276139497756958e-01 -9.343406558036804199e-01 -2.912377417087554932e-01 3.928305506706237793e-01
1.404009759426116943e-01 6.156867742538452148e-01 -8.268034458160400391e-01 -7.554152607917785645e-01
8.145475387573242188e-01 3.952658176422119141e-01 2.841824591159820557e-01 -6.217436194419860840e-01
-6.689491271972656250e-01 8.457381129264831543e-01 1.871119290590286255e-01 4.349601864814758301e-01
6.443749666213989258e-01 2.648558616638183594e-01 -2.223303318023681641e-01 -7.600586414337158203e-01
-8.999289274215698242e-01 8.224353790283203125e-01 -3.696597218513488770e-01 -2.551260292530059814e-01
-2.868540585041046143e-01 -6.653215289115905762e-01 -1.820188164710998535e-01 -5.918064340949058533e-02
3.648072481155395508e-01 -7.174890637397766113e-01 -1.588789671659469604e-01 3.791990280151367188e-01
1.895619332790374756e-01 8.230679035186767578e-01 6.954104304313659668e-01 3.762078881263732910e-01
-4.870413243770599365e-01 -2.348360791802406311e-02 2.309074699878692627e-01 -7.398707270622253418e-01
-6.721411347389221191e-01 8.447531461715698242e-01 1.582856327295303345e-01 2.241046726703643799e-01
-6.245433911681175232e-02 9.585790038108825684e-01 -1.236366555094718933e-01 7.669532299041748047e-01
-4.846066832542419434e-01 -9.817157983779907227e-01 -5.977718830108642578e-01 -5.912733078002929688e-01
-2.839761972427368164e-01 -3.707210719585418701e-01 3.319485187530517578e-01 -7.729689478874206543e-01
-3.713586926460266113e-01 9.528748393058776855e-01 -4.584414660930633545e-01 -6.149352192878723145e-01
1.934584826231002808e-01 8.932074308395385742e-01 7.628454566001892090e-01 3.065775334835052490e-02
2.769100368022918701e-01 -4.047394096851348877e-01 -2.378648370504379272e-01 4.578165709972381592e-01
2.132587581872940063e-01 -4.842458665370941162e-02 1.289268881082534790e-01 -9.078429937362670898e-01
-5.813269615173339844e-01 -9.629035592079162598e-01 -5.569599866867065430e-01 -1.566487848758697510e-01
-6.925860643386840820e-01 6.418435573577880859e-01 4.725370407104492188e-01 6.172400116920471191e-01
-5.443717241287231445e-01 9.136023521423339844e-01 -5.625311285257339478e-02 5.182039737701416016e-02
3.527390956878662109e-01 4.064118266105651855e-01 -2.194555997848510742e-01 -8.646652102470397949e-01
1.317353546619415283e-01 6.315028071403503418e-01 2.773327827453613281e-01 6.868246793746948242e-01
-5.945875868201255798e-02 4.205601811408996582e-01 9.265509843826293945e-01 -5.434752106666564941e-01
-3.658184409141540527e-01 -9.562729597091674805e-01 -8.416707813739776611e-02 -2.156304121017456055e-01
-3.225646317005157471e-01 9.634789228439331055e-01 -5.732674002647399902e-01 -4.803041517734527588e-01
4.316433072090148926e-01 -2.107412666082382202e-01 1.802808046340942383e-01 9.151238799095153809e-01
4.230437278747558594e-01 3.743658065795898438e-01 -6.284206360578536987e-02 7.283797264099121094e-01
-1.867545694112777710e-01 4.137712121009826660e-01 5.990476533770561218e-02 -6.465200781822204590e-01
3.128510117530822754e-01 -6.661594510078430176e-01 -4.604770243167877197e-01 -4.669516980648040771e-01
6.370696704834699631e-03 -3.507772982120513916e-01 -5.416773557662963867e-01 4.458218216896057129e-01
5.305562019348144531e-01 7.349397540092468262e-01 -1.669230461120605469e-01 -6.009532213211059570e-01
-8.277921676635742188e-01 -9.149585366249084473e-01 1.143510118126869202e-01 1.542559266090393066e-01
-1.656970754265785217e-02 -5.938549637794494629e-01 -8.192382454872131348e-01 8.313770294189453125e-01
7.856224179267883301e-01 -2.633273899555206299e-01 -4.561639130115509033e-01 8.879404067993164062e-01
-7.339455932378768921e-02 -7.570747137069702148e-01 1.094994768500328064e-01 2.156336009502410889e-01
-1.961694061756134033e-01 6.339350342750549316e-01 -2.406395673751831055e-01 8.827230334281921387e-01
6.485305428504943848e-01 8.299571871757507324e-01 5.464599132537841797e-01 -6.739409565925598145e-01
-7.506185024976730347e-02 8.131752610206604004e-01 -5.859591364860534668e-01 -6.215800046920776367e-01
3.617983460426330566e-01 3.405771553516387939e-01 8.928923010826110840e-01 -5.505318641662597656e-01
-2.629325687885284424e-01 -5.624752044677734375e-01 -1.454777568578720093e-01 5.170577168464660645e-01
8.498352766036987305e-01 4.706909656524658203e-01 -3.166738748550415039e-01 -1.944617778062820435e-01
-8.254055380821228027e-01 -6.271888017654418945e-01 2.027772217988967896e-01 7.763538956642150879e-01
-3.373866081237792969e-01 8.774402737617492676e-01 -6.073092818260192871e-01 -5.022438764572143555e-01
-3.106984198093414307e-01 -9.345325231552124023e-01 5.321465805172920227e-02 -4.330484569072723389e-01
-4.746114611625671387e-01 9.165571928024291992e-01 2.071288414299488068e-02 1.074177995324134827e-01
4.131085872650146484e-01 -7.929747700691223145e-01 -4.527083933353424072e-01 5.023288074880838394e-03
9.495561569929122925e-02 6.862063407897949219e-01 1.104296073317527771e-01 -2.996120154857635498e-01
-6.955021023750305176e-01 -9.518806338310241699e-01 -8.163043260574340820e-01 4.375796914100646973e-01
-9.298283457756042480e-01 7.402264475822448730e-01 4.178370535373687744e-01 2.643496692180633545e-01
1.736706644296646118e-01 -8.896254897117614746e-01 -1.710495203733444214e-01 5.220140144228935242e-02
-2.472583800554275513e-01 2.209669351577758789e-01 3.545874953269958496e-01 -8.869853019714355469e-01
1.093850210309028625e-01 8.029972910881042480e-01 3.218900859355926514e-01 5.538933277130126953e-01
-3.443710207939147949e-01 9.312483072280883789e-01 5.584989190101623535e-01 -2.645474374294281006e-01
-9.386869519948959351e-02 8.998379111289978027e-01 -2.713384032249450684e-01 8.481969833374023438e-01
3.772176504135131836e-01 -1.876680552959442139e-01 1.415547132492065430e-01 8.825807571411132812e-01
4.387618005275726318e-01 9.491279125213623047e-01 -3.197159171104431152e-01 -4.970211982727050781e-01
-5.114315152168273926e-01 -8.949960470199584961e-01 -2.188691347837448120e-01 2.505104541778564453e-01
-3.730812966823577881e-01 -5.192513465881347656e-01 -2.637729644775390625e-01 2.356875836849212646e-01
-4.528091102838516235e-02 -7.436609268188476562e-01 -2.565470337867736816e-01 3.649394810199737549e-01
4.779053330421447754e-01 -6.858821511268615723e-01 -1.716524362564086914e-01 -2.611080408096313477e-01
5.281142592430114746e-01 -5.951553583145141602e-01 1.762309670448303223e-01 -4.469007551670074463e-01
-4.937636852264404297e-01 -9.554010629653930664e-01 2.523280382156372070e-01 7.674297094345092773e-01
5.133014917373657227e-01 -6.515464186668395996e-01 -7.293401360511779785e-01 6.488678455352783203e-01
3.079389631748199463e-01 -6.846134662628173828e-01 -2.428710460662841797e-01 2.282327115535736084e-01
5.311523079872131348e-01 -7.850325107574462891e-01 -7.651419639587402344e-01 5.468438267707824707e-01
-7.387977242469787598e-01 -9.159035086631774902e-01 -5.724269151687622070e-02 1.955938041210174561e-01
-1.172233074903488159e-01 -9.609350562095642090e-01 3.128022849559783936e-01 8.043920397758483887e-01
-1.123257130384445190e-01 -6.441867947578430176e-01 -1.155988648533821106e-01 3.356247842311859131e-01
3.617976903915405273e-01 -9.091351628303527832e-01 -9.832776337862014771e-02 -1.866623163223266602e-01
1.972914487123489380e-01 -4.334990084171295166e-01 -4.302615523338317871e-01 -1.286459416151046753e-01
-4.002892598509788513e-02 3.690613508224487305e-01 -7.745990157127380371e-02 9.134477376937866211e-01
-9.222741127014160156e-01 4.325509965419769287e-01 1.358589529991149902e-01 -3.656022250652313232e-01
2.021693736314773560e-01 9.674500226974487305e-01 4.814763069152832031e-01 3.086127936840057373e-01
-2.043945491313934326e-01 -8.809331655502319336e-01 -2.426677197217941284e-01 -5.172817111015319824e-01
-4.393413364887237549e-01 4.592629149556159973e-02 2.030921429395675659e-01 -7.171501517295837402e-01
1.934914290904998779e-01 -8.630908131599426270e-01 -9.053795337677001953e-01 8.815961480140686035e-01
4.278881549835205078e-01 -3.155502974987030029e-01 -2.806185781955718994e-01 -3.985335826873779297e-01
3.406152427196502686e-01 -5.601717829704284668e-01 -9.096394479274749756e-02 6.937550306320190430e-01
-9.198792278766632080e-02 -9.717049002647399902e-01 5.664548650383949280e-02 -3.180888593196868896e-01
-3.009447455406188965e-02 1.810641586780548096e-01 5.401563048362731934e-01 -7.444680333137512207e-01
4.201309382915496826e-01 9.662493467330932617e-01 -3.932695686817169189e-01 6.589388847351074219e-01
6.779595613479614258e-01 -1.850537955760955811e-01 -3.202334940433502197e-01 -7.858834862709045410e-01
-2.822209000587463379e-01 9.175392389297485352e-01 4.406964778900146484e-01 6.306929588317871094e-01
5.562018975615501404e-02 -9.017375707626342773e-01 -9.896837174892425537e-02 1.158557310700416565e-01
2.260028123855590820e-01 -2.649188339710235596e-01 6.482142210006713867e-02 -4.388517737388610840e-01
-2.774821221828460693e-01 2.920572161674499512e-01 4.971145093441009521e-01 -8.492046594619750977e-01
7.217590212821960449e-01 7.378475069999694824e-01 -7.488504648208618164e-01 2.724895179271697998e-01
5.207052230834960938e-01 -7.935247421264648438e-01 -2.251805961132049561e-01 5.951805710792541504e-01
-4.488885402679443359e-02 3.816260397434234619e-01 6.117144823074340820e-01 -6.431579589843750000e-01
4.638041928410530090e-02 -6.821136474609375000e-01 -3.420296609401702881e-01 4.598743021488189697e-01
-3.024230301380157471e-01 -6.784883737564086914e-01 -6.350597739219665527e-01 -2.031771689653396606e-01
6.488258838653564453e-01 2.653654217720031738e-01 9.883661866188049316e-01 -4.509405195713043213e-01
1.564145535230636597e-01 -7.275177836418151855e-01 1.197353824973106384e-01 -4.171527326107025146e-01
-1.341308951377868652e-01 -7.061395645141601562e-01 -6.336846351623535156e-01 4.932661540806293488e-03
-1.227249205112457275e-01 -6.749021410942077637e-01 -9.969794005155563354e-02 1.193106770515441895e-01
-6.092542037367820740e-02 4.403928816318511963e-01 -4.863299131393432617e-01 8.478263616561889648e-01
4.677067399024963379e-01 -9.174209833145141602e-01 -2.480354905128479004e-01 4.270648956298828125e-01
-4.477270245552062988e-01 -7.098571062088012695e-01 1.254546362906694412e-02 -2.145831100642681122e-02
5.563258528709411621e-01 -8.004271984100341797e-01 -8.380041718482971191e-01 -2.464065551757812500e-01
-3.276085257530212402e-01 6.122185587882995605e-01 4.904771447181701660e-01 -7.106860876083374023e-01
3.738533258438110352e-01 -3.703488036990165710e-02 1.007557362318038940e-01 -8.805825114250183105e-01
-2.415279597043991089e-01 -2.930126190185546875e-01 1.861626952886581421e-01 8.873587250709533691e-01
-4.843848645687103271e-01 9.504627585411071777e-01 -3.485350310802459717e-01 7.297050356864929199e-01
1.716952621936798096e-01 4.870515465736389160e-01 9.097012877464294434e-01 -7.824788093566894531e-01
2.592127025127410889e-01 -6.445981264114379883e-01 -6.378616690635681152e-01 8.598555326461791992e-01
1.838858723640441895e-01 -5.941911935806274414e-01 -8.231970071792602539e-01 6.059155464172363281e-01
-1.337296962738037109e-01 -4.334741532802581787e-01 1.464361995458602905e-01 -8.455882668495178223e-01
-2.346515804529190063e-01 5.614531636238098145e-01 2.253111451864242554e-03 -9.251688607037067413e-03
1.696446835994720459e-01 6.379607915878295898e-01 6.934057474136352539e-01 1.927114576101303101e-01
2.868669331073760986e-01 6.755203604698181152e-01 2.752061933279037476e-02 4.879950284957885742e-01
4.660192430019378662e-01 1.569651365280151367e-01 -2.723062932491302490e-01 8.744396567344665527e-01
2.013590335845947266e-01 8.381150364875793457e-01 2.369342446327209473e-01 -4.910292029380798340e-01
-6.579408049583435059e-02 -7.726206183433532715e-01 -2.475337237119674683e-01 9.443284571170806885e-02
-3.028602600097656250e-01 3.139797449111938477e-01 3.264842331409454346e-01 4.183068871498107910e-01
3.356249332427978516e-01 3.998913168907165527e-01 -2.740918993949890137e-01 -8.272190690040588379e-01
6.188062429428100586e-01 4.948813021183013916e-01 -1.675425022840499878e-01 -4.537605941295623779e-01
5.573354959487915039e-01 7.952687144279479980e-01 7.882261872291564941e-01 6.718282103538513184e-01
-4.735472798347473145e-01 9.931119680404663086e-01 -3.820705413818359375e-01 5.744225978851318359e-01
-5.414357781410217285e-01 -6.697478890419006348e-01 -2.668398618698120117e-01 6.331643462181091309e-01
5.737679004669189453e-01 -5.995465442538261414e-02 -3.656289279460906982e-01 9.530377388000488281e-01
8.874539732933044434e-01 3.551766276359558105e-03 2.340089082717895508e-01 -8.494508862495422363e-01
-6.572159379720687866e-02 6.350209116935729980e-01 -2.192642837762832642e-01 -3.323218524456024170e-01
-1.086896061897277832e-01 6.362552642822265625e-01 1.057167053222656250e-01 -4.619173407554626465e-01
3.578045368194580078e-01 -6.175344586372375488e-01 1.589858084917068481e-01 9.006561636924743652e-01
-2.372307926416397095e-01 -1.659000515937805176e-01 -7.156170904636383057e-02 6.662240624427795410e-01
8.477914929389953613e-01 6.410859227180480957e-01 -1.431976258754730225e-01 -2.131321281194686890e-01
2.576189301908016205e-02 6.910399794578552246e-01 -2.606357038021087646e-01 -8.374518156051635742e-01
-6.711318492889404297e-01 7.783806324005126953e-01 -9.194173663854598999e-02 -4.408844709396362305e-01
-2.624528110027313232e-01 -9.538628458976745605e-01 -6.013121008872985840e-01 5.189421176910400391e-01
-6.555433385074138641e-03 9.561660885810852051e-01 5.141511559486389160e-01 -1.147921755909919739e-01
-3.854652866721153259e-02 -8.556629419326782227e-01 -1.297897100448608398e-01 -4.258893728256225586e-01
-2.519459724426269531e-01 -4.119668006896972656e-01 2.250011116266250610e-01 -4.783360064029693604e-01
-7.534319162368774414e-02 2.476268708705902100e-01 3.659675121307373047e-01 -8.939473628997802734e-01
-3.624957427382469177e-02 -4.386222660541534424e-01 -1.819637715816497803e-01 2.295146137475967407e-02
-8.479636311531066895e-01 -7.830103039741516113e-01 -4.715344905853271484e-01 4.244216382503509521e-01
-5.934106111526489258e-01 -9.279606342315673828e-01 -7.149430513381958008e-01 6.299709081649780273e-01
-4.789472818374633789e-01 -5.753077864646911621e-01 3.818005621433258057e-01 -7.093560099601745605e-01
-2.898252010345458984e-01 -9.684711098670959473e-01 -7.115216255187988281e-01 3.688392341136932373e-01
3.307895362377166748e-01 8.980264663696289062e-01 -1.335764378309249878e-01 6.248256564140319824e-01
-6.843278408050537109e-01 8.096345663070678711e-01 -6.587119698524475098e-01 -3.640624284744262695e-01
5.911055207252502441e-01 2.147390879690647125e-02 -3.607559502124786377e-01 -8.471338152885437012e-01
-3.956154584884643555e-01 -8.593313694000244141e-01 -4.679587110877037048e-02 6.665477752685546875e-01
-2.500467300415039062e-01 1.780554056167602539e-01 2.059049010276794434e-01 -9.177167415618896484e-01
-5.929274559020996094e-01 5.042632296681404114e-02 3.161720931529998779e-01 -8.858212828636169434e-01
-7.872975468635559082e-01 -8.331228494644165039e-01 -8.708846569061279297e-01 -2.788371741771697998e-01
-2.873649597167968750e-01 -9.054145812988281250e-01 -7.880840301513671875e-01 4.056693017482757568e-01
5.131228566169738770e-01 -7.547277808189392090e-01 -9.592090845108032227e-01 3.566716909408569336e-01
2.145190723240375519e-02 8.302730917930603027e-01 -7.727111689746379852e-03 6.277111768722534180e-01
5.356346368789672852e-01 2.375946640968322754e-01 -1.286468207836151123e-01 9.171381592750549316e-01
-3.632966876029968262e-01 8.882025480270385742e-01 8.036836385726928711e-01 -5.051621794700622559e-01
2.715660631656646729e-01 -1.530864536762237549e-01 4.174315929412841797e-01 -7.447940707206726074e-01
-4.305631220340728760e-01 8.198668360710144043e-01 4.098984599113464355e-01 -3.187958598136901855e-01
2.350163161754608154e-01 -7.648826241493225098e-01 -2.537431120872497559e-01 -5.894567370414733887e-01
-3.758567944169044495e-02 -7.788199186325073242e-01 -1.761531084775924683e-01 3.907775878906250000e-02
6.083403825759887695e-01 -5.300073623657226562e-01 -5.344507694244384766e-01 -6.996597051620483398e-01
5.858858227729797363e-01 3.268564939498901367e-01 5.276037454605102539e-01 -7.738878130912780762e-01
-5.209949612617492676e-01 -6.008989810943603516e-01 -3.553534150123596191e-01 -9.256228804588317871e-01
-5.838577747344970703e-01 -5.229304432868957520e-01 -9.788919091224670410e-01 -1.879354417324066162e-01
9.460856914520263672e-01 -2.210066467523574829e-02 2.516317665576934814e-01 -9.591658711433410645e-01
5.702110528945922852e-01 -5.986944437026977539e-01 -4.309632778167724609e-01 -3.992174565792083740e-01
6.758956313133239746e-01 -2.751977741718292236e-01 -3.467808365821838379e-01 -5.925320386886596680e-01
-4.508128166198730469e-01 -2.967357337474822998e-01 3.622110486030578613e-01 -6.218056082725524902e-01
5.220959186553955078e-01 8.602555990219116211e-01 -5.993558838963508606e-02 -1.479327231645584106e-01
7.243850231170654297e-01 -3.108326904475688934e-02 -7.099955677986145020e-01 -4.964087307453155518e-01
-2.386893332004547119e-01 4.292365014553070068e-01 6.796586513519287109e-01 -8.450786471366882324e-01
-4.226626828312873840e-02 6.940732598304748535e-01 3.934770822525024414e-01 2.647841721773147583e-02
-7.283314466476440430e-01 -4.547743499279022217e-01 -1.997804492712020874e-01 7.467601895332336426e-01
1.235259547829627991e-01 -5.828951001167297363e-01 3.645079955458641052e-02 8.713279366493225098e-01
8.767261356115341187e-02 7.575263977050781250e-01 3.001866042613983154e-01 -3.302725255489349365e-01
1.970529556274414062e-04 -1.458803713321685791e-01 -2.058130800724029541e-01 6.135842204093933105e-01
3.800744414329528809e-01 -7.015334367752075195e-01 2.382845580577850342e-01 8.941918015480041504e-01
8.311483263969421387e-01 -9.045785069465637207e-01 6.491371393203735352e-01 4.173001050949096680e-01
4.308358728885650635e-01 9.727930426597595215e-01 -4.584766328334808350e-01 5.433129072189331055e-01
4.251829683780670166e-01 8.426055312156677246e-01 8.112480044364929199e-01 -4.839521348476409912e-01
-2.619295120239257812e-01 -7.425529956817626953e-01 -7.440471649169921875e-01 5.034644901752471924e-02
2.759046852588653564e-02 -5.298386812210083008e-01 -1.393098682165145874e-01 4.319969564676284790e-02
-4.040547907352447510e-01 -8.834362030029296875e-01 -7.029946446418762207e-01 -3.834765171632170677e-03
3.413353860378265381e-01 9.356658160686492920e-02 -1.309354603290557861e-01 -4.210655391216278076e-01
4.969460666179656982e-01 -5.103479027748107910e-01 -8.261784166097640991e-02 -1.697416156530380249e-01
-7.616299390792846680e-01 -8.981962203979492188e-01 2.436290532350540161e-01 3.126344680786132812e-01
-1.012665852904319763e-01 3.218170404434204102e-01 -1.290040165185928345e-01 5.604501962661743164e-01
1.907221823930740356e-01 -6.309562325477600098e-01 -7.339181900024414062e-01 3.049456775188446045e-01
-8.544595241546630859e-01 -6.350467801094055176e-01 7.265278697013854980e-02 7.869566679000854492e-01
-2.264383286237716675e-01 3.723793327808380127e-01 5.222512483596801758e-01 -8.016439080238342285e-01
-7.394924294203519821e-03 -1.093501821160316467e-01 2.141069918870925903e-01 -8.576462268829345703e-01
-5.902714729309082031e-01 -3.180277347564697266e-02 -4.478450119495391846e-01 8.590104579925537109e-01
3.333589732646942139e-01 -5.585755109786987305e-01 -4.328865706920623779e-01 -2.366380840539932251e-01
-5.638572573661804199e-01 -8.014199137687683105e-01 3.307175040245056152e-01 9.035196900367736816e-01
-5.424968004226684570e-01 6.768912672996520996e-01 -4.643745720386505127e-02 -6.125907897949218750e-01
4.139770269393920898e-01 -7.923472523689270020e-01 -4.534098207950592041e-01 -1.308218091726303101e-01
-7.740472555160522461e-01 -6.988289952278137207e-01 -1.099311187863349915e-01 5.805281400680541992e-01
-7.173364758491516113e-01 7.456749081611633301e-01 -1.808124631643295288e-01 5.430883914232254028e-02
-2.182986885309219360e-01 2.822163403034210205e-01 2.839968800544738770e-01 -9.075610041618347168e-01
3.502688705921173096e-01 8.601449728012084961e-01 1.433314234018325806e-01 1.857894957065582275e-01
1.343823969364166260e-01 -7.312734127044677734e-01 3.018596172332763672e-01 8.034991025924682617e-01
7.445181012153625488e-01 -6.619836688041687012e-01 -6.448549032211303711e-01 -6.120706200599670410e-01
-2.229526787996292114e-01 7.274392843246459961e-01 -6.886472702026367188e-01 -8.133631944656372070e-01
-3.857567608356475830e-01 -9.307249784469604492e-01 -6.959157586097717285e-01 1.492551416158676147e-01
-9.422673583030700684e-01 -3.014526069164276123e-01 1.473186910152435303e-01 4.989009797573089600e-01
-2.490531355142593384e-01 5.017895698547363281e-01 4.472621977329254150e-01 -1.942376494407653809e-01
4.642531275749206543e-01 1.224701255559921265e-01 5.307771638035774231e-02 -7.994552850723266602e-01
5.712401270866394043e-01 3.575385808944702148e-01 5.818825960159301758e-01 -5.541421771049499512e-01
1.403322070837020874e-01 -7.244310975074768066e-01 1.137563213706016541e-01 2.947022914886474609e-01
4.663761854171752930e-01 -7.404739856719970703e-01 -4.222913682460784912e-01 -1.590769886970520020e-01
-4.762364327907562256e-01 8.058748245239257812e-01 4.036170840263366699e-01 9.801580570638179779e-03
8.357372879981994629e-01 6.751170754432678223e-01 -1.675522923469543457e-01 -6.315451860427856445e-01
-5.251647159457206726e-02 8.246970772743225098e-01 -4.736750721931457520e-01 8.527444601058959961e-01
-6.274736523628234863e-01 -9.773120284080505371e-01 4.807324707508087158e-01 1.854292601346969604e-01
-2.927206158638000488e-01 -8.651750683784484863e-01 -2.624624874442815781e-03 -5.426549911499023438e-01
-7.941125333309173584e-02 -9.006281495094299316e-01 1.965415924787521362e-01 6.705026030540466309e-01
-5.268186330795288086e-01 -9.502438306808471680e-01 -6.320832967758178711e-01 2.323577105998992920e-01
1.099161952733993530e-01 8.906002044677734375e-01 -5.573570728302001953e-01 6.800943017005920410e-01
-2.220704555511474609e-01 7.755205631256103516e-01 -4.586968123912811279e-01 -7.673175334930419922e-01
-5.976312160491943359e-01 8.708461523056030273e-01 2.361075729131698608e-01 3.226544857025146484e-01
-4.725649654865264893e-01 8.118309378623962402e-01 -3.452750742435455322e-01 -5.554381012916564941e-01
2.256879657506942749e-01 6.780134439468383789e-01 -5.173186659812927246e-01 -8.787776231765747070e-01
-8.610305786132812500e-01 -1.029722020030021667e-01 7.709723711013793945e-02 6.609876155853271484e-01
-3.042966425418853760e-01 -6.269085407257080078e-01 -2.211356908082962036e-01 3.949103951454162598e-01
3.863907754421234131e-01 -5.866761207580566406e-01 3.385548666119575500e-02 -7.478991746902465820e-01
-6.761832237243652344e-01 8.917090892791748047e-01 5.260335206985473633e-01 -6.146752834320068359e-02
1.303924173116683960e-01 8.044399619102478027e-01 -1.805367171764373779e-01 4.864980876445770264e-01
-8.928083181381225586e-01 6.961432099342346191e-01 3.198435008525848389e-01 2.141776233911514282e-01
-3.766560554504394531e-01 7.157019972801208496e-01 -2.222900390625000000e-01 2.611854374408721924e-01
2.063750624656677246e-01 -9.547488093376159668e-01 -4.907160624861717224e-02 -2.465408891439437866e-01
5.306974649429321289e-01 9.387802481651306152e-01 -6.720983386039733887e-01 2.943258285522460938e-01
1.228642314672470093e-01 9.396878480911254883e-01 5.799877643585205078e-01 6.588184833526611328e-01
-5.711422562599182129e-01 -8.411184549331665039e-01 -3.840304315090179443e-01 5.898637175559997559e-01
-5.237492918968200684e-01 6.315600872039794922e-01 2.506853640079498291e-01 1.400074362754821777e-01
-5.694490075111389160e-01 -4.506799578666687012e-01 -4.783141016960144043e-01 -6.092353723943233490e-03
3.809431195259094238e-01 -6.411386728286743164e-01 -7.147167921066284180e-01 6.090868115425109863e-01
-1.397987157106399536e-01 -4.732716381549835205e-01 -4.812203347682952881e-03 4.156630635261535645e-01
6.274704933166503906e-01 -7.772374749183654785e-01 -7.478061318397521973e-02 -1.378738433122634888e-01
-4.426634609699249268e-01 -4.796604812145233154e-01 2.124023288488388062e-01 -5.244936347007751465e-01
-2.912244796752929688e-01 -9.956068992614746094e-01 6.973684430122375488e-01 -4.778318405151367188e-01
3.746095895767211914e-01 4.875399768352508545e-01 -2.795546054840087891e-01 -9.386190176010131836e-01
-5.963404476642608643e-02 8.451193571090698242e-01 -2.152430713176727295e-01 -3.950035572052001953e-02
1.534146070480346680e-01 -7.728093266487121582e-01 -3.325733542442321777e-01 -6.915218830108642578e-01
6.472538411617279053e-02 8.691527843475341797e-01 -1.293764859437942505e-01 3.943415582180023193e-01
-2.142625898122787476e-01 8.667315244674682617e-01 4.422705471515655518e-01 6.437237858772277832e-01
3.250944614410400391e-01 -4.155773222446441650e-01 1.412087380886077881e-01 8.395267128944396973e-01
-1.938222534954547882e-02 -6.165978312492370605e-01 7.437565922737121582e-02 9.289299249649047852e-01
-5.166090726852416992e-01 8.666318058967590332e-01 6.707895994186401367e-01 -1.114106401801109314e-01
-1.824587583541870117e-01 7.764941453933715820e-01 -2.379252761602401733e-01 -6.153830289840698242e-01
-5.183978676795959473e-01 -8.294935226440429688e-01 -1.402399986982345581e-01 -7.177092432975769043e-01
2.421516627073287964e-01 6.190230846405029297e-01 9.505743384361267090e-01 -5.927639603614807129e-01
5.359355807304382324e-01 -5.051924586296081543e-01 -2.877913713455200195e-01 -4.634039103984832764e-01
7.842205762863159180e-01 4.531912505626678467e-01 -1.639001667499542236e-01 -6.163267493247985840e-01
3.861308693885803223e-01 6.460228562355041504e-01 -3.415313959121704102e-01 -8.902916908264160156e-01
5.609855651855468750e-01 9.398525953292846680e-01 -4.585931301116943359e-01 5.948002338409423828e-01
-4.353541731834411621e-01 8.052628040313720703e-01 7.707484364509582520e-01 -6.848401427268981934e-01
2.076018601655960083e-01 9.407150745391845703e-01 -2.801462709903717041e-01 1.829986087977886200e-02
-1.581083685159683228e-01 3.674136698246002197e-01 5.321329832077026367e-01 -8.260821104049682617e-01
7.562704682350158691e-01 -4.212003648281097412e-01 -3.740370571613311768e-01 -5.507521629333496094e-01
-5.476832762360572815e-02 2.983762919902801514e-01 1.198192983865737915e-01 -9.650109410285949707e-01
8.707248568534851074e-01 6.851310729980468750e-01 -2.225723564624786377e-01 -5.693246126174926758e-01
3.916699811816215515e-02 8.769541382789611816e-01 3.007794618606567383e-01 9.833409637212753296e-02
-7.501485347747802734e-01 8.206437826156616211e-01 1.374813728034496307e-02 -2.064092457294464111e-01
-7.702392339706420898e-01 -9.157956242561340332e-01 -1.978842616081237793e-01 4.579387605190277100e-01
-6.692669987678527832e-01 8.485240936279296875e-01 4.946119785308837891e-01 4.003300964832305908e-01
-7.210586071014404297e-01 -7.288041114807128906e-01 -9.807165265083312988e-01 2.867115288972854614e-02
-4.236470758914947510e-01 8.076449632644653320e-01 -2.920814752578735352e-01 -5.825901031494140625e-01
-4.686082899570465088e-01 -8.888593912124633789e-01 -1.209364309906959534e-01 -5.937026739120483398e-01
-5.367501378059387207e-01 -8.184760808944702148e-01 1.213915869593620300e-01 9.114325046539306641e-01
-7.901961803436279297e-01 1.483773291110992432e-01 4.197281971573829651e-02 7.303951978683471680e-01
-3.924549818038940430e-01 -7.675892710685729980e-01 5.841935276985168457e-01 -6.840543150901794434e-01
-9.627214819192886353e-02 -7.380421757698059082e-01 1.481788139790296555e-02 8.935735225677490234e-01
5.070763230323791504e-01 2.113346755504608154e-01 -3.342267274856567383e-01 -8.243731856346130371e-01
-2.319447249174118042e-01 -9.412785060703754425e-03 1.855123192071914673e-01 -5.487533211708068848e-01
-5.407563447952270508e-01 -7.643233537673950195e-01 -3.160646259784698486e-01 -3.444473445415496826e-01
-5.190109610557556152e-01 6.270789504051208496e-01 2.577106058597564697e-01 -2.051363699138164520e-02
-3.979752585291862488e-02 4.544624313712120056e-02 4.926784634590148926e-01 -7.345809936523437500e-01
1.067030057311058044e-01 8.514094352722167969e-01 8.962196111679077148e-02 1.477118730545043945e-01
1.185862943530082703e-01 -4.250091612339019775e-01 7.504602521657943726e-02 9.582586288452148438e-01
-5.953053757548332214e-02 -9.590933918952941895e-01 -1.887990087270736694e-01 -1.000769585371017456e-01
-8.020349144935607910e-01 -8.990167975425720215e-01 -4.019284620881080627e-02 5.304507017135620117e-01
-1.330386567860841751e-02 -9.504128694534301758e-01 2.733590006828308105e-01 -6.987299323081970215e-01
3.806184530258178711e-01 8.956511616706848145e-01 -6.086599454283714294e-02 -3.478617668151855469e-01
-3.115659952163696289e-01 7.338460087776184082e-01 1.626370102167129517e-01 1.628291755914688110e-01
-2.366383075714111328e-01 3.333445787429809570e-01 1.647569388151168823e-01 7.463018298149108887e-01
7.269898056983947754e-01 -3.568188846111297607e-02 -1.050141602754592896e-01 -7.510095238685607910e-01
-8.483950048685073853e-02 -8.841178417205810547e-01 -2.503217160701751709e-01 2.948166728019714355e-01
9.626424908638000488e-01 3.975135087966918945e-01 1.509232521057128906e-01 -7.372338771820068359e-01
-3.479872941970825195e-01 5.828363299369812012e-01 2.763166725635528564e-01 -5.382155179977416992e-01
2.921085953712463379e-01 9.220688343048095703e-01 -2.446656525135040283e-01 -3.154226541519165039e-01
-3.953919112682342529e-01 -7.507464289665222168e-01 4.042351245880126953e-01 8.621673583984375000e-01
1.366670429706573486e-01 -7.853068113327026367e-01 -4.432630538940429688e-01 7.625809907913208008e-01
8.417073488235473633e-01 1.790240556001663208e-01 2.633017003536224365e-01 -9.417558312416076660e-01
3.164161741733551025e-02 6.019803881645202637e-01 -4.446766898036003113e-02 -6.293758153915405273e-01
-1.913282126188278198e-01 -4.420059621334075928e-01 6.397624611854553223e-01 -7.928968667984008789e-01
1.419199407100677490e-01 6.763423681259155273e-01 -4.171452671289443970e-02 2.839799821376800537e-01
5.800142288208007812e-01 -9.095311164855957031e-01 -2.542123496532440186e-01 2.248939722776412964e-01
-8.044634014368057251e-02 -5.068865418434143066e-01 -1.138915047049522400e-01 2.342665940523147583e-01
6.174874901771545410e-01 1.798652261495590210e-01 6.468440890312194824e-01 -4.400201737880706787e-01
-4.895361959934234619e-01 6.580455303192138672e-01 3.421382904052734375e-01 -3.117045462131500244e-01
7.840653657913208008e-01 6.879047751426696777e-01 -3.598296642303466797e-01 -5.511180758476257324e-01
9.655161499977111816e-01 1.582601964473724365e-01 1.582999974489212036e-01 -8.855324983596801758e-01
-1.463675312697887421e-02 3.391000330448150635e-01 1.363002806901931763e-01 -2.677814960479736328e-01
-7.906268835067749023e-01 -2.610906586050987244e-02 2.403030693531036377e-01 4.839230179786682129e-01
-1.840825825929641724e-01 9.557029008865356445e-01 -6.257847547531127930e-01 4.673338830471038818e-01
-9.457095712423324585e-02 -2.388756871223449707e-01 -5.274207592010498047e-01 4.830912947654724121e-01
4.525421559810638428e-01 -5.844086408615112305e-01 -4.524967372417449951e-01 3.864627182483673096e-01
3.511165380477905273e-01 9.729830026626586914e-01 -5.114221572875976562e-01 6.368147730827331543e-01
-5.345327854156494141e-01 -6.935008168220520020e-01 -8.402409404516220093e-02 8.581789731979370117e-01
3.085240125656127930e-01 -5.919553637504577637e-01 -1.779330670833587646e-01 4.325306415557861328e-01
4.253959953784942627e-01 -7.769436240196228027e-01 -4.137960970401763916e-01 -4.555423259735107422e-01
4.488756954669952393e-01 6.644810438156127930e-01 -9.420712292194366455e-02 -1.696970462799072266e-01
4.293642044067382812e-01 2.945388853549957275e-01 -3.328619301319122314e-01 -9.522647261619567871e-01
3.280291557312011719e-01 5.724560022354125977e-01 4.370743632316589355e-01 6.689320802688598633e-01
5.248481780290603638e-02 -4.944945871829986572e-01 -2.502346932888031006e-01 7.142652273178100586e-01
5.127610564231872559e-01 7.587977051734924316e-01 4.741623103618621826e-01 -6.800472736358642578e-01
3.900766968727111816e-01 -7.790537476539611816e-01 -4.002729654312133789e-01 3.568124473094940186e-01
2.184841968119144440e-02 5.685750842094421387e-01 3.075261414051055908e-02 -8.199931979179382324e-01
-3.682233691215515137e-01 -4.895281791687011719e-01 -8.841943740844726562e-01 -4.919511377811431885e-01
4.208687841892242432e-01 7.035925984382629395e-01 7.522518932819366455e-02 7.601823806762695312e-01
8.826771751046180725e-03 3.837307393550872803e-01 9.728412032127380371e-01 -5.339919328689575195e-01
1.118014082312583923e-01 9.690238833427429199e-01 5.165693163871765137e-01 -4.756506532430648804e-02
-3.061133027076721191e-01 -8.629051446914672852e-01 8.357392251491546631e-02 -5.482259988784790039e-01
-4.351146817207336426e-01 2.488368749618530273e-01 -3.618706762790679932e-01 -5.962874293327331543e-01
-1.152770593762397766e-01 -1.969035156071186066e-02 3.740139603614807129e-01 -5.244694948196411133e-01
-3.208248615264892578e-01 -8.459365963935852051e-01 5.465493798255920410e-01 -6.942123174667358398e-01
-7.657175511121749878e-02 8.001766800880432129e-01 -7.099229693412780762e-01 -7.597001791000366211e-01
3.607442378997802734e-01 9.742268323898315430e-01 -2.838106155395507812e-01 5.319157242774963379e-01
-4.307834506034851074e-01 7.780814170837402344e-01 4.093132317066192627e-01 -2.673709690570831299e-01
-1.837593317031860352e-01 8.952234983444213867e-01 2.828739583492279053e-01 5.213065147399902344e-01
-3.593239933252334595e-02 8.019366264343261719e-01 1.560890581458806992e-02 -1.023280620574951172e-02
4.047458767890930176e-01 6.020947098731994629e-01 -9.868370741605758667e-02 7.325505614280700684e-01
-9.188168644905090332e-01 -6.796914935111999512e-01 -4.945264756679534912e-01 4.304250776767730713e-01
1.220721080899238586e-01 -8.215715289115905762e-01 3.976490795612335205e-01 7.412083148956298828e-01
2.123769521713256836e-01 2.025651931762695312e-01 -3.799122059717774391e-03 5.864979028701782227e-01
-3.080630302429199219e-01 -2.184784263372421265e-01 2.629359662532806396e-01 -7.843703031539916992e-01
1.278355717658996582e-01 -6.733225584030151367e-01 -7.469259202480316162e-02 2.860376536846160889e-01
-1.799860149621963501e-01 -7.921185493469238281e-01 -8.439090102910995483e-02 -4.751319885253906250e-01
-4.404329657554626465e-01 -6.982734799385070801e-01 -2.113780677318572998e-01 -1.047916859388351440e-01
-6.249908208847045898e-01 8.659951686859130859e-01 -1.229443624615669250e-01 3.004229068756103516e-01
-5.082720518112182617e-01 -7.576733231544494629e-01 -3.293343782424926758e-01 -6.392372846603393555e-01
1.306107826530933380e-02 -9.431106448173522949e-01 -5.835737660527229309e-02 -2.722522616386413574e-01
2.637290358543395996e-01 7.096582055091857910e-01 4.133604764938354492e-01 -7.721667885780334473e-01
9.244183301925659180e-01 2.629497647285461426e-01 2.263269871473312378e-01 -8.278611898422241211e-01
-2.521602213382720947e-01 7.914331555366516113e-01 6.186652779579162598e-01 -4.982261359691619873e-01
3.809711337089538574e-02 -8.475809693336486816e-01 1.195245385169982910e-01 6.683565974235534668e-01
5.296133160591125488e-01 -5.077021718025207520e-01 -7.627003788948059082e-01 9.763520956039428711e-01
8.202289342880249023e-01 5.133328437805175781e-01 -1.292139589786529541e-01 -2.587924599647521973e-01
6.235247850418090820e-01 -4.475507736206054688e-01 -4.224927723407745361e-01 -3.711413741111755371e-01
1.802693307399749756e-01 8.646237254142761230e-01 5.761589407920837402e-01 7.588751912117004395e-01
1.620512008666992188e-01 8.388245105743408203e-01 3.769463598728179932e-01 -4.735217690467834473e-01
-2.645399272441864014e-01 7.382302880287170410e-01 4.740438759326934814e-01 1.232744380831718445e-01
1.195051521062850952e-01 -8.664125204086303711e-01 -2.864264547824859619e-01 4.178246855735778809e-01
5.472862124443054199e-01 -9.288921952247619629e-01 -1.824200339615345001e-02 1.784163713455200195e-01
4.478417038917541504e-01 9.492530822753906250e-01 2.218340039253234863e-01 5.213321447372436523e-01
2.324587255716323853e-01 -6.914028525352478027e-01 5.931734442710876465e-01 4.875017106533050537e-01
4.188400208950042725e-01 4.530505836009979248e-01 4.942212402820587158e-01 -7.385354042053222656e-01
-1.082711853086948395e-02 2.370990812778472900e-01 -1.999016478657722473e-02 -5.675723552703857422e-01
-3.187166154384613037e-01 -9.397180080413818359e-01 -3.539723157882690430e-01 -6.146798133850097656e-01
5.351290702819824219e-01 9.688910841941833496e-01 3.328220248222351074e-01 1.762816160917282104e-01
-1.563252210617065430e-01 -2.567055225372314453e-01 -7.962051033973693848e-02 4.403209090232849121e-01
-2.316621989011764526e-01 4.564987719058990479e-01 4.887997806072235107e-01 5.335457921028137207e-01
4.123142957687377930e-01 6.856632828712463379e-01 5.363440513610839844e-01 -7.950698733329772949e-01
-8.747006207704544067e-02 8.825574517250061035e-01 4.844255447387695312e-01 3.817974030971527100e-01
-8.590982556343078613e-01 5.350180864334106445e-01 -4.639180004596710205e-01 2.815312147140502930e-01
6.550090759992599487e-02 1.885653734207153320e-01 2.456703186035156250e-01 -9.219589829444885254e-01
2.683423459529876709e-01 4.612792730331420898e-01 -1.845313608646392822e-01 8.975339531898498535e-01
5.830488801002502441e-01 8.722896575927734375e-01 4.688935279846191406e-01 -3.409988284111022949e-01
-2.639283239841461182e-01 -8.410312533378601074e-01 3.517356142401695251e-02 -1.584935039281845093e-01
7.779086828231811523e-01 4.327675998210906982e-01 -5.889894962310791016e-01 -7.006497979164123535e-01
2.931433916091918945e-01 6.079735755920410156e-01 5.442791581153869629e-01 4.312831163406372070e-01
-2.025897800922393799e-01 -1.714576482772827148e-01 -1.241390854120254517e-01 7.505536079406738281e-01
6.129164099693298340e-01 6.658179759979248047e-01 -3.447905182838439941e-01 -5.944337248802185059e-01
-4.657811522483825684e-01 -1.616470515727996826e-01 3.603585362434387207e-01 -7.398636937141418457e-01
-7.112916558980941772e-02 -8.888697624206542969e-01 -2.660446465015411377e-01 -4.559727907180786133e-01
7.608681917190551758e-01 9.385587573051452637e-01 -6.363056898117065430e-01 3.051716089248657227e-01
5.163024067878723145e-01 9.554722905158996582e-01 -3.184402585029602051e-01 -2.409650087356567383e-01
2.239450216293334961e-01 -5.434502959251403809e-01 2.322324737906455994e-02 8.337040543556213379e-01
6.006621718406677246e-01 6.153080463409423828e-01 4.192284047603607178e-01 -4.237731099128723145e-01
-7.437208890914916992e-01 1.490856111049652100e-01 -4.213106334209442139e-01 -7.054998278617858887e-01
-6.632163524627685547e-01 9.026712179183959961e-01 4.178434319328516722e-04 -4.618902131915092468e-02
-2.612941563129425049e-01 -9.366564154624938965e-01 -2.957084476947784424e-01 -5.001038908958435059e-01
2.714218199253082275e-01 -7.684554457664489746e-01 -2.436804175376892090e-01 2.698722183704376221e-01
4.092330634593963623e-01 3.862201273441314697e-01 6.648030281066894531e-01 -5.580282807350158691e-01
4.305649995803833008e-01 8.441516757011413574e-01 8.899860829114913940e-02 3.613128960132598877e-01
8.477704524993896484e-01 2.511976659297943115e-01 2.081466317176818848e-01 -5.305769443511962891e-01
7.597953081130981445e-01 8.677420020103454590e-01 -1.990800499916076660e-01 -2.668962627649307251e-02
-2.835201621055603027e-01 -6.217111945152282715e-01 -1.499081850051879883e-01 6.419587731361389160e-01
3.712323009967803955e-01 -7.331683635711669922e-01 -3.603939116001129150e-01 6.254034638404846191e-01
1.247935965657234192e-01 4.753468930721282959e-01 9.730031713843345642e-03 -8.731930851936340332e-01
-4.975275099277496338e-01 -8.607392907142639160e-01 -6.650244593620300293e-01 1.806588768959045410e-01
1.205213144421577454e-01 -7.545182853937149048e-02 -3.072843849658966064e-01 9.498944878578186035e-01
-2.723256051540374756e-01 9.534522891044616699e-01 -3.784925043582916260e-01 3.487119078636169434e-01
1.179276183247566223e-01 -5.291011333465576172e-01 -7.330215573310852051e-01 2.427262812852859497e-01
-4.095953404903411865e-01 8.018070459365844727e-01 -6.850301027297973633e-01 -5.412424206733703613e-01
-9.230139851570129395e-01 -7.885590791702270508e-01 -5.407588481903076172e-01 -3.665406405925750732e-01
-4.650114774703979492e-01 -8.524386882781982422e-01 -7.845772057771682739e-02 -2.934000194072723389e-01
-4.594739675521850586e-01 -7.384092807769775391e-01 -1.366796195507049561e-01 1.854969933629035950e-02
-2.227090299129486084e-01 5.276694297790527344e-01 6.195425391197204590e-01 -5.062216520309448242e-01
2.809306979179382324e-01 -7.686218619346618652e-01 -9.821491837501525879e-01 3.879625350236892700e-02
-4.669379591941833496e-01 4.331168532371520996e-01 7.844593375921249390e-02 -9.129422307014465332e-01
-6.460283994674682617e-01 -7.697822451591491699e-01 -2.098854072391986847e-02 6.877983808517456055e-01
-4.364499151706695557e-01 -8.695204257965087891e-01 -2.351533323526382446e-01 3.512817323207855225e-01
4.690770208835601807e-01 -8.451774716377258301e-01 -7.795797288417816162e-02 -3.191306591033935547e-01
3.842647373676300049e-01 -9.558175206184387207e-01 -8.785824179649353027e-01 8.997225761413574219e-01
5.747210979461669922e-01 -9.356013536453247070e-01 -1.834798902273178101e-01 1.541656106710433960e-01
-5.039997100830078125e-01 -9.522363543510437012e-01 -1.511281579732894897e-01 -1.711571030318737030e-02
-7.914581894874572754e-01 -8.291165232658386230e-01 -2.589171566069126129e-02 1.256973147392272949e-01
-1.241301149129867554e-01 -9.951449036598205566e-01 4.509252309799194336e-01 1.927717179059982300e-01
-4.280843436717987061e-01 8.780425190925598145e-01 1.175310984253883362e-01 6.156483292579650879e-01
4.386596381664276123e-01 -8.047926425933837891e-01 -7.797651290893554688e-01 4.384886622428894043e-01
-6.326003074645996094e-01 -7.840476036071777344e-01 4.416279494762420654e-01 -2.332442849874496460e-01
-5.343837291002273560e-02 8.349296450614929199e-01 1.897017955780029297e-01 9.863150119781494141e-02
-2.059012502431869507e-01 8.156247735023498535e-01 1.797099560499191284e-01 -4.690440297126770020e-01
-4.344128370285034180e-01 -9.247446060180664062e-01 -8.040503263473510742e-01 3.610248565673828125e-01
1.868675351142883301e-01 9.019072651863098145e-01 4.733005166053771973e-01 3.126181662082672119e-01
3.953522816300392151e-02 5.052577853202819824e-01 9.745294451713562012e-01 -6.903986334800720215e-01
3.850624859333038330e-01 -3.957749903202056885e-01 -1.190620660781860352e-01 -5.851497650146484375e-01
-4.251945316791534424e-01 7.942144274711608887e-01 -7.993884384632110596e-02 -9.851448237895965576e-02
-4.616826400160789490e-02 9.025052189826965332e-01 5.230307579040527344e-01 2.079687118530273438e-01
3.080079555511474609e-01 8.014556169509887695e-01 3.774372041225433350e-01 6.656468510627746582e-01
1.928205043077468872e-01 -8.108374476432800293e-01 -7.792255282402038574e-01 -8.714295923709869385e-02
-4.204789996147155762e-01 -8.749557733535766602e-01 2.779064178466796875e-01 8.737931847572326660e-01
5.380990505218505859e-01 -8.699039220809936523e-01 -3.346716165542602539e-01 3.464882075786590576e-01
-5.233877897262573242e-01 -9.233239293098449707e-01 -2.286667227745056152e-01 3.108346089720726013e-02
5.362042039632797241e-02 8.375481963157653809e-01 8.947947025299072266e-01 -9.478659182786941528e-02
1.390683371573686600e-02 -5.627368092536926270e-01 -3.210404813289642334e-01 9.045292735099792480e-01
1.036204993724822998e-01 1.908124685287475586e-01 -1.237078607082366943e-01 6.482234597206115723e-01
-3.501048982143402100e-01 8.483790755271911621e-01 -4.229549169540405273e-01 -5.391916036605834961e-01
-1.398130357265472412e-01 -6.528403759002685547e-01 9.821933694183826447e-03 4.241869151592254639e-01
-1.016128808259963989e-02 -7.236787676811218262e-01 -4.803989231586456299e-01 -2.789600193500518799e-01
-7.751946896314620972e-02 8.490568995475769043e-01 2.263451963663101196e-01 7.222625017166137695e-01
6.999579071998596191e-02 -8.499426245689392090e-01 -7.869024872779846191e-01 -3.233400881290435791e-01
-5.506868362426757812e-01 5.257055759429931641e-01 -9.797135591506958008e-01 -4.301914572715759277e-01
-3.745283484458923340e-01 -6.824543476104736328e-01 -1.955448389053344727e-01 6.078675389289855957e-01
3.842783868312835693e-01 9.577391743659973145e-01 3.093868196010589600e-01 4.121551215648651123e-01
5.199443697929382324e-01 4.440256953239440918e-01 7.766177058219909668e-01 -6.664374470710754395e-01
7.871722579002380371e-01 8.914193511009216309e-01 -5.792542695999145508e-01 -6.646410375833511353e-02
-1.326748356223106384e-02 4.263526797294616699e-01 2.274423390626907349e-01 -8.412610292434692383e-01
-5.085808634757995605e-01 -9.553269147872924805e-01 2.948001921176910400e-01 -3.456555008888244629e-01
-3.892770707607269287e-01 -8.657163977622985840e-01 1.273134071379899979e-02 -5.390484929084777832e-01
-2.607112191617488861e-02 -8.296062350273132324e-01 -2.476536184549331665e-01 -3.999895155429840088e-01
8.681547045707702637e-01 1.147068887948989868e-01 -2.518717013299465179e-02 -7.807843685150146484e-01
-2.814531624317169189e-01 6.837017536163330078e-01 7.831334471702575684e-01 -8.248714208602905273e-01
1.486102491617202759e-01 8.024401068687438965e-01 3.059850260615348816e-02 6.391440033912658691e-01
-4.570578783750534058e-02 4.124490320682525635e-01 -3.987092897295951843e-02 6.368039250373840332e-01
2.978270947933197021e-01 -8.523916006088256836e-01 -5.274142026901245117e-01 2.166264206171035767e-01
-6.954333931207656860e-02 8.373042941093444824e-01 7.716504335403442383e-01 3.529690951108932495e-02
6.668952703475952148e-01 6.364374160766601562e-01 3.220671415328979492e-01 7.280083894729614258e-01
-1.499319374561309814e-01 6.463343501091003418e-01 -9.316220134496688843e-02 5.914255976676940918e-01
1.218644678592681885e-01 5.940960049629211426e-01 1.388686988502740860e-02 -7.563854455947875977e-01
1.697890907526016235e-01 -9.058341979980468750e-01 -7.649729251861572266e-01 6.481999754905700684e-01
-1.646141111850738525e-01 -8.250299096107482910e-01 -5.858777165412902832e-01 9.159379452466964722e-02
5.624600648880004883e-01 7.896976470947265625e-01 -6.217279434204101562e-01 -5.406487584114074707e-01
-4.227712452411651611e-01 4.191230833530426025e-01 2.142246067523956299e-01 -7.294202446937561035e-01
-4.291713833808898926e-01 -6.577433943748474121e-01 -2.285858839750289917e-01 3.245261013507843018e-01
5.951746925711631775e-02 -5.551164150238037109e-01 -5.832799077033996582e-01 9.019178152084350586e-01
-1.094923838973045349e-01 -4.957922399044036865e-01 -2.081547081470489502e-01 -5.374270305037498474e-02
-5.238509774208068848e-01 -1.266615390777587891e-01 2.823044061660766602e-01 -7.584905624389648438e-01
4.155345559120178223e-01 -7.836220264434814453e-01 -4.746076166629791260e-01 -4.494163990020751953e-01
3.845358192920684814e-01 4.160569310188293457e-01 4.864230155944824219e-01 -8.308138251304626465e-01
1.023564860224723816e-01 5.384204983711242676e-01 8.191864490509033203e-01 1.324151456356048584e-01
1.728295087814331055e-01 8.913859724998474121e-01 3.605343997478485107e-01 4.133756458759307861e-01
1.936610341072082520e-01 -9.030964374542236328e-01 -1.257801800966262817e-01 -5.610180497169494629e-01
-3.565601408481597900e-01 -9.250552058219909668e-01 -1.088058799505233765e-01 -3.865992426872253418e-01
2.858883440494537354e-01 -7.961338758468627930e-01 -8.422150015830993652e-01 7.789829969406127930e-01
7.144709229469299316e-01 -7.092222571372985840e-01 -3.146718442440032959e-01 -1.610820740461349487e-01
-5.936167240142822266e-01 -3.429169356822967529e-01 2.336697727441787720e-01 8.409137129783630371e-01
3.298600018024444580e-01 8.796238899230957031e-01 -2.263052165508270264e-01 -5.087404847145080566e-01
-6.675229668617248535e-01 -9.393713474273681641e-01 -2.812394201755523682e-01 3.767877221107482910e-01
7.378318309783935547e-01 8.073791861534118652e-01 9.690842032432556152e-02 -5.377771854400634766e-01
-1.819691509008407593e-01 9.751610755920410156e-01 -1.920875906944274902e-01 5.277219414710998535e-01
-3.856066763401031494e-01 -9.013135433197021484e-01 4.354467988014221191e-01 -1.473782211542129517e-01
-6.636212468147277832e-01 -8.038076758384704590e-01 6.310577690601348877e-02 -2.279467880725860596e-01
6.440261006355285645e-01 7.904303669929504395e-01 3.892003893852233887e-01 6.676470041275024414e-01
-2.678139209747314453e-01 3.685457631945610046e-03 3.130374252796173096e-01 -5.402361750602722168e-01
5.501486659049987793e-01 -7.174406051635742188e-01 -5.745759606361389160e-01 -2.259694933891296387e-01
-4.580397307872772217e-01 9.348326325416564941e-01 3.087241016328334808e-02 1.740715503692626953e-01
-5.124457478523254395e-01 8.180384635925292969e-01 -5.759824812412261963e-02 5.380678176879882812e-01
-2.932163700461387634e-02 9.595263004302978516e-01 2.904806137084960938e-01 3.470687270164489746e-01
-7.497048377990722656e-02 7.552534937858581543e-01 2.778785824775695801e-01 -7.131524682044982910e-01
-3.692180216312408447e-01 -9.687698483467102051e-01 1.966319531202316284e-01 1.819195225834846497e-02
3.891937136650085449e-01 3.899025022983551025e-01 -1.910086572170257568e-01 8.783044815063476562e-01
-3.048124611377716064e-01 9.295710325241088867e-01 3.437818586826324463e-01 -1.097439825534820557e-01
-5.743389725685119629e-01 -9.678997993469238281e-01 -1.361417118459939957e-02 1.829638779163360596e-01
-1.194794178009033203e-01 -6.576347351074218750e-01 9.182690083980560303e-02 -3.328217864036560059e-01
1.451577842235565186e-01 6.601274013519287109e-01 9.457691758871078491e-02 -7.412771582603454590e-01
-6.688690185546875000e-01 -7.809368371963500977e-01 7.618390917778015137e-01 -6.318116188049316406e-01
-5.381134748458862305e-01 -8.547585010528564453e-01 1.532115340232849121e-01 -3.377102613449096680e-01
6.639126539230346680e-01 2.580550312995910645e-01 6.521136313676834106e-02 -7.228972315788269043e-01
4.667418301105499268e-01 5.180681943893432617e-01 -1.131549254059791565e-01 -6.603680849075317383e-01
-5.308691859245300293e-01 -7.745531201362609863e-01 2.413114160299301147e-02 -2.736357748508453369e-01
-1.560456901788711548e-01 7.749693393707275391e-01 1.025793105363845825e-01 7.488330006599426270e-01
7.557569742202758789e-01 4.546038508415222168e-01 -2.442823499441146851e-01 -6.304684281349182129e-01
4.676577150821685791e-01 -8.884952068328857422e-01 4.680824875831604004e-01 9.362902045249938965e-01
-9.040558934211730957e-01 -5.608363151550292969e-01 9.529341012239456177e-02 7.278630137443542480e-01
7.411698698997497559e-01 5.786585211753845215e-01 3.356502652168273926e-01 5.955689549446105957e-01
-1.968853548169136047e-02 -7.144833803176879883e-01 -9.897723048925399780e-02 -4.703891873359680176e-01
-5.718049407005310059e-01 8.381679058074951172e-01 -5.946542024612426758e-01 -1.419425308704376221e-01
-5.268527269363403320e-01 -7.642993927001953125e-01 -7.732130885124206543e-01 1.433388590812683105e-01
7.585522532463073730e-01 4.304813146591186523e-01 -6.505630016326904297e-01 -5.954476594924926758e-01
-5.581725239753723145e-01 -7.775709033012390137e-01 4.235839843750000000e-01 5.120349526405334473e-01
5.612747073173522949e-01 -7.848193049430847168e-01 -4.334140717983245850e-01 3.342225551605224609e-01
2.840024828910827637e-01 -7.504670023918151855e-01 2.208693176507949829e-01 -3.388673663139343262e-01
-5.282961130142211914e-01 3.395367264747619629e-01 -1.268372088670730591e-01 -7.996838688850402832e-01
7.394340634346008301e-01 7.758595347404479980e-01 -2.896775007247924805e-01 -5.047970414161682129e-01
-1.992213428020477295e-01 6.738195419311523438e-01 1.741234809160232544e-01 -2.406530976295471191e-01
3.961460590362548828e-01 5.018134117126464844e-01 3.608943819999694824e-01 7.404521703720092773e-01
-5.651053786277770996e-01 -3.020763397216796875e-01 4.407078027725219727e-02 7.805277705192565918e-01
-3.444648385047912598e-01 3.693349957466125488e-01 3.807475864887237549e-01 6.377979516983032227e-01
-4.648392200469970703e-01 9.937693476676940918e-01 -6.076695322990417480e-01 1.374871134757995605e-01
-5.725530982017517090e-01 -5.293474197387695312e-01 5.512413382530212402e-01 -7.256447672843933105e-01
2.984585165977478027e-01 -5.000671148300170898e-01 5.298123955726623535e-01 -6.901379823684692383e-01
-1.498761177062988281e-01 -8.812205195426940918e-01 9.169336408376693726e-03 3.933587372303009033e-01
-6.253409981727600098e-01 -9.660382270812988281e-01 -3.276595175266265869e-01 -1.349917203187942505e-01
5.376856327056884766e-01 9.373332858085632324e-01 -3.403173685073852539e-01 -1.118634343147277832e-01
6.016266718506813049e-02 6.304654479026794434e-01 -6.911601126194000244e-02 -7.854201793670654297e-01
4.333449900150299072e-01 -7.218356132507324219e-01 -5.889096856117248535e-01 5.018867254257202148e-01
8.226846456527709961e-01 2.968739569187164307e-01 -2.348567591980099678e-03 -7.147108912467956543e-01
-4.305070042610168457e-01 -6.443676352500915527e-01 -2.175746262073516846e-01 -7.951790094375610352e-01
-2.518049478530883789e-01 1.867665722966194153e-02 3.051221072673797607e-01 -7.207050919532775879e-01
5.759792327880859375e-01 -4.109058678150177002e-01 -6.546884775161743164e-01 9.749037027359008789e-01
-3.063618838787078857e-01 -6.491456031799316406e-01 -6.753740906715393066e-01 7.250449061393737793e-01
6.954579949378967285e-01 -7.421087622642517090e-01 -2.183430939912796021e-01 3.158194124698638916e-01
-7.546373605728149414e-01 8.213934302330017090e-01 2.958875298500061035e-01 -1.271484196186065674e-01
-1.706828474998474121e-01 3.838637471199035645e-01 -9.220679849386215210e-02 -8.758366703987121582e-01
5.400415062904357910e-01 9.343504905700683594e-01 -1.019437238574028015e-01 2.090582847595214844e-01
5.549718141555786133e-01 -5.833943560719490051e-02 -5.181686207652091980e-02 -6.194764375686645508e-01
-7.335700392723083496e-01 -8.696900010108947754e-01 -6.052824854850769043e-01 -6.657525897026062012e-01
2.661579549312591553e-01 -4.809876978397369385e-01 -4.039127379655838013e-02 -7.476187944412231445e-01
1.189427822828292847e-01 9.232428073883056641e-01 3.712405860424041748e-01 -3.389258384704589844e-01
1.482686698436737061e-01 8.964514136314392090e-01 -5.017651915550231934e-01 8.256787657737731934e-01
-2.197915762662887573e-01 7.651358246803283691e-01 8.488500863313674927e-02 9.482516907155513763e-03
3.818870484828948975e-01 9.736007452011108398e-01 -3.156025707721710205e-01 6.708543300628662109e-01
-8.215502500534057617e-01 4.782445728778839111e-01 9.507977217435836792e-02 5.421075224876403809e-01
6.714316606521606445e-01 8.513779640197753906e-01 -2.254191935062408447e-01 -6.014527678489685059e-01
-7.193087339401245117e-01 7.969444394111633301e-01 -1.104729846119880676e-01 4.941277578473091125e-02
-1.391880065202713013e-01 6.052114367485046387e-01 2.157421559095382690e-01 -1.681932061910629272e-02
-1.533435434103012085e-01 -3.848172426223754883e-01 -1.028652191162109375e-01 5.606385469436645508e-01
-7.989263534545898438e-01 8.360734581947326660e-01 3.330819606781005859e-01 -1.490600258111953735e-01
5.669384598731994629e-01 9.112959504127502441e-01 -3.246093094348907471e-01 9.581650793552398682e-02
5.314858555793762207e-01 -6.856225728988647461e-01 -4.048959910869598389e-01 -9.748897701501846313e-02
-1.089905798435211182e-01 5.168602466583251953e-01 -4.122224748134613037e-01 -8.219602108001708984e-01
-3.100602328777313232e-01 -8.026528954505920410e-01 -5.362678766250610352e-01 6.152071952819824219e-01
-5.809281468391418457e-01 4.373433291912078857e-01 1.194848790764808655e-01 3.258768022060394287e-01
-3.234116733074188232e-01 7.456908226013183594e-01 -1.855936348438262939e-01 2.976076304912567139e-01
5.253270864486694336e-01 -3.531796336174011230e-01 -4.060198962688446045e-01 8.593875765800476074e-01
-4.133040308952331543e-01 8.208283185958862305e-01 -3.995954394340515137e-01 1.695985794067382812e-01
-4.714816212654113770e-01 -1.135390177369117737e-01 3.560366630554199219e-01 -8.447262644767761230e-01
2.571083307266235352e-01 6.707305312156677246e-01 1.719959527254104614e-01 6.953843235969543457e-01
-6.884947419166564941e-01 -7.892245650291442871e-01 4.187618196010589600e-02 6.888206601142883301e-01
1.408659573644399643e-02 -5.996879339218139648e-01 -4.102512821555137634e-02 -4.122384786605834961e-01
4.263600409030914307e-01 -7.881801724433898926e-01 -4.967091381549835205e-01 4.398755431175231934e-01
4.346636235713958740e-01 6.335286498069763184e-01 -4.182685315608978271e-01 1.289090365171432495e-01
-1.706200689077377319e-01 -8.821007609367370605e-01 4.807756245136260986e-01 -7.369938492774963379e-01
6.775334943085908890e-03 -9.844833016395568848e-01 2.000907659530639648e-01 2.410787492990493774e-01
1.647436469793319702e-01 -9.702916145324707031e-01 9.484592825174331665e-02 -5.377690196037292480e-01
-1.776183098554611206e-01 -4.653976559638977051e-01 -1.269358396530151367e-01 4.773296415805816650e-01
3.426853418350219727e-01 -6.837527155876159668e-01 -1.970053762197494507e-01 -4.880441725254058838e-01
3.793116509914398193e-01 -7.126752734184265137e-01 1.941602528095245361e-01 -4.026224315166473389e-01
-3.632874041795730591e-02 -8.098546862602233887e-01 8.821116685867309570e-01 -1.656305491924285889e-01
-5.448468402028083801e-02 1.210729777812957764e-01 4.321417808532714844e-01 -6.613881587982177734e-01
9.072498679161071777e-01 4.316245019435882568e-01 2.078877538442611694e-01 -7.526611089706420898e-01
-7.193262577056884766e-01 -7.822186350822448730e-01 2.085141688585281372e-01 8.138008117675781250e-01
5.926731228828430176e-01 -5.586244165897369385e-02 5.103810504078865051e-02 -8.782114982604980469e-01
-3.126661479473114014e-01 1.948290914297103882e-01 2.908010482788085938e-01 -6.231476068496704102e-01
1.056389883160591125e-01 5.463053584098815918e-01 1.099790483713150024e-01 4.843372404575347900e-01
-1.315403133630752563e-01 8.886061906814575195e-01 -1.405578553676605225e-01 6.861218810081481934e-02
2.691564261913299561e-01 -8.306992053985595703e-01 -3.484156429767608643e-01 6.231690049171447754e-01
-1.137694567441940308e-01 -9.702681899070739746e-01 5.200440883636474609e-01 -6.242657303810119629e-01
-4.305016398429870605e-01 -5.079423189163208008e-01 3.786826506257057190e-02 -3.164063990116119385e-01
4.866374731063842773e-01 3.074960708618164062e-01 2.293679118156433105e-01 -9.252634048461914062e-01
-2.713052332401275635e-01 1.294551324099302292e-02 6.752546876668930054e-02 -7.014733552932739258e-01
7.200843691825866699e-01 6.287610530853271484e-01 4.920705258846282959e-01 -3.947591483592987061e-01
-5.048916935920715332e-01 -9.170334339141845703e-01 2.377858757972717285e-01 5.484521389007568359e-01
-3.133251368999481201e-01 -3.154620230197906494e-01 5.312564373016357422e-01 -6.656972169876098633e-01
2.318582087755203247e-01 -9.453536272048950195e-01 -2.934849821031093597e-03 -3.147169947624206543e-01
6.183860898017883301e-01 -6.661815643310546875e-01 -3.935067057609558105e-01 -1.492852270603179932e-01
8.180922865867614746e-01 2.728222310543060303e-01 3.319322466850280762e-01 -9.569301605224609375e-01
-4.075477719306945801e-01 -8.760629892349243164e-01 -2.050876170396804810e-01 -1.477783173322677612e-01
5.535470843315124512e-01 -7.582569718360900879e-01 -9.538479447364807129e-01 4.293895959854125977e-01
-8.657155185937881470e-02 -3.121101111173629761e-02 -1.930912435054779053e-01 8.138656616210937500e-01
-2.794018983840942383e-01 -2.424006909132003784e-01 5.363720655441284180e-01 -7.663317322731018066e-01
-1.268845945596694946e-01 -9.374880194664001465e-01 -5.709999203681945801e-01 1.488439738750457764e-01
4.007275104522705078e-01 9.181284308433532715e-01 -2.549799680709838867e-01 7.736053466796875000e-01
-2.749449312686920166e-01 -8.215527534484863281e-01 -3.857886791229248047e-01 -4.503001272678375244e-02
-7.091403752565383911e-02 5.594431981444358826e-02 -9.878641366958618164e-02 9.016204476356506348e-01
-6.190865039825439453e-01 1.409765053540468216e-02 2.172951102256774902e-01 -7.540148496627807617e-01
-7.742500305175781250e-01 -9.107148647308349609e-01 -2.949562110006809235e-02 4.167486429214477539e-01
-3.189872801303863525e-01 9.583036899566650391e-01 -7.164472937583923340e-01 -5.501947402954101562e-01
1.823870348744094372e-03 8.148969411849975586e-01 4.057314991950988770e-01 5.070365667343139648e-01
6.929826922714710236e-03 8.941361904144287109e-01 4.005755111575126648e-02 6.325325965881347656e-01
-5.079084038734436035e-01 6.756357550621032715e-01 -5.545295476913452148e-01 -5.107616782188415527e-01
7.443496584892272949e-01 3.514954745769500732e-01 -4.922380149364471436e-01 -7.465743422508239746e-01
7.104084491729736328e-01 1.474901884794235229e-01 -4.603629112243652344e-01 -7.337014079093933105e-01
-3.813691735267639160e-01 -8.679525256156921387e-01 2.900908589363098145e-01 6.887830495834350586e-01
-2.566167525947093964e-02 -9.449090957641601562e-01 -5.958086848258972168e-01 4.402595162391662598e-01
-2.606047093868255615e-01 -9.391163289546966553e-02 3.222230672836303711e-01 -8.591592311859130859e-01
9.353396892547607422e-01 6.218972802162170410e-01 -3.098229132592678070e-02 -5.425469875335693359e-01
6.098476052284240723e-01 2.749522924423217773e-01 -2.670335471630096436e-01 -8.791590929031372070e-01
5.982316136360168457e-01 1.982088387012481689e-01 -4.035891890525817871e-01 -7.859380841255187988e-01
-7.479714751243591309e-01 8.136386275291442871e-01 3.047755919396877289e-02 1.468677222728729248e-01
-7.172474265098571777e-01 -7.417921423912048340e-01 6.141119450330734253e-02 8.286681175231933594e-01
1.821194402873516083e-02 7.573708891868591309e-02 3.616870939731597900e-01 -9.277219772338867188e-01
6.664812564849853516e-01 -5.461719632148742676e-02 -2.940881550312042236e-01 -8.114600181579589844e-01
-1.287782564759254456e-02 -9.204006791114807129e-01 8.543593436479568481e-02 7.061206698417663574e-01
-3.909632563591003418e-02 -4.794144630432128906e-01 -1.221948936581611633e-01 7.080612778663635254e-01
-7.678843140602111816e-01 -6.720903515815734863e-01 -8.973936736583709717e-02 7.605964541435241699e-01
-2.376375496387481689e-01 8.361531496047973633e-01 6.320273876190185547e-01 3.350612223148345947e-01
7.558328509330749512e-01 3.029306232929229736e-01 -1.114025115966796875e-01 -5.014703273773193359e-01
-5.136338472366333008e-01 3.566906750202178955e-01 1.108384355902671814e-01 -9.420650601387023926e-01
-1.713683307170867920e-01 8.556069731712341309e-01 3.296153247356414795e-01 3.765711784362792969e-01
-3.669729828834533691e-01 5.108325481414794922e-01 3.670121729373931885e-01 -7.990931272506713867e-01
1.012227535247802734e-01 2.781502902507781982e-01 1.134819537401199341e-01 -6.793380975723266602e-01
-4.214521870017051697e-02 9.422146677970886230e-01 5.358325839042663574e-01 -6.933282315731048584e-02
7.819325327873229980e-01 4.186276197433471680e-01 -3.091050386428833008e-01 -5.805178284645080566e-01
-2.385631650686264038e-01 -7.096670866012573242e-01 6.239444613456726074e-01 -5.228874087333679199e-01
-1.171463280916213989e-01 9.724159240722656250e-01 -2.632038593292236328e-01 4.583288133144378662e-01
-4.848940968513488770e-01 8.674583435058593750e-01 -2.673060633242130280e-02 4.543423354625701904e-01
-1.786929816007614136e-01 6.448861360549926758e-01 -6.038631796836853027e-01 -9.260690212249755859e-01
2.246800065040588379e-01 -7.918295264244079590e-01 -8.759785294532775879e-01 6.430544853210449219e-01
-4.804798364639282227e-01 3.114949464797973633e-01 1.229187697172164917e-01 -7.056301236152648926e-01
7.105883955955505371e-01 8.308872580528259277e-01 2.023462392389774323e-02 -2.382304668426513672e-01
-2.081268727779388428e-01 8.002961277961730957e-01 4.393038526177406311e-02 6.063636764883995056e-02
-2.959475517272949219e-01 -6.259319186210632324e-01 1.230209097266197205e-01 -7.305903434753417969e-01
3.410672843456268311e-01 9.559602737426757812e-01 -1.946797668933868408e-01 7.115379571914672852e-01
8.277549147605895996e-01 4.951987862586975098e-01 -1.697841137647628784e-01 -4.054544568061828613e-01
-1.413614898920059204e-01 -1.668852269649505615e-01 -1.984238773584365845e-01 -5.197988748550415039e-01
-7.294214963912963867e-01 -8.662877678871154785e-01 -2.987855970859527588e-01 -3.510489761829376221e-01
9.316291809082031250e-01 3.382120728492736816e-01 6.580092012882232666e-02 -7.015769481658935547e-01
4.552642256021499634e-02 8.815895915031433105e-01 -4.818342626094818115e-03 -4.656823873519897461e-01
-6.143730878829956055e-01 9.718699455261230469e-01 -8.203284144401550293e-01 -5.629043579101562500e-01
1.429803110659122467e-02 8.235792517662048340e-01 4.173853099346160889e-01 -5.933077931404113770e-01
-2.990985810756683350e-01 6.220968961715698242e-01 -6.191174499690532684e-03 -7.319360971450805664e-01
7.766039967536926270e-01 5.459956526756286621e-01 -1.577564924955368042e-01 -6.486819982528686523e-01
7.452297210693359375e-01 4.330125078558921814e-02 2.125624865293502808e-01 -9.285939335823059082e-01
2.186591625213623047e-01 6.024602055549621582e-01 5.284022688865661621e-01 -6.966535449028015137e-01
4.819535315036773682e-01 -4.605956077575683594e-01 -4.876892268657684326e-01 7.792637348175048828e-01
-8.105281591415405273e-01 -5.807844996452331543e-01 -9.096133522689342499e-03 7.680686116218566895e-01
5.317809581756591797e-01 -9.051083326339721680e-01 4.658918082714080811e-02 -2.924872338771820068e-01
-3.895909711718559265e-02 3.928798139095306396e-01 -2.308225631713867188e-01 -6.685888767242431641e-01
-2.981370091438293457e-01 -4.064218401908874512e-01 -4.124650061130523682e-01 -4.620643854141235352e-01
1.669592559337615967e-01 9.501011371612548828e-01 4.502884447574615479e-01 3.525565862655639648e-01
-8.856089413166046143e-02 8.907906413078308105e-01 6.522879004478454590e-01 3.541370034217834473e-01
-2.053091973066329956e-01 7.132972478866577148e-01 7.138263583183288574e-01 -7.233288288116455078e-01
-3.275396823883056641e-01 1.428395602852106094e-02 2.775525152683258057e-01 -8.502795100212097168e-01
-2.315866798162460327e-01 -8.959342241287231445e-01 -4.631127417087554932e-01 -2.355287522077560425e-01
7.742599248886108398e-01 -2.716552615165710449e-01 -2.522075474262237549e-01 -7.609756588935852051e-01
3.127079308032989502e-01 -8.281659483909606934e-01 -2.261947691440582275e-01 6.412472128868103027e-01
4.985332861542701721e-02 -2.052366584539413452e-01 -3.181113600730895996e-01 8.473891019821166992e-01
-4.696826040744781494e-01 2.863847017288208008e-01 -1.295455098152160645e-01 3.156587481498718262e-02
-6.078469753265380859e-01 -8.635239005088806152e-01 -4.016065597534179688e-01 -1.370740681886672974e-01
4.098820686340332031e-01 -8.590475916862487793e-01 -6.485792398452758789e-01 -8.354894816875457764e-02
-9.264050722122192383e-01 4.888735413551330566e-01 1.157474145293235779e-01 -3.186390101909637451e-01
3.410284817218780518e-01 -7.111414074897766113e-01 -5.047761797904968262e-01 -1.566147208213806152e-01
-5.495776534080505371e-01 3.222340047359466553e-01 3.172625005245208740e-01 -1.634937971830368042e-01
8.412042260169982910e-01 2.909446656703948975e-01 6.799911260604858398e-01 -3.532755076885223389e-01
-5.204242467880249023e-01 8.544891476631164551e-01 3.061641752719879150e-01 3.698717430233955383e-02
-3.253857418894767761e-02 -6.812980771064758301e-01 6.796915084123611450e-02 -7.196852564811706543e-01
2.390370965003967285e-01 -6.770521998405456543e-01 -5.576531887054443359e-01 -6.707209348678588867e-02
-3.908647298812866211e-01 -8.394694924354553223e-01 -8.807606697082519531e-01 8.228071928024291992e-01
2.939169108867645264e-01 8.043643832206726074e-01 2.404327988624572754e-01 -6.803223490715026855e-01
-6.361804157495498657e-02 -8.440896272659301758e-01 -7.434226870536804199e-01 3.566098511219024658e-01
-8.815283179283142090e-01 5.117139220237731934e-01 -1.076490134000778198e-01 6.190171241760253906e-01
-3.958505094051361084e-01 5.196888446807861328e-01 3.432957828044891357e-01 -6.011438369750976562e-01
-1.907274127006530762e-01 -9.795874953269958496e-01 -7.159865498542785645e-01 2.112631648778915405e-01
6.834663152694702148e-01 7.078530192375183105e-01 1.287972331047058105e-01 -2.015989869832992554e-01
-4.250518686603754759e-04 2.363476455211639404e-01 -2.222520262002944946e-01 -6.499153971672058105e-01
-8.676668405532836914e-01 -9.526091814041137695e-01 -7.072352766990661621e-01 -6.734956502914428711e-01
-6.465634107589721680e-01 -9.626163244247436523e-01 4.889774024486541748e-01 -2.995552122592926025e-01
4.229001700878143311e-01 -6.895062327384948730e-01 -6.815543174743652344e-01 5.417386293411254883e-01
-7.938061952590942383e-01 -6.361234188079833984e-01 7.535504549741744995e-02 3.119896948337554932e-01
3.163272142410278320e-01 7.875795364379882812e-01 1.023080050945281982e-01 4.222377240657806396e-01
8.052349686622619629e-01 1.119430363178253174e-01 1.382297575473785400e-01 -9.071624279022216797e-01
-8.591639399528503418e-01 5.876926779747009277e-01 3.313099741935729980e-01 6.479040980339050293e-01
-1.772867888212203979e-01 8.686847090721130371e-01 -4.492219686508178711e-01 4.787852615118026733e-02
2.447482943534851074e-01 -8.022055029869079590e-01 3.502401709556579590e-01 1.604760140180587769e-01
-9.848892688751220703e-02 -8.334834575653076172e-01 -1.141466945409774780e-01 4.712498188018798828e-01
-2.936970889568328857e-01 -9.826094508171081543e-01 -1.176335215568542480e-01 -1.087212413549423218e-01
5.538343787193298340e-01 1.411572098731994629e-01 6.043328642845153809e-01 -7.080800533294677734e-01
6.173931807279586792e-02 -9.213275909423828125e-01 -1.026173755526542664e-01 -2.736882269382476807e-01
6.289453506469726562e-01 -7.579352259635925293e-01 -7.620485424995422363e-01 -3.310029506683349609e-01
3.951143622398376465e-01 -7.060346603393554688e-01 -4.046499133110046387e-01 1.787770390510559082e-01
3.354227244853973389e-01 -8.059884905815124512e-01 -4.796406924724578857e-01 1.433329731225967407e-01
2.499375678598880768e-02 8.752303123474121094e-01 4.746028035879135132e-02 6.282985806465148926e-01
6.734052300453186035e-01 -2.353589534759521484e-01 -1.481006741523742676e-01 -8.585513830184936523e-01
-4.151468276977539062e-01 8.168790936470031738e-01 -3.565201461315155029e-01 1.713852584362030029e-01
4.577330648899078369e-01 1.210403740406036377e-01 4.145767092704772949e-01 -7.488043904304504395e-01
-1.201307401061058044e-01 -7.626206874847412109e-01 -2.593504190444946289e-01 6.701640486717224121e-01
-3.539538085460662842e-01 -2.181649655103683472e-01 6.846770048141479492e-01 -8.412860035896301270e-01
1.161987259984016418e-01 9.149807095527648926e-01 -4.718381166458129883e-02 -1.611097455024719238e-01
4.889228940010070801e-01 -6.707381010055541992e-01 -3.242732211947441101e-02 6.806472539901733398e-01
-9.266614168882369995e-02 -5.511805415153503418e-01 -2.909854054450988770e-01 -4.645916819572448730e-01
4.082617759704589844e-01 8.680499792098999023e-01 4.654789865016937256e-01 1.305964868515729904e-02
-2.806650474667549133e-02 -9.727484583854675293e-01 2.429890632629394531e-01 -5.863744020462036133e-01
-3.840536475181579590e-01 5.840690135955810547e-01 8.446528315544128418e-01 -7.609077095985412598e-01
5.781131386756896973e-01 2.827608287334442139e-01 9.436638355255126953e-01 -8.302657306194305420e-02
-6.352410912513732910e-01 4.377602040767669678e-01 -1.836230605840682983e-02 6.528616547584533691e-01
-2.814154028892517090e-01 -6.983504295349121094e-01 -7.582234740257263184e-01 -6.291612982749938965e-01
5.504094958305358887e-01 6.748964190483093262e-01 1.784989833831787109e-01 -3.480506837368011475e-01
5.515648722648620605e-01 2.497884929180145264e-01 1.668603420257568359e-01 -8.876533508300781250e-01
-6.117550134658813477e-01 8.593162298202514648e-01 4.765545725822448730e-01 3.938573002815246582e-01
-8.842969685792922974e-02 -6.266741752624511719e-01 -3.822441399097442627e-01 8.063507676124572754e-01
-4.604824483394622803e-01 -8.596699833869934082e-01 -1.849848330020904541e-01 -5.259016156196594238e-01
6.817579269409179688e-02 -7.066972255706787109e-01 -1.319453567266464233e-01 -5.957170724868774414e-01
6.563732028007507324e-02 5.208911299705505371e-01 -1.512733940035104752e-02 9.322081208229064941e-01
8.416008353233337402e-01 7.880040407180786133e-01 -1.693150550127029419e-01 -2.082534283399581909e-01
-8.678983896970748901e-02 2.984425127506256104e-01 3.853810131549835205e-01 -8.267903923988342285e-01
-8.022153973579406738e-01 6.120200753211975098e-01 3.942147493362426758e-01 5.809515118598937988e-01
1.466294378042221069e-02 -1.148942857980728149e-01 -5.753034353256225586e-01 4.297179877758026123e-01
3.012891411781311035e-01 5.512975454330444336e-01 3.134641796350479126e-02 8.135685920715332031e-01
-4.978189468383789062e-01 7.387310862541198730e-01 7.203252613544464111e-02 -3.670792877674102783e-01
2.759276628494262695e-01 -4.988535642623901367e-01 -7.398410886526107788e-02 7.427967190742492676e-01
-4.564656615257263184e-01 -7.856181859970092773e-01 -3.603650629520416260e-01 8.596347570419311523e-01
-5.776432752609252930e-01 -8.491092324256896973e-01 -1.295935064554214478e-01 7.905073761940002441e-01
2.859818339347839355e-01 7.553088068962097168e-01 -2.066962122917175293e-01 -3.236536681652069092e-01
-8.683483004570007324e-01 -9.227789044380187988e-01 -6.706256270408630371e-01 -4.489011168479919434e-01
-8.232143521308898926e-01 -7.909712791442871094e-01 2.059945315122604370e-01 6.822013258934020996e-01
4.974096715450286865e-01 -7.339524626731872559e-01 -7.125731706619262695e-01 3.499741256237030029e-01
1.887039840221405029e-01 -2.904038727283477783e-01 2.165582031011581421e-01 -6.053388118743896484e-01
-1.342357844114303589e-01 -9.857759475708007812e-01 8.309069275856018066e-02 -3.727980852127075195e-01
-1.937187314033508301e-01 7.053509354591369629e-01 -5.704733729362487793e-01 8.431990146636962891e-01
3.009230792522430420e-01 -5.397735834121704102e-01 -1.793708652257919312e-01 -4.284487962722778320e-01
5.532370805740356445e-01 -6.666145920753479004e-01 -6.392242312431335449e-01 7.658023238182067871e-01
7.197728753089904785e-01 7.917541861534118652e-01 7.397812008857727051e-01 7.165583372116088867e-01
5.139375925064086914e-01 -9.492188692092895508e-02 -1.177242472767829895e-01 -8.718131780624389648e-01
2.702393531799316406e-01 -2.991510629653930664e-01 -3.110932409763336182e-01 -5.257060527801513672e-01
-1.089226976037025452e-01 6.791640520095825195e-01 -2.535063028335571289e-01 6.524485945701599121e-01
3.440735116600990295e-02 -4.122224748134613037e-01 6.653804779052734375e-01 -6.153816580772399902e-01
3.554322123527526855e-01 -7.931695580482482910e-01 -4.581114351749420166e-01 -1.600436419248580933e-01
-4.131081998348236084e-01 -6.468517780303955078e-01 1.526692509651184082e-01 6.235310435295104980e-01
-3.766857981681823730e-01 9.580261111259460449e-01 2.206946462392807007e-01 6.553417444229125977e-02
-9.061517566442489624e-02 -7.415410280227661133e-01 -2.678486108779907227e-01 -5.356531143188476562e-01
-1.792061030864715576e-01 4.493861198425292969e-01 5.924282073974609375e-01 -8.946242928504943848e-01
-4.298132061958312988e-01 8.105575442314147949e-01 -1.323118507862091064e-01 -6.264097690582275391e-01
4.878778159618377686e-01 -3.337169289588928223e-01 -5.638148784637451172e-01 9.170280694961547852e-01
-2.426587343215942383e-01 -4.578822255134582520e-01 -7.684555649757385254e-01 2.436287105083465576e-01
4.740009009838104248e-01 -3.969160616397857666e-01 -1.383103150874376297e-02 -5.598990917205810547e-01
4.203150868415832520e-01 8.149362802505493164e-01 3.262773752212524414e-01 -5.472548007965087891e-01
-6.711565852165222168e-01 -9.086506366729736328e-01 3.269727230072021484e-01 4.124771654605865479e-01
1.551318913698196411e-01 9.320495724678039551e-01 4.966169893741607666e-01 -3.474471867084503174e-01
6.504246592521667480e-01 7.223712205886840820e-01 8.459288626909255981e-02 -4.493510127067565918e-01
3.235510587692260742e-01 -7.487319111824035645e-01 -7.109654694795608521e-02 7.184314131736755371e-01
3.975938558578491211e-01 7.185590267181396484e-01 2.007274031639099121e-01 -7.776623964309692383e-01
2.180119454860687256e-01 8.438756465911865234e-01 8.804770708084106445e-01 -7.863110303878784180e-01
3.760304301977157593e-02 -9.603266119956970215e-01 -7.918325066566467285e-01 5.399125218391418457e-01
-1.228391602635383606e-01 5.177081227302551270e-01 4.393477365374565125e-02 4.985177814960479736e-01
-5.281375050544738770e-01 8.762237429618835449e-01 4.097564220428466797e-01 -4.164645671844482422e-01
5.917982459068298340e-01 -4.489385783672332764e-01 -7.058494091033935547e-01 9.631212353706359863e-01
4.742882847785949707e-01 -8.682388067245483398e-02 1.742691248655319214e-01 -6.262919306755065918e-01
-3.854011893272399902e-01 6.282307505607604980e-01 -4.131320118904113770e-02 2.105568535625934601e-02
7.421665787696838379e-01 -1.502252519130706787e-01 1.527995765209197998e-01 -9.569599032402038574e-01
-6.095951795578002930e-01 -8.831434249877929688e-01 -4.371637105941772461e-01 -3.236321806907653809e-01
7.238611578941345215e-01 7.170422077178955078e-01 4.941088557243347168e-01 8.847869634628295898e-01
4.418936371803283691e-01 8.522405624389648438e-01 -6.324706673622131348e-01 5.662733912467956543e-01
8.669874668121337891e-01 3.982325792312622070e-01 1.529072374105453491e-01 -8.014409542083740234e-01
4.809693694114685059e-01 -5.827230215072631836e-01 -2.374500185251235962e-01 5.237496495246887207e-01
5.916929244995117188e-01 7.606353759765625000e-01 4.075160622596740723e-01 9.925137460231781006e-02
-5.551102757453918457e-01 -4.084323048591613770e-01 -3.633931279182434082e-01 4.789939522743225098e-01
5.482621118426322937e-02 -1.652176529169082642e-01 -3.078362345695495605e-01 8.572652339935302734e-01
-7.016578316688537598e-01 -8.937239646911621094e-01 -7.297801375389099121e-01 5.173617005348205566e-01
-9.170542359352111816e-01 6.712928414344787598e-01 5.976859927177429199e-01 4.013118147850036621e-01
-1.534410864114761353e-01 8.408232331275939941e-01 6.339381933212280273e-01 -2.554941177368164062e-01
-3.016068041324615479e-01 9.433088302612304688e-01 1.505616307258605957e-01 4.412738978862762451e-01
-6.097652912139892578e-01 2.883659861981868744e-02 1.119203306734561920e-02 8.444414734840393066e-01
6.911127567291259766e-01 -4.708591848611831665e-02 -2.055666744709014893e-01 -6.439923644065856934e-01
1.521518826484680176e-01 -6.887588500976562500e-01 -2.076391875743865967e-01 -3.961737453937530518e-01
7.170097827911376953e-01 4.312778711318969727e-01 -3.983154892921447754e-01 -7.768405675888061523e-01
