-6.483103036880493164e-01 -6.329280734062194824e-01 4.663027524948120117e-01 2.628083154559135437e-02
6.268759965896606445e-01 1.981469839811325073e-01 -1.700552403926849365e-01 2.697094976902008057e-01
1.860110908746719360e-01 8.860533684492111206e-02 2.584275230765342712e-02 -7.097159326076507568e-02
-2.664133608341217041e-01 1.413298249244689941e-01 7.160360366106033325e-02 7.016400247812271118e-02
-5.638822913169860840e-01 -1.746188253164291382e-01 7.449131458997726440e-03 -2.693090736865997314e-01
2.377514913678169250e-02 -6.446308493614196777e-01 -6.428992152214050293e-01 -6.074807047843933105e-02
-4.605164527893066406e-01 7.865037322044372559e-01 -2.311971485614776611e-01 -7.329819202423095703e-01
1.067310199141502380e-01 -2.997417151927947998e-01 -3.357386589050292969e-01 2.680976688861846924e-01
9.074200876057147980e-03 -6.940857321023941040e-02 -1.486612558364868164e-01 -1.295999586582183838e-01
7.803225517272949219e-01 -2.113598585128784180e-01 -5.424583554267883301e-01 -4.831926524639129639e-01
-6.925455331802368164e-01 8.270345330238342285e-01 5.236129760742187500e-01 1.604822725057601929e-01
-3.763208389282226562e-01 -1.749984025955200195e-01 -6.930393725633621216e-02 -1.610662937164306641e-01
3.074980974197387695e-01 3.904115781188011169e-02 -3.908929526805877686e-01 -1.288521476089954376e-02
2.269728183746337891e-01 4.677595794200897217e-01 -4.281848371028900146e-01 2.151008322834968567e-02
5.613033771514892578e-01 2.637476027011871338e-01 6.646246910095214844e-01 -3.211368024349212646e-01
-1.466731131076812744e-01 -6.189763545989990234e-01 3.167632222175598145e-01 -1.458564400672912598e-01
3.336784243583679199e-01 3.201694190502166748e-01 -8.084867596626281738e-01 1.931061595678329468e-01
-6.900744438171386719e-01 -5.898592472076416016e-01 -5.247637629508972168e-02 -3.430371582508087158e-01
2.657257914543151855e-01 7.093548774719238281e-03 1.329845339059829712e-01 -1.075492128729820251e-01
-4.708406925201416016e-01 8.423405289649963379e-01 4.601643085479736328e-01 -6.836501955986022949e-01
4.755861312150955200e-02 1.689345836639404297e-01 -1.362350583076477051e-01 3.605412244796752930e-01
1.454094350337982178e-01 1.232892274856567383e-01 -1.403770036995410919e-02 1.998367458581924438e-01
-7.843542695045471191e-01 -5.159415602684020996e-01 1.983218342065811157e-01 -9.208319783210754395e-01
8.104791492223739624e-02 3.307045996189117432e-01 5.021718144416809082e-01 -3.471779823303222656e-01
2.955304086208343506e-01 -3.792333304882049561e-01 -5.568879246711730957e-01 -2.063172012567520142e-01
-8.405816555023193359e-01 -6.423090100288391113e-01 1.168138459324836731e-01 -6.884500980377197266e-01
2.077799588441848755e-01 -2.472403347492218018e-01 -4.886200428009033203e-01 3.660701215267181396e-01
4.281933903694152832e-01 6.173641085624694824e-01 -7.645950913429260254e-01 -6.069189310073852539e-02
1.667545288801193237e-01 1.724392920732498169e-02 -9.862232208251953125e-02 -1.093369945883750916e-01
-5.302436947822570801e-01 -1.505860984325408936e-01 6.130948066711425781e-01 5.032416582107543945e-01
5.769203901290893555e-01 -3.242781758308410645e-01 -3.547223508358001709e-01 -2.329274415969848633e-01
-7.904528379440307617e-01 7.141995429992675781e-01 1.333073675632476807e-01 -6.220998167991638184e-01
-7.730287909507751465e-01 -3.015692532062530518e-01 5.989493802189826965e-02 8.416152000427246094e-02
-1.202000007033348083e-01 1.361532062292098999e-01 2.134705036878585815e-01 8.573334664106369019e-02
4.364683851599693298e-02 -4.073248431086540222e-02 -1.085061281919479370e-01 3.456665277481079102e-01
-3.147424459457397461e-01 -1.572930663824081421e-01 -1.082824096083641052e-01 5.150518417358398438e-01
5.072945952415466309e-01 4.075727760791778564e-01 -9.874338656663894653e-02 6.375760585069656372e-02
-3.587743937969207764e-01 -7.379946112632751465e-01 2.943116128444671631e-01 -3.521955311298370361e-01
8.701856136322021484e-01 -2.051601931452751160e-02 -3.077492713928222656e-01 2.020102888345718384e-01
-6.756724119186401367e-01 -8.186203241348266602e-01 5.336441397666931152e-01 7.276768684387207031e-01
7.191644906997680664e-01 6.877940893173217773e-01 8.538691401481628418e-01 -8.115304112434387207e-01
-3.315806388854980469e-01 -9.715144336223602295e-02 6.465326994657516479e-02 -3.712243437767028809e-01
9.582664966583251953e-01 9.835502505302429199e-01 -3.284397423267364502e-01 9.524467587471008301e-01
-7.361079454421997070e-01 -5.780729651451110840e-02 -3.218824863433837891e-01 2.550038695335388184e-01
7.134960889816284180e-01 3.245119750499725342e-02 -1.378417015075683594e-01 4.899086356163024902e-01
2.119016498327255249e-01 -2.650559842586517334e-01 -2.458730489015579224e-01 4.821029305458068848e-02
-1.679657250642776489e-01 -7.349655628204345703e-01 -6.365054845809936523e-01 -9.774726629257202148e-02
-2.727461457252502441e-01 8.146890997886657715e-01 4.034471511840820312e-01 -5.016603469848632812e-01
-7.722859829664230347e-02 -3.977664113044738770e-01 -1.247964426875114441e-01 -4.185375198721885681e-02
3.669628128409385681e-02 5.161761655472218990e-04 1.475143730640411377e-01 2.799698412418365479e-01
-3.110373318195343018e-01 1.823326349258422852e-01 1.352186799049377441e-01 6.335172802209854126e-02
-9.379794597625732422e-01 1.518128961324691772e-01 -3.705615401268005371e-01 7.040353417396545410e-01
1.843350529670715332e-01 3.520537614822387695e-01 -4.753393307328224182e-02 -2.129562199115753174e-01
-2.248800992965698242e-01 2.728097140789031982e-01 5.934211015701293945e-01 -6.048255786299705505e-02
6.610466539859771729e-02 -1.394743770360946655e-01 -1.019815951585769653e-01 4.847660064697265625e-01
1.589022725820541382e-01 1.998764127492904663e-01 2.128041349351406097e-02 1.715120226144790649e-01
-7.085682749748229980e-01 -2.410118281841278076e-01 1.901526898145675659e-01 -3.455199301242828369e-01
-1.894193701446056366e-02 4.034088850021362305e-01 -3.830404281616210938e-01 -2.195569872856140137e-01
2.682282030582427979e-01 3.379729390144348145e-01 5.083022713661193848e-01 1.682963036000728607e-02
5.373685359954833984e-01 -2.353236973285675049e-01 -1.750106215476989746e-01 -8.385279178619384766e-01
-9.186672419309616089e-02 5.573166161775588989e-02 7.690317183732986450e-02 -1.386367976665496826e-01
-8.457424491643905640e-02 -6.473647952079772949e-01 3.993118107318878174e-01 -3.153471052646636963e-01
3.746134638786315918e-01 -7.263772934675216675e-02 2.478515654802322388e-01 -5.092296600341796875e-01
-3.466658294200897217e-01 5.173233151435852051e-02 -2.586032748222351074e-01 -3.925519287586212158e-01
-9.485218673944473267e-02 1.414465010166168213e-01 -9.598683714866638184e-01 -5.689179897308349609e-01
-1.121069565415382385e-01 2.427301555871963501e-01 6.240878701210021973e-01 -1.519893705844879150e-01
3.865998089313507080e-01 7.349018454551696777e-01 -4.101813733577728271e-01 -3.378133177757263184e-01
3.180948495864868164e-01 -2.754239737987518311e-01 -5.916126370429992676e-01 3.338734209537506104e-01
-7.529847025871276855e-01 6.310786604881286621e-01 5.517967343330383301e-01 6.052657961845397949e-01
-3.897528350353240967e-01 6.211086511611938477e-01 -4.407262206077575684e-01 4.009263813495635986e-01
8.647076487541198730e-01 4.791544079780578613e-01 -2.416319549083709717e-01 -3.376237303018569946e-02
8.497831877321004868e-04 4.770649075508117676e-01 7.222947478294372559e-01 -2.467208355665206909e-01
-2.987237274646759033e-01 -6.946658343076705933e-02 -2.997245453298091888e-02 -7.238895446062088013e-02
-3.325323164463043213e-01 9.146270155906677246e-02 -3.747644722461700439e-01 -2.128503024578094482e-01
1.060591489076614380e-01 4.276599586009979248e-01 -2.475612163543701172e-01 4.113158211112022400e-02
5.402541160583496094e-01 8.214709162712097168e-01 -1.743009686470031738e-01 4.294608533382415771e-01
1.873606592416763306e-01 3.083369731903076172e-01 -3.919287621974945068e-01 -4.235986471176147461e-01
4.986465573310852051e-01 -3.401352167129516602e-01 1.738134771585464478e-02 -5.601378083229064941e-01
4.051634967327117920e-01 -2.533121705055236816e-01 4.404785484075546265e-02 -3.022182174026966095e-02
-2.480371743440628052e-01 3.394735455513000488e-01 6.910011768341064453e-01 -2.987456023693084717e-01
8.381844162940979004e-01 -4.816099405288696289e-01 3.337939679622650146e-01 3.739527240395545959e-02
1.886051893234252930e-01 1.835652440786361694e-01 8.078373223543167114e-02 -1.736694127321243286e-01
2.541207671165466309e-01 7.445555645972490311e-03 -4.097574353218078613e-01 -1.059552207589149475e-01
1.343492716550827026e-01 6.202734112739562988e-01 7.126603722572326660e-01 1.122843995690345764e-01
9.278574585914611816e-01 -5.048578977584838867e-01 3.750296235084533691e-01 1.046507358551025391e-01
-7.297953963279724121e-01 1.426781415939331055e-01 -3.975693285465240479e-01 3.309498429298400879e-01
4.318849444389343262e-01 7.266591191291809082e-01 3.475614190101623535e-01 -2.857466340065002441e-01
-5.698676109313964844e-01 -4.536167681217193604e-01 3.458147346973419189e-01 -1.065916791558265686e-01
-1.118305623531341553e-01 3.207084238529205322e-01 5.394056439399719238e-01 -1.880573779344558716e-01
-1.700117737054824829e-01 -1.269454658031463623e-01 7.460172176361083984e-01 -3.805163502693176270e-02
-5.232878923416137695e-01 -3.132714927196502686e-01 -2.861334383487701416e-01 1.600707024335861206e-01
3.919333219528198242e-02 1.403491497039794922e-01 2.900738641619682312e-02 -1.171670481562614441e-01
-5.829375609755516052e-02 9.868184924125671387e-01 -9.891546964645385742e-01 -3.632680699229240417e-02
3.136557340621948242e-01 -4.803726077079772949e-01 -5.493260025978088379e-01 -1.753220558166503906e-01
-4.217635095119476318e-01 -3.323103785514831543e-01 9.389873594045639038e-02 -2.265882939100265503e-01
6.162094473838806152e-01 -5.900682210922241211e-01 -8.802149891853332520e-01 1.039531677961349487e-01
3.595075011253356934e-01 -3.086494803428649902e-01 -2.556339204311370850e-01 -1.238262280821800232e-01
-7.014927268028259277e-01 2.926114499568939209e-01 3.153202533721923828e-01 4.440615773200988770e-01
-8.859419822692871094e-01 5.849263072013854980e-01 1.064093504101037979e-02 -8.157590627670288086e-01
-5.059400945901870728e-02 5.104590654373168945e-01 6.846914291381835938e-01 6.663356423377990723e-01
-2.865906246006488800e-02 -9.056026935577392578e-01 7.646981477737426758e-01 -9.362414479255676270e-01
5.921740531921386719e-01 3.271996974945068359e-02 3.608116507530212402e-01 4.523735940456390381e-01
-7.205497026443481445e-01 -1.236414685845375061e-01 -4.100670516490936279e-01 1.788513064384460449e-01
-3.437685072422027588e-01 2.090162783861160278e-01 3.318843543529510498e-01 5.871129035949707031e-01
8.338723182678222656e-01 -2.218556553125381470e-01 -3.904817104339599609e-01 -3.556928336620330811e-01
-5.865710377693176270e-01 -2.768627107143402100e-01 -8.003736287355422974e-02 -2.471248507499694824e-01
8.106225728988647461e-01 9.866625666618347168e-01 -7.538277506828308105e-01 4.424575865268707275e-01
-8.951303362846374512e-02 -1.813904196023941040e-02 1.575486809015274048e-01 -1.714939326047897339e-01
6.733072549104690552e-02 1.255223453044891357e-01 1.343073397874832153e-01 -7.576171308755874634e-02
-2.100545614957809448e-01 -2.647926807403564453e-01 1.888071000576019287e-01 -5.194641947746276855e-01
-2.617079913616180420e-01 -1.226555258035659790e-01 1.848398298025131226e-01 -1.675324887037277222e-01
-2.457646280527114868e-01 4.578700661659240723e-02 9.015677869319915771e-02 -8.799161016941070557e-02
-4.084796905517578125e-01 1.425241306424140930e-02 -1.060815621167421341e-02 -3.202384114265441895e-01
-7.800388336181640625e-02 5.438747406005859375e-01 -9.783085584640502930e-01 -2.550629377365112305e-01
1.284881979227066040e-01 6.793675571680068970e-02 9.986763596534729004e-01 4.461155831813812256e-01
-4.451413750648498535e-01 -3.158546686172485352e-01 -1.705106645822525024e-01 -1.052628085017204285e-01
-1.219326555728912354e-01 1.502489000558853149e-01 2.009353786706924438e-01 1.461385786533355713e-01
1.098414957523345947e-01 4.046143218874931335e-02 1.026237756013870239e-01 9.693912416696548462e-02
-2.299304306507110596e-01 1.124906726181507111e-02 1.235554516315460205e-01 -1.572301387786865234e-01
-1.337882280349731445e-01 -3.511370420455932617e-01 -4.667474031448364258e-01 -2.579742372035980225e-01
-1.740077324211597443e-02 -2.852790653705596924e-01 -3.346113860607147217e-01 2.075632214546203613e-01
2.082368731498718262e-02 -3.681404748931527138e-03 2.520700730383396149e-02 2.942757308483123779e-01
5.421736836433410645e-01 3.216063231229782104e-02 -6.825190782546997070e-02 -2.313192337751388550e-01
3.117591142654418945e-01 2.790008485317230225e-01 4.222503304481506348e-02 1.114731505513191223e-01
3.135532438755035400e-01 5.807569622993469238e-01 -5.662029385566711426e-01 -2.469139397144317627e-01
6.942079663276672363e-01 -5.156381726264953613e-01 -5.423565506935119629e-01 -4.645250439643859863e-01
5.077426508069038391e-02 6.842652559280395508e-01 -6.417186856269836426e-01 7.564418017864227295e-02
6.402295231819152832e-01 5.234138965606689453e-01 -7.066430449485778809e-01 5.547653883695602417e-02
-2.373670190572738647e-01 1.037142500281333923e-01 1.988944262266159058e-01 -1.534019783139228821e-02
8.774355798959732056e-02 4.809213057160377502e-02 -8.969964087009429932e-02 8.434586971998214722e-02
-6.314864009618759155e-02 -5.918460488319396973e-01 -6.363630890846252441e-01 1.011521965265274048e-01
3.458181917667388916e-01 -2.935473620891571045e-01 -4.547755420207977295e-01 1.612615883350372314e-01
-2.063447088003158569e-01 1.074987929314374924e-02 6.734616160392761230e-01 -9.990789741277694702e-02
6.530535817146301270e-01 -3.164436221122741699e-01 -2.107828408479690552e-01 -7.430443167686462402e-01
-5.732105970382690430e-01 -1.656107753515243530e-01 1.157630532979965210e-01 -3.895186483860015869e-01
7.549439668655395508e-01 -3.070384860038757324e-01 -4.945360720157623291e-01 -4.939869344234466553e-01
4.362637996673583984e-01 -4.796513020992279053e-01 -5.648412704467773438e-01 1.528501808643341064e-01
1.036213524639606476e-02 6.209025625139474869e-03 1.752596348524093628e-02 1.825919449329376221e-01
-5.154892206192016602e-01 1.493105739355087280e-01 6.287471204996109009e-02 7.651626318693161011e-02
6.766021251678466797e-01 6.332896351814270020e-01 -1.430740356445312500e-01 3.411069512367248535e-01
6.705083250999450684e-01 -3.482182025909423828e-01 4.379509016871452332e-02 -1.111694052815437317e-01
1.281711012125015259e-01 -3.317915499210357666e-01 -3.153679072856903076e-01 -5.115105509757995605e-01
-2.607602775096893311e-01 -1.203087642788887024e-01 5.023354291915893555e-01 -5.832930654287338257e-02
-1.433453708887100220e-01 -3.704380095005035400e-01 3.481309711933135986e-01 -1.832962334156036377e-01
1.867578476667404175e-01 -2.835471332073211670e-01 -9.629448652267456055e-01 -9.483243823051452637e-01
-2.281313240528106689e-01 -2.473745346069335938e-01 6.044258922338485718e-02 -2.903697788715362549e-01
3.798221945762634277e-01 -2.338926196098327637e-01 -3.571552932262420654e-01 2.360243946313858032e-01
5.890741944313049316e-01 -9.275527670979499817e-03 -1.789652928709983826e-02 1.750900447368621826e-01
-1.726904958486557007e-01 -6.665354371070861816e-01 -9.338256786577403545e-04 -3.194321179762482643e-03
3.216656148433685303e-01 -1.356922090053558350e-01 -2.731922268867492676e-01 -5.798076093196868896e-02
7.080842852592468262e-01 2.879962325096130371e-01 -1.956725120544433594e-01 7.646769285202026367e-03
4.832947552204132080e-01 9.777698516845703125e-01 -6.194962263107299805e-01 -4.881192371249198914e-02
-1.531981769949197769e-02 -5.389621481299400330e-02 1.922226101160049438e-01 -1.564114838838577271e-01
7.137962579727172852e-01 -3.105517327785491943e-01 -3.345223069190979004e-01 -3.186621963977813721e-01
-5.632049441337585449e-01 2.801090665161609650e-02 2.534967958927154541e-01 9.959814697504043579e-02
5.907539725303649902e-01 2.818195708096027374e-02 3.634758591651916504e-01 -5.559573769569396973e-01
-1.832208037376403809e-01 1.714943209663033485e-03 2.811465561389923096e-01 1.406381130218505859e-01
-1.755594909191131592e-01 3.554727435111999512e-01 6.830697655677795410e-01 -1.746057569980621338e-01
2.308427989482879639e-01 -6.981714069843292236e-02 -1.283613741397857666e-01 -5.929272249341011047e-02
-2.266931831836700439e-01 1.536666182801127434e-03 -5.569829791784286499e-02 2.337220683693885803e-02
5.628721117973327637e-01 5.098182559013366699e-01 8.605243563652038574e-01 -2.873481810092926025e-01
3.226467370986938477e-01 1.196494232863187790e-02 -1.495624333620071411e-01 2.014515995979309082e-01
2.960520088672637939e-01 8.480892777442932129e-01 1.009565070271492004e-01 -6.507607102394104004e-01
5.082882046699523926e-01 -2.197426557540893555e-01 -4.485585987567901611e-01 -5.831116065382957458e-02
9.081812500953674316e-01 9.647570252418518066e-01 -2.453015893697738647e-01 8.102194666862487793e-01
2.857629656791687012e-01 -5.399000644683837891e-01 -3.882439732551574707e-01 2.802166342735290527e-01
-5.697982907295227051e-01 6.729041337966918945e-01 5.956682562828063965e-01 4.319868609309196472e-02
3.051895499229431152e-01 -5.457703471183776855e-01 -2.612844407558441162e-01 9.522371888160705566e-01
-2.157111167907714844e-01 -3.455686941742897034e-02 2.880154550075531006e-01 -8.849145174026489258e-01
-3.212133422493934631e-02 1.002809405326843262e-01 1.242569386959075928e-01 -2.208000570535659790e-01
4.066940844058990479e-01 -5.026126652956008911e-02 2.399905323982238770e-01 -3.501298427581787109e-01
-1.805627718567848206e-02 1.322774738073348999e-01 4.834916070103645325e-02 -1.394565403461456299e-01
-6.893696188926696777e-01 -3.992939293384552002e-01 -8.787012845277786255e-02 -4.969226717948913574e-01
-6.854851841926574707e-01 -2.218068540096282959e-01 -5.872658919543027878e-03 1.827203482389450073e-01
1.845276206731796265e-01 -4.023596644401550293e-01 -3.742105066776275635e-01 -2.918053269386291504e-01
-5.191586017608642578e-01 9.590789675712585449e-01 -5.297790281474590302e-03 -7.799985259771347046e-02
-5.385986566543579102e-01 1.843791902065277100e-01 1.791656911373138428e-01 5.894141197204589844e-01
1.684070080518722534e-01 -1.836603879928588867e-01 3.918541967868804932e-01 2.188544273376464844e-01
7.509210705757141113e-02 1.034954637289047241e-01 2.081379294395446777e-01 -2.420965284109115601e-01
6.819465756416320801e-01 -1.907383501529693604e-01 -3.768064975738525391e-01 -4.593505263328552246e-01
-3.884143829345703125e-01 2.455856800079345703e-01 8.854210376739501953e-01 -7.200430631637573242e-01
-5.233817100524902344e-01 7.564049959182739258e-01 5.470960140228271484e-01 6.252410411834716797e-01
-5.152790546417236328e-01 4.600397050380706787e-01 -2.910888195037841797e-02 1.426358371973037720e-01
-6.942328065633773804e-02 -2.294374853372573853e-01 3.902231454849243164e-01 -6.832385063171386719e-01
-3.808777928352355957e-01 2.031372934579849243e-01 3.507153093814849854e-01 -1.931870430707931519e-01
2.334698885679244995e-01 2.273886352777481079e-01 3.270246461033821106e-02 -2.196943312883377075e-01
-2.801236808300018311e-01 -2.071377588436007500e-03 1.427579671144485474e-01 -1.199905127286911011e-01
-3.381901681423187256e-01 -8.516821078956127167e-03 3.210395276546478271e-01 -1.681145653128623962e-02
-2.174943238496780396e-01 5.426719188690185547e-01 2.368143051862716675e-01 5.813221335411071777e-01
7.684279680252075195e-01 4.331685602664947510e-01 -1.712281256914138794e-01 -9.155061095952987671e-02
-8.430739045143127441e-01 -2.035820633172988892e-01 -6.286818534135818481e-02 1.354499459266662598e-01
6.193267107009887695e-01 -2.091989666223526001e-01 -3.898809850215911865e-01 -4.189835190773010254e-01
3.020765185356140137e-01 -2.365972148254513741e-03 1.423838138580322266e-01 -2.473383843898773193e-01
2.704744935035705566e-01 -1.933895796537399292e-01 -3.600374758243560791e-01 -7.349317520856857300e-02
3.220224678516387939e-01 -3.584245219826698303e-02 2.842488586902618408e-01 -5.719226598739624023e-01
-5.853347182273864746e-01 -2.749127745628356934e-01 3.837750554084777832e-01 -2.198884338140487671e-01
1.687577664852142334e-01 5.400069430470466614e-02 -3.694815561175346375e-03 -9.292011708021163940e-02
-7.014504671096801758e-01 -1.679379194974899292e-01 -2.332975529134273529e-02 8.648103475570678711e-02
2.845081090927124023e-01 9.528706222772598267e-02 -5.248734354972839355e-02 -1.421782374382019043e-01
1.062651164829730988e-02 -3.328063786029815674e-01 -3.431521654129028320e-01 -2.067864686250686646e-01
3.093600571155548096e-01 1.868239231407642365e-02 -2.699578702449798584e-01 -6.690771579742431641e-01
1.924439668655395508e-01 -6.597280502319335938e-02 -1.653829775750637054e-02 5.374980345368385315e-02
3.180918097496032715e-01 -4.832741916179656982e-01 -2.626686692237854004e-01 7.416496872901916504e-01
-1.031093671917915344e-01 6.149635314941406250e-01 1.315695643424987793e-01 1.321217864751815796e-01
7.401453852653503418e-01 -1.842909604310989380e-01 -3.947430849075317383e-01 -2.937819957733154297e-01
1.244016215205192566e-01 -4.801357164978981018e-02 -1.810466349124908447e-01 -1.754997414536774158e-03
7.168243825435638428e-02 4.476634860038757324e-01 5.874217152595520020e-01 -4.007222652435302734e-01
1.398663073778152466e-01 1.842949986457824707e-01 -1.154488995671272278e-01 -1.345003992319107056e-01
-2.502321004867553711e-01 5.430862307548522949e-01 -9.549784064292907715e-01 -1.285519748926162720e-01
-1.021355390548706055e-01 -2.778165275231003761e-03 -2.960239909589290619e-02 -2.072172909975051880e-01
-4.180256724357604980e-01 6.194128990173339844e-01 1.231681331992149353e-01 2.371996492147445679e-01
-2.293692678213119507e-01 1.650261580944061279e-01 3.784769773483276367e-01 -6.341616511344909668e-01
-4.503984749317169189e-01 -2.425933629274368286e-02 3.265400230884552002e-01 -4.470701143145561218e-02
-7.890181541442871094e-01 -3.183779716491699219e-01 1.713538467884063721e-01 -1.486386954784393311e-01
-4.567330181598663330e-01 -2.463411688804626465e-01 2.478073686361312866e-01 5.362148955464363098e-02
4.625496566295623779e-01 -4.068258702754974365e-01 9.684488922357559204e-02 -1.566344350576400757e-01
7.907471656799316406e-01 2.538082003593444824e-01 -1.008970960974693298e-01 2.468757778406143188e-01
8.763425797224044800e-02 2.192721217870712280e-01 1.557532548904418945e-01 -2.273244708776473999e-01
9.348276257514953613e-01 -1.729254275560379028e-01 -6.839791536331176758e-01 -4.619342982769012451e-01
3.408634066581726074e-01 -5.717825889587402344e-02 -3.254130184650421143e-01 -2.306405007839202881e-01
-6.655039191246032715e-01 -1.909825801849365234e-01 -3.679108023643493652e-01 -4.662931561470031738e-01
4.224164783954620361e-01 -2.038884013891220093e-01 -4.573966860771179199e-01 2.807296626269817352e-02
5.878052711486816406e-01 1.712886989116668701e-01 -2.050004005432128906e-01 6.114755868911743164e-01
7.320226728916168213e-02 -3.028339147567749023e-01 -7.482206821441650391e-02 4.242191463708877563e-02
4.549326300621032715e-01 1.740006059408187866e-01 -4.300663992762565613e-02 2.255228310823440552e-01
-2.713022530078887939e-01 1.581667573191225529e-03 5.637264251708984375e-02 -1.213882267475128174e-01
8.233433961868286133e-01 3.947588503360748291e-01 -2.319369465112686157e-01 -1.797709465026855469e-01
2.192091345787048340e-01 -2.750333249568939209e-01 -4.031819999217987061e-01 3.177551627159118652e-01
-8.807484507560729980e-01 -3.205117285251617432e-01 -1.701890975236892700e-01 -9.910819679498672485e-02
1.483286470174789429e-01 8.550705760717391968e-02 2.400699555873870850e-01 -4.851523637771606445e-01
-3.697180449962615967e-01 -7.191832363605499268e-02 -2.117005735635757446e-01 2.932508289813995361e-01
2.440044432878494263e-01 2.959740161895751953e-01 2.915979325771331787e-01 5.718804597854614258e-01
2.744212448596954346e-01 3.357365429401397705e-01 -1.317731589078903198e-01 -2.221429534256458282e-02
2.500711381435394287e-01 1.269039884209632874e-02 1.154752913862466812e-02 -2.995951473712921143e-01
9.766207635402679443e-02 8.558993339538574219e-01 8.807551860809326172e-01 -8.085665106773376465e-01
4.213782846927642822e-01 -2.475619167089462280e-01 4.353215396404266357e-01 6.713846921920776367e-01
1.937397718429565430e-01 -8.664263039827346802e-02 -2.231304198503494263e-01 -2.067181169986724854e-01
1.046543940901756287e-01 6.825971007347106934e-01 7.508915066719055176e-01 9.711751341819763184e-01
-7.687187194824218750e-01 -2.931684553623199463e-01 -4.948344528675079346e-01 -4.906031191349029541e-01
5.211666226387023926e-01 7.694751024246215820e-02 3.925667405128479004e-01 5.956370234489440918e-01
3.265965878963470459e-01 -1.529039591550827026e-01 -5.750503763556480408e-02 -9.224868379533290863e-03
6.083686947822570801e-01 -6.791324019432067871e-01 -4.148538112640380859e-01 4.160499870777130127e-01
1.019031275063753128e-02 1.417320966720581055e-01 1.299019306898117065e-01 2.131567895412445068e-01
-2.057317346334457397e-01 5.003978610038757324e-01 5.776334404945373535e-01 7.116392254829406738e-02
1.301361620426177979e-01 -5.788167193531990051e-02 2.534597218036651611e-01 -2.429798543453216553e-01
6.028123497962951660e-01 2.916685305535793304e-03 -1.015752926468849182e-01 4.742364585399627686e-01
-2.422186881303787231e-01 1.119802966713905334e-01 4.012325033545494080e-02 -1.210784986615180969e-01
-9.853083640336990356e-02 5.979557037353515625e-01 5.576291084289550781e-01 -6.570404171943664551e-01
8.617639541625976562e-02 -5.564223602414131165e-02 -7.943287491798400879e-02 -6.879520416259765625e-02
-5.105891823768615723e-01 2.710012532770633698e-02 -3.125902414321899414e-01 -5.181328654289245605e-01
5.730887055397033691e-01 8.114985376596450806e-02 -4.530063271522521973e-02 2.648512721061706543e-01
5.513099431991577148e-01 -4.559099078178405762e-01 -7.895749211311340332e-01 -4.389301314949989319e-02
2.778079807758331299e-01 4.587771371006965637e-02 5.281561017036437988e-01 4.178365170955657959e-01
2.032939046621322632e-01 -2.704854309558868408e-01 -1.278995769098401070e-03 -6.153832376003265381e-02
-5.226102098822593689e-02 1.603573188185691833e-02 -3.599933385848999023e-01 -1.798751354217529297e-01
-3.101769983768463135e-01 4.248477816581726074e-01 -3.080546557903289795e-01 -4.256838262081146240e-01
5.962621793150901794e-02 -3.315452039241790771e-01 -4.192518591880798340e-01 -2.047243565320968628e-01
6.313070654869079590e-02 -4.774482250213623047e-01 -5.889734625816345215e-01 3.175644949078559875e-02
3.750189542770385742e-01 9.455004334449768066e-02 2.054730206727981567e-01 3.015172779560089111e-01
-4.525941312313079834e-01 -1.648454815149307251e-01 2.959459833800792694e-02 -1.586534678936004639e-01
2.504888772964477539e-01 8.783918619155883789e-01 9.898921251296997070e-01 1.679857671260833740e-01
-2.463215738534927368e-01 1.807605475187301636e-01 3.884164094924926758e-01 -6.306632757186889648e-01
2.599887177348136902e-02 -2.630713284015655518e-01 -5.344347357749938965e-01 3.831639587879180908e-01
-7.531760334968566895e-01 -2.304759919643402100e-01 -8.214186877012252808e-02 6.169298291206359863e-02
8.811203241348266602e-01 -9.904510378837585449e-01 7.949559092521667480e-01 -9.938346147537231445e-01
4.364648461341857910e-02 3.027597665786743164e-01 1.496917009353637695e-01 6.856550276279449463e-02
-3.473487794399261475e-01 5.473716259002685547e-01 8.532152175903320312e-01 -8.354293704032897949e-01
-1.976859867572784424e-01 -4.261189103126525879e-01 1.975384950637817383e-01 -2.039348036050796509e-01
5.186255574226379395e-01 1.376009583473205566e-01 -9.413409978151321411e-02 2.395270317792892456e-01
4.770952463150024414e-01 6.300847530364990234e-01 -2.858132123947143555e-01 3.956998586654663086e-01
8.733366429805755615e-02 4.773017764091491699e-01 -5.749645233154296875e-01 9.748352766036987305e-01
-8.959362506866455078e-01 5.358747839927673340e-01 -9.834032058715820312e-01 -1.794350296258926392e-01
1.869152337312698364e-01 -2.460777759552001953e-01 1.204910948872566223e-01 4.477094411849975586e-01
3.846469148993492126e-02 1.585412919521331787e-01 9.727857261896133423e-02 -1.127854883670806885e-01
2.324602156877517700e-01 -3.720462918281555176e-01 9.623937308788299561e-02 -1.618244349956512451e-01
-5.475584268569946289e-01 2.494744360446929932e-01 -3.331158757209777832e-01 7.059669494628906250e-01
-3.695952594280242920e-01 -9.740130901336669922e-01 -5.492541790008544922e-01 4.624438285827636719e-01
-2.356903702020645142e-01 -4.785075411200523376e-02 -1.718119531869888306e-01 -1.755665056407451630e-02
4.809904396533966064e-01 -4.678632318973541260e-01 2.904355525970458984e-01 4.644998908042907715e-01
-4.874354302883148193e-01 -5.372044444084167480e-02 1.901848614215850830e-01 -2.759499847888946533e-01
2.214895486831665039e-01 -1.281262841075658798e-02 -1.265334039926528931e-01 -5.200250446796417236e-02
-7.958150655031204224e-02 -1.616543531417846680e-01 1.132155358791351318e-01 -2.210299372673034668e-01
-6.518671512603759766e-01 -2.624093294143676758e-01 -4.378391206264495850e-01 -2.590780258178710938e-01
-4.212259054183959961e-01 4.038443565368652344e-01 5.569719895720481873e-02 6.355271935462951660e-01
6.179457306861877441e-01 3.943828344345092773e-01 -1.262425677850842476e-03 -1.448761224746704102e-01
9.590349793434143066e-01 -2.245929688215255737e-01 1.799151152372360229e-01 -1.835960000753402710e-01
-6.265016198158264160e-01 -2.816359102725982666e-01 -5.385760068893432617e-01 -4.945649802684783936e-01
-9.739831089973449707e-02 -2.796457409858703613e-01 -1.391290687024593353e-03 -2.986710891127586365e-02
-1.853933185338973999e-01 3.236889839172363281e-01 1.571183800697326660e-01 4.121452942490577698e-02
-5.521938800811767578e-01 -2.751431763172149658e-01 3.051978722214698792e-02 -7.781483978033065796e-02
-4.235046505928039551e-01 -7.666629552841186523e-02 -1.413689702749252319e-01 1.849340647459030151e-01
6.093391776084899902e-01 -2.912390530109405518e-01 -3.113597631454467773e-01 -2.281478792428970337e-01
-2.008989453315734863e-01 1.330401599407196045e-01 1.241514161229133606e-01 -2.139263749122619629e-01
9.466841816902160645e-03 1.505890637636184692e-01 2.199198901653289795e-01 -2.077082544565200806e-01
-2.604981064796447754e-01 7.941063642501831055e-01 1.770510524511337280e-01 8.736488968133926392e-02
4.526759386062622070e-01 8.956026434898376465e-01 7.595794796943664551e-01 -9.857340455055236816e-01
-2.141999155282974243e-01 -7.163748890161514282e-02 3.193626403808593750e-01 -1.251008510589599609e-01
-2.806408107280731201e-01 2.210386991500854492e-01 2.633396685123443604e-01 1.085674464702606201e-01
-9.491378664970397949e-01 -6.240505576133728027e-01 -1.125169843435287476e-01 -5.708116292953491211e-01
-4.515298902988433838e-01 3.026482164859771729e-01 -1.679977625608444214e-01 4.007893800735473633e-01
-8.368294239044189453e-01 -2.987106442451477051e-01 3.026538901031017303e-02 -9.317721426486968994e-02
5.059965848922729492e-01 -3.843880444765090942e-02 -2.880053818225860596e-01 -3.155601322650909424e-01
5.103399753570556641e-01 -5.539720654487609863e-01 -7.447215318679809570e-01 -1.477972567081451416e-01
-1.106849536299705505e-01 -1.864893883466720581e-01 1.097072064876556396e-01 2.329041436314582825e-02
3.053765892982482910e-01 4.227893799543380737e-02 -4.658164083957672119e-01 9.856950044631958008e-01
4.372802078723907471e-01 -2.184285521507263184e-01 7.787238955497741699e-01 1.855917870998382568e-01
-2.674161493778228760e-01 -1.602539420127868652e-01 2.141809314489364624e-01 -2.483177334070205688e-01
2.729473114013671875e-01 -3.784451633691787720e-02 -1.839883066713809967e-02 -9.418738633394241333e-02
1.701843738555908203e-01 -1.321477256715297699e-02 -1.302245110273361206e-01 -6.509403139352798462e-02
-1.268098205327987671e-01 -2.402274757623672485e-01 -5.310214683413505554e-02 -8.329834043979644775e-02
8.370632529258728027e-01 4.600266516208648682e-01 -2.156827896833419800e-01 -2.290244251489639282e-01
-1.385149955749511719e-01 2.487094253301620483e-01 2.578431963920593262e-01 -1.267830729484558105e-01
-9.602883458137512207e-01 -3.233693838119506836e-01 -5.921986699104309082e-02 -3.067518770694732666e-01
-3.118834197521209717e-01 8.378662467002868652e-01 5.078173875808715820e-01 5.652730464935302734e-01
-6.130887866020202637e-01 -3.215958178043365479e-01 5.279277563095092773e-01 3.500510156154632568e-01
-8.175013065338134766e-01 -2.741151750087738037e-01 -2.621791362762451172e-01 -5.189372897148132324e-01
-1.224810481071472168e-01 5.802382230758666992e-01 -9.904477596282958984e-01 6.821371912956237793e-01
8.131805807352066040e-02 3.333548605442047119e-01 -8.995996322482824326e-04 3.269415795803070068e-01
5.699332952499389648e-01 -4.023056328296661377e-01 -7.467249780893325806e-02 -6.460571289062500000e-01
-8.248618841171264648e-01 -6.614390015602111816e-01 8.436727523803710938e-01 8.427954316139221191e-01
-5.366513729095458984e-01 7.133497595787048340e-01 4.281631112098693848e-01 1.869180649518966675e-01
6.675150990486145020e-01 1.442801058292388916e-01 -9.740342944860458374e-02 3.131839334964752197e-01
-3.105255961418151855e-01 5.405025482177734375e-01 1.764027178287506104e-01 -4.493177309632301331e-02
-3.079946935176849365e-01 3.298062384128570557e-01 7.154227495193481445e-01 -1.361048370599746704e-01
8.165863901376724243e-02 8.873368799686431885e-02 -6.105074882507324219e-01 -7.825411856174468994e-02
-5.802726745605468750e-01 -2.193758338689804077e-01 9.385146945714950562e-02 -1.220261603593826294e-01
-6.093656420707702637e-01 -3.477061688899993896e-01 2.360415607690811157e-01 -6.294493675231933594e-01
7.962317466735839844e-01 -3.042555749416351318e-01 -3.310264945030212402e-01 -3.092888891696929932e-01
-5.762425065040588379e-01 -8.718661218881607056e-02 2.387213148176670074e-02 1.680595278739929199e-01
-4.814721643924713135e-01 -2.789488807320594788e-02 2.561290264129638672e-01 -3.476014435291290283e-01
-4.961990416049957275e-01 5.432668924331665039e-01 4.915326088666915894e-02 1.810326874256134033e-01
-2.430486977100372314e-01 -3.956774249672889709e-03 1.618070751428604126e-01 -2.047693580389022827e-01
9.106740951538085938e-01 4.208215475082397461e-01 9.914936423301696777e-01 -2.646547853946685791e-01
5.905835330486297607e-02 -2.596390619874000549e-02 2.861999534070491791e-02 -3.231266736984252930e-01
4.471008181571960449e-01 -3.763791322708129883e-01 -4.698154330253601074e-01 2.469633333384990692e-02
1.943181753158569336e-01 1.507826615124940872e-02 -2.238957285881042480e-01 -6.045102491043508053e-04
6.494287848472595215e-01 -9.496799707412719727e-01 1.816301196813583374e-01 -4.240238070487976074e-01
6.324757933616638184e-01 -1.053678020834922791e-01 -4.367604553699493408e-01 -4.530718028545379639e-01
-1.957219690084457397e-01 -3.715499043464660645e-01 -1.142081841826438904e-01 -5.145650357007980347e-02
1.593961380422115326e-02 -3.224197328090667725e-01 -2.678003609180450439e-01 1.738444864749908447e-01
-1.684247255325317383e-01 1.550719439983367920e-01 1.655475944280624390e-01 -9.605231881141662598e-02
5.567271709442138672e-01 -3.440088629722595215e-01 3.578870594501495361e-01 1.204757019877433777e-01
6.087754368782043457e-01 6.765623092651367188e-01 -2.762036025524139404e-01 -6.066333055496215820e-01
3.762665688991546631e-01 -2.827049791812896729e-01 -5.166135430335998535e-01 -2.905975580215454102e-01
-4.129994213581085205e-01 4.099462628364562988e-01 9.076831936836242676e-01 -8.539566993713378906e-01
3.701738715171813965e-01 -5.274949669837951660e-01 -2.684257626533508301e-01 6.565028429031372070e-01
4.377319216728210449e-01 -3.830386400222778320e-01 9.508997797966003418e-01 -8.721243143081665039e-01
1.464381515979766846e-01 1.148279085755348206e-01 4.184310883283615112e-02 1.112612336874008179e-01
2.270850539207458496e-02 5.980504751205444336e-01 6.751261353492736816e-01 8.730278909206390381e-02
9.369803965091705322e-02 -6.198580265045166016e-01 -4.195651412010192871e-02 6.695609092712402344e-01
-6.815294623374938965e-01 -2.536443471908569336e-01 1.616764217615127563e-01 -3.610420823097229004e-01
2.773669958114624023e-01 -2.137856334447860718e-01 -5.987985059618949890e-02 -1.031570136547088623e-01
4.000580012798309326e-01 -2.551357150077819824e-01 2.581311166286468506e-01 -4.897494018077850342e-01
7.402741312980651855e-01 -1.202393248677253723e-01 -4.076997041702270508e-01 -8.696075081825256348e-01
-6.657035350799560547e-01 1.799598038196563721e-01 -1.277734339237213135e-01 3.201383948326110840e-01
-6.634287238121032715e-01 3.172403275966644287e-01 -2.279544621706008911e-01 -1.462506055831909180e-01
1.115564908832311630e-02 -3.853181898593902588e-01 -1.504041105508804321e-01 5.964763164520263672e-01
3.701953589916229248e-01 -4.533243477344512939e-01 -3.665653467178344727e-01 -3.073309063911437988e-01
2.709550261497497559e-01 -3.435552120208740234e-01 -3.107953965663909912e-01 -2.202593684196472168e-01
5.169213414192199707e-01 1.281005442142486572e-01 -2.123686373233795166e-01 3.845173716545104980e-01
7.081749439239501953e-01 3.585931360721588135e-01 -7.463106513023376465e-02 -2.560980319976806641e-01
-5.995837450027465820e-01 -1.890533268451690674e-01 -4.336687736213207245e-03 1.233324930071830750e-01
3.953083753585815430e-01 6.985972821712493896e-02 -1.769860386848449707e-01 2.269583195447921753e-01
-5.968652963638305664e-01 -5.905688405036926270e-01 5.044765472412109375e-01 -4.115915298461914062e-01
4.168041348457336426e-01 1.948129236698150635e-01 -4.770448803901672363e-01 -9.813363552093505859e-01
-3.095012009143829346e-01 -4.960598051548004150e-01 2.845288515090942383e-01 1.196903660893440247e-01
4.648605883121490479e-01 -2.744528353214263916e-01 -2.590023577213287354e-01 6.126924753189086914e-01
4.592612087726593018e-01 -6.322679519653320312e-01 -9.465157389640808105e-01 -3.906692564487457275e-02
-2.440439015626907349e-01 4.803231358528137207e-01 -2.484204173088073730e-01 -5.488504171371459961e-01
-5.248770713806152344e-01 1.591717153787612915e-01 -6.954482197761535645e-02 -1.878857612609863281e-01
-3.658634424209594727e-01 3.731861114501953125e-01 2.307654172182083130e-01 6.891837120056152344e-01
-3.377910554409027100e-01 -1.838855743408203125e-01 3.256564438343048096e-01 -3.674032688140869141e-01
-5.411912202835083008e-01 3.986576106399297714e-03 2.510763704776763916e-01 5.868024230003356934e-01
8.837589062750339508e-03 -5.425691008567810059e-01 -4.952354133129119873e-01 -4.522883519530296326e-02
-4.973579645156860352e-01 -1.070954203605651855e-01 -1.850882172584533691e-01 1.291698962450027466e-01
1.026297956705093384e-01 2.514522969722747803e-01 5.467363446950912476e-02 5.544909462332725525e-02
-3.127539157867431641e-01 -1.968330740928649902e-01 -7.961801439523696899e-02 -9.710084646940231323e-02
-4.389667212963104248e-01 4.374095797538757324e-01 6.077354550361633301e-01 -2.608540654182434082e-01
-3.478705585002899170e-01 2.979941070079803467e-01 -1.937634944915771484e-01 3.387105166912078857e-01
5.301549434661865234e-01 -3.407523930072784424e-01 -1.982494629919528961e-02 -1.348417550325393677e-01
-2.663331031799316406e-01 2.795977294445037842e-01 8.739114552736282349e-02 7.065401226282119751e-02
-2.242690920829772949e-01 2.971155345439910889e-01 3.467145860195159912e-01 5.086527466773986816e-01
3.031384944915771484e-01 1.267432570457458496e-01 -7.591208070516586304e-02 3.458997905254364014e-01
-6.942951679229736328e-01 -3.893897235393524170e-01 6.467647850513458252e-02 -4.725356101989746094e-01
8.840785026550292969e-01 -4.099824726581573486e-01 -3.551723062992095947e-02 -6.669334173202514648e-01
1.494845747947692871e-01 -2.041108161211013794e-01 5.686884745955467224e-02 -3.506030738353729248e-01
2.043427713215351105e-02 -4.833078384399414062e-01 3.132281601428985596e-01 -6.962795853614807129e-01
8.286710828542709351e-02 -1.763830184936523438e-01 -2.269979333505034447e-03 9.116314351558685303e-02
-3.527774214744567871e-01 -6.482154130935668945e-02 1.047248989343643188e-01 -7.339580357074737549e-02
-7.803718000650405884e-02 5.488531589508056641e-01 5.651290416717529297e-01 4.632646441459655762e-01
-4.381208419799804688e-01 3.772803246974945068e-01 2.678126394748687744e-01 1.390561908483505249e-01
-4.356805384159088135e-01 2.144683301448822021e-01 2.320723533630371094e-01 4.097144603729248047e-01
-7.943429797887802124e-02 -1.525575667619705200e-01 3.572349995374679565e-02 -2.580142915248870850e-01
7.678799629211425781e-01 4.243887066841125488e-01 -2.763061225414276123e-01 -1.477192491292953491e-01
-2.888627052307128906e-01 -3.722790479660034180e-01 1.877744346857070923e-01 -9.852567687630653381e-03
-7.261868119239807129e-01 -2.461748719215393066e-01 1.328938454389572144e-02 -1.266914606094360352e-01
3.769942224025726318e-01 -5.801045894622802734e-01 -8.421288132667541504e-01 -2.448712848126888275e-02
-5.110305547714233398e-01 -2.352277636528015137e-01 3.022418618202209473e-01 -1.504138857126235962e-01
3.185367584228515625e-01 1.398912817239761353e-01 3.952130302786827087e-02 1.551412642002105713e-01
1.660867780447006226e-02 -5.706606432795524597e-02 6.162388995289802551e-02 1.028358587063848972e-03
-4.547402262687683105e-01 9.681368470191955566e-01 -7.446589469909667969e-01 3.692592978477478027e-01
-2.129676938056945801e-01 -2.966028451919555664e-02 9.076971560716629028e-03 -1.097010448575019836e-01
-3.661117255687713623e-01 -3.629400730133056641e-01 -5.154598951339721680e-01 -5.575024485588073730e-01
3.508249223232269287e-01 -1.323427706956863403e-01 -3.373413980007171631e-01 6.876173019409179688e-01
9.799720048904418945e-01 -3.694421350955963135e-01 8.819674849510192871e-01 7.094829082489013672e-01
5.866965055465698242e-01 2.103324681520462036e-01 5.829684138298034668e-01 8.007183074951171875e-01
5.589308142662048340e-01 2.702245675027370453e-02 -3.075757622718811035e-01 -2.714858353137969971e-01
-8.477021008729934692e-02 -1.142065301537513733e-01 3.543847203254699707e-01 -7.431509345769882202e-02
-4.994989931583404541e-01 7.494901418685913086e-01 -1.183275785297155380e-02 -5.623291060328483582e-02
-2.977935671806335449e-01 5.028986930847167969e-01 2.704009413719177246e-01 -3.870359659194946289e-01
-2.706077098846435547e-01 3.706754744052886963e-01 6.130077242851257324e-01 1.844097375869750977e-01
3.291920125484466553e-01 -3.245500847697257996e-02 -2.538394182920455933e-02 1.983599662780761719e-01
3.289122283458709717e-01 -5.843713879585266113e-01 -7.118971943855285645e-01 3.215352296829223633e-01
-4.863292276859283447e-01 -6.049194186925888062e-02 2.472109645605087280e-01 -1.550194323062896729e-01
3.490130901336669922e-01 -3.741793334484100342e-02 -2.234287112951278687e-01 -2.355083674192428589e-01
7.686062455177307129e-01 4.556468129158020020e-01 -1.149065196514129639e-01 1.551067531108856201e-01
1.323613375425338745e-01 3.113832473754882812e-01 -4.833124112337827682e-03 -3.866921737790107727e-02
-2.721524834632873535e-01 1.610376089811325073e-01 -1.811629086732864380e-01 -1.215691417455673218e-01
-8.824488520622253418e-02 2.173705399036407471e-01 6.491495370864868164e-01 4.442674294114112854e-02
-6.312375068664550781e-01 3.501634597778320312e-01 7.192580103874206543e-01 5.856095552444458008e-01
-8.272182941436767578e-01 -2.327309250831604004e-01 -5.897554382681846619e-02 1.037482470273971558e-01
8.683603405952453613e-01 8.918122053146362305e-01 -1.567221134901046753e-01 7.141393423080444336e-01
-5.511062145233154297e-01 5.753150582313537598e-01 5.244291201233863831e-02 2.885446511209011078e-02
1.420150101184844971e-01 4.464141130447387695e-01 6.010800004005432129e-01 -3.039032220840454102e-01
-5.477463006973266602e-01 8.069168925285339355e-01 3.906467854976654053e-01 4.737450182437896729e-01
6.730099916458129883e-01 -3.524108827114105225e-01 3.733427226543426514e-01 2.286441177129745483e-01
-8.971654623746871948e-02 -2.326240390539169312e-01 8.412588238716125488e-01 -1.828695684671401978e-01
-7.218387126922607422e-01 5.601316094398498535e-01 6.967727541923522949e-01 6.801497936248779297e-01
6.235414743423461914e-02 -2.486881166696548462e-01 1.467189490795135498e-01 -6.586081534624099731e-02
3.595117926597595215e-01 8.476173281669616699e-01 8.886102437973022461e-01 3.882260620594024658e-01
-4.767419099807739258e-01 -5.028104782104492188e-02 7.060307860374450684e-01 4.638818800449371338e-01
4.847800135612487793e-01 1.901471801102161407e-02 -4.223527312278747559e-01 8.414350152015686035e-01
7.966451048851013184e-01 7.437354326248168945e-01 8.211905136704444885e-03 9.729053378105163574e-01
-7.804514765739440918e-01 -4.867940545082092285e-01 6.156085729598999023e-01 4.670026898384094238e-01
-5.674530267715454102e-01 -4.647538065910339355e-01 4.167823791503906250e-01 -2.053353786468505859e-01
1.753907352685928345e-01 -1.903369650244712830e-02 -9.965692460536956787e-02 -1.698561161756515503e-01
2.868407368659973145e-01 9.155526012182235718e-02 -2.379409372806549072e-01 -2.656574845314025879e-01
7.051140666007995605e-01 -7.709696888923645020e-01 -3.932888209819793701e-01 6.512541770935058594e-01
7.667135447263717651e-02 -2.627915143966674805e-01 -4.878059625625610352e-01 2.413874417543411255e-01
-8.326756954193115234e-01 -1.965242326259613037e-01 3.953762650489807129e-01 -1.009942963719367981e-01
-3.874360620975494385e-01 5.173303484916687012e-01 -2.781672179698944092e-01 -4.322114586830139160e-01
-3.008455038070678711e-01 5.273936390876770020e-01 3.177506625652313232e-01 3.354134857654571533e-01
6.814643144607543945e-01 2.850447036325931549e-02 6.162077188491821289e-01 -7.626761794090270996e-01
9.484377503395080566e-01 -8.217076212167739868e-02 5.870047211647033691e-01 7.996799945831298828e-01
-1.833000034093856812e-01 -3.014866448938846588e-02 -3.949891328811645508e-01 -3.921371996402740479e-01
1.987229585647583008e-01 1.569343507289886475e-01 -5.792783200740814209e-02 -3.971054777503013611e-02
-9.433912485837936401e-02 -9.855077266693115234e-01 3.387705981731414795e-01 3.671912848949432373e-01
7.745032906532287598e-01 -3.527270853519439697e-01 -1.563642323017120361e-01 -2.588304579257965088e-01
-1.831191033124923706e-01 -1.228890568017959595e-02 8.878640830516815186e-02 -1.690286546945571899e-01
2.696170508861541748e-01 7.963178795762360096e-04 -1.841372624039649963e-02 -2.891991138458251953e-01
-3.657117486000061035e-01 4.862783253192901611e-01 6.287631988525390625e-01 -3.730978071689605713e-01
-4.418267011642456055e-01 4.388954639434814453e-01 -3.632983565330505371e-01 -3.188844621181488037e-01
-5.715109705924987793e-01 7.322234511375427246e-01 -2.994553744792938232e-01 -4.836458861827850342e-01
6.892209053039550781e-01 1.593007147312164307e-01 8.446337580680847168e-01 -6.397982239723205566e-01
5.120114684104919434e-01 4.343168810009956360e-02 -3.651409149169921875e-01 -4.086631238460540771e-01
-3.401730656623840332e-01 2.237840294837951660e-01 5.355988144874572754e-01 -1.553716212511062622e-01
-3.568514948710799217e-03 1.208500936627388000e-01 -1.042460724711418152e-01 -1.050465255975723267e-01
-2.671384485438466072e-03 -2.061619162559509277e-01 -1.883699297904968262e-01 -1.115594431757926941e-01
4.090515673160552979e-01 -4.276920855045318604e-01 -2.722715139389038086e-01 4.492549598217010498e-01
3.498902618885040283e-01 1.852537095546722412e-01 -3.605984449386596680e-01 -1.567178666591644287e-01
-1.021256893873214722e-01 1.465390324592590332e-01 -4.607615061104297638e-03 -1.544594466686248779e-01
-5.207247138023376465e-01 5.340780019760131836e-01 9.248145222663879395e-01 5.310537815093994141e-01
3.661758005619049072e-01 -4.058357775211334229e-01 -9.751000404357910156e-01 1.441535800695419312e-01
1.326342970132827759e-01 -3.951181098818778992e-02 -3.705014660954475403e-02 -1.683990210294723511e-01
7.132921218872070312e-01 -3.881098330020904541e-01 -7.507549524307250977e-01 -5.175708532333374023e-01
4.176755249500274658e-01 5.749211311340332031e-01 -4.383628666400909424e-01 -1.316475868225097656e-01
-2.629832327365875244e-01 -1.878585070371627808e-01 2.790884077548980713e-01 -8.093922585248947144e-02
-2.333549708127975464e-01 -7.438294589519500732e-02 -3.637965321540832520e-01 -5.150257945060729980e-01
-2.221484482288360596e-01 -7.144156843423843384e-02 -2.914792597293853760e-01 1.314524859189987183e-01
-6.463707089424133301e-01 -2.353592813014984131e-01 4.367527738213539124e-02 -4.137605726718902588e-01
8.320477604866027832e-01 5.744032859802246094e-01 5.614325031638145447e-02 -8.038164377212524414e-01
-1.376352012157440186e-01 4.860779941082000732e-01 -3.609659075736999512e-01 -9.568914771080017090e-02
5.350795984268188477e-01 -2.791874343529343605e-03 3.992115706205368042e-02 3.666260540485382080e-01
5.226058363914489746e-01 1.738702058792114258e-01 -1.473779231309890747e-01 3.327936828136444092e-01
6.231623291969299316e-01 6.224644184112548828e-01 -7.951446771621704102e-01 1.943191140890121460e-01
-4.322688579559326172e-01 -2.201811075210571289e-01 -4.049769937992095947e-01 -4.696075320243835449e-01
5.229324102401733398e-02 1.835099011659622192e-01 -1.581063717603683472e-01 -2.588210999965667725e-01
1.212617978453636169e-01 6.436212658882141113e-01 8.818808794021606445e-01 1.794420778751373291e-01
6.191784143447875977e-01 6.598467379808425903e-02 -8.509463071823120117e-02 5.814312100410461426e-01
-5.980028510093688965e-01 1.484134644269943237e-01 3.365332782268524170e-01 6.787356138229370117e-01
-3.030189573764801025e-01 2.532251179218292236e-01 8.529869318008422852e-01 -9.550875425338745117e-01
3.496300578117370605e-01 -4.782603085041046143e-01 6.644066423177719116e-02 5.195429548621177673e-02
-9.599565714597702026e-02 -2.446050522848963737e-03 2.056815624237060547e-01 -2.907731756567955017e-02
-1.296737343072891235e-01 4.226918146014213562e-02 2.877042293548583984e-01 -2.301048189401626587e-01
4.569462537765502930e-01 9.938229322433471680e-01 9.606364183127880096e-03 -7.580207288265228271e-02
6.387511491775512695e-01 2.628282904624938965e-01 -1.275028884410858154e-01 3.101445138454437256e-01
6.833836436271667480e-01 -2.369398474693298340e-01 -5.980296134948730469e-01 -3.796835541725158691e-01
-1.467101871967315674e-01 -6.896652281284332275e-02 2.827984094619750977e-01 5.429926887154579163e-02
4.460310935974121094e-01 -3.682524561882019043e-01 3.330950140953063965e-01 -6.576053500175476074e-01
3.424541056156158447e-01 -4.144819974899291992e-01 -3.674916326999664307e-01 2.491056174039840698e-01
-5.652099847793579102e-01 1.688550561666488647e-01 5.258712768554687500e-01 1.634891331195831299e-01
1.649862974882125854e-01 -1.924570798873901367e-01 -1.837603151798248291e-01 -1.133727505803108215e-01
4.713079929351806641e-01 1.105437129735946655e-01 3.705336451530456543e-01 -4.804012179374694824e-01
-6.174775958061218262e-01 3.497340083122253418e-01 4.923764169216156006e-01 -1.262181252241134644e-02
-4.964431524276733398e-01 6.065115332603454590e-02 5.982821583747863770e-01 3.093699216842651367e-01
3.778577744960784912e-01 -4.093857705593109131e-01 6.697527170181274414e-01 1.096872165799140930e-01
4.254996180534362793e-01 9.293954819440841675e-02 -4.355065822601318359e-01 8.018151521682739258e-01
-4.667942523956298828e-01 -2.052504718303680420e-01 2.908688783645629883e-01 3.978718444705009460e-02
3.088089823722839355e-01 1.084236502647399902e-01 9.265264868736267090e-02 2.822352349758148193e-01
8.917608857154846191e-02 1.777063757181167603e-01 2.884822487831115723e-01 -2.323784083127975464e-01
-5.079584717750549316e-01 8.059886097908020020e-01 -5.752828121185302734e-01 -9.845829606056213379e-01
3.249660432338714600e-01 -7.217240929603576660e-01 -8.610876202583312988e-01 1.690595746040344238e-01
3.515944350510835648e-03 -3.189582526683807373e-01 2.481641471385955811e-01 -7.023092508316040039e-01
2.078426182270050049e-01 -3.873817026615142822e-01 -1.094720363616943359e-01 3.594329953193664551e-01
4.214600920677185059e-01 7.501443475484848022e-02 -8.834346383810043335e-02 7.813645643182098866e-04
-4.245665967464447021e-01 -1.998542100191116333e-01 -1.980420500040054321e-01 5.671216249465942383e-01
2.507341206073760986e-01 -6.481064856052398682e-02 -1.969390660524368286e-01 -2.139111757278442383e-01
1.350823640823364258e-01 -2.710633575916290283e-01 6.375941447913646698e-03 -6.354563236236572266e-01
-1.759356558322906494e-01 3.100812733173370361e-01 -9.469494223594665527e-02 2.200613170862197876e-01
-1.148398816585540771e-01 3.624196350574493408e-01 5.717980861663818359e-01 -4.230729937553405762e-01
-2.098097056150436401e-01 5.589491724967956543e-01 -9.611192941665649414e-01 -9.679119586944580078e-01
-2.323866337537765503e-01 -1.670056730508804321e-01 6.437927484512329102e-02 -2.293250113725662231e-01
-1.657809168100357056e-01 -4.277752339839935303e-02 -7.907927036285400391e-02 -2.680852413177490234e-01
2.918013334274291992e-01 -3.017658889293670654e-01 2.775164134800434113e-02 -7.898248732089996338e-02
2.197965532541275024e-01 -5.612187385559082031e-01 -7.168103456497192383e-01 1.170013248920440674e-01
-6.192513927817344666e-02 -4.843043163418769836e-02 2.176775410771369934e-02 -1.927320063114166260e-01
-4.207136332988739014e-01 -1.543647348880767822e-01 5.885547399520874023e-01 1.497867405414581299e-01
5.895701646804809570e-01 1.025522947311401367e-01 -8.946159482002258301e-02 5.477741360664367676e-01
-1.541156917810440063e-01 5.227827429771423340e-01 -2.441305071115493774e-01 3.883643448352813721e-02
-4.527511298656463623e-01 -9.536668658256530762e-01 2.728025615215301514e-01 -2.771591246128082275e-01
4.589752852916717529e-01 7.855078577995300293e-02 -1.207540631294250488e-01 -1.307236999273300171e-01
6.343216896057128906e-01 7.842633128166198730e-01 -9.148208498954772949e-01 8.452108502388000488e-01
-5.342278480529785156e-01 1.645532250404357910e-01 5.589987635612487793e-01 -2.582720667123794556e-02
-3.690845370292663574e-01 2.098283916711807251e-01 4.636700153350830078e-01 -1.334551572799682617e-01
4.277829825878143311e-01 2.738461792469024658e-01 -3.347482979297637939e-01 -6.229432299733161926e-02
4.341710209846496582e-01 -7.196245789527893066e-01 -9.853161573410034180e-01 1.736150532960891724e-01
9.288626164197921753e-02 9.166640639305114746e-01 1.007283702492713928e-01 -9.668064117431640625e-01
4.521264731884002686e-01 -5.233467817306518555e-01 -8.898559212684631348e-01 -2.150334715843200684e-01
2.772809267044067383e-01 6.172671914100646973e-01 -3.402893245220184326e-01 -3.498329520225524902e-01
-3.330044150352478027e-01 6.767645478248596191e-01 -2.471755892038345337e-01 -6.556174159049987793e-01
3.333656489849090576e-01 -4.632259011268615723e-01 -6.010100245475769043e-01 -1.269745528697967529e-01
-1.213125064969062805e-01 2.646476924419403076e-01 -4.343044161796569824e-01 2.902940660715103149e-02
-2.509852349758148193e-01 5.439593195915222168e-01 -3.290727138519287109e-01 5.208930969238281250e-01
9.189078807830810547e-01 7.021985650062561035e-01 -4.172635376453399658e-01 -9.661144763231277466e-02
3.834566771984100342e-01 2.401612699031829834e-02 -1.849459260702133179e-01 -2.881143689155578613e-01
3.537777364253997803e-01 7.369069755077362061e-02 1.417039893567562103e-03 -8.944628387689590454e-02
2.548777461051940918e-01 -2.881276905536651611e-01 -2.394685447216033936e-01 -1.145349517464637756e-01
-1.711782515048980713e-01 6.304937601089477539e-02 3.121524155139923096e-01 -2.133608758449554443e-01
-6.176277995109558105e-01 -5.036591901443898678e-04 -3.314242959022521973e-01 3.697388172149658203e-01
-7.644183635711669922e-01 -3.318277895450592041e-01 -3.798725306987762451e-01 -6.592901349067687988e-01
5.733703076839447021e-02 6.736829876899719238e-02 -4.213846623897552490e-01 8.866633772850036621e-01
-6.985704302787780762e-01 6.561303138732910156e-01 -5.674722790718078613e-01 6.256823539733886719e-01
1.538955122232437134e-01 2.979762554168701172e-01 -1.106143593788146973e-01 -4.443581402301788330e-02
5.526241660118103027e-01 1.772152632474899292e-02 1.745375096797943115e-01 -3.876363039016723633e-01
-6.818422079086303711e-01 5.014899373054504395e-01 7.753813266754150391e-01 7.570345997810363770e-01
-3.586964905261993408e-01 -1.825769394636154175e-01 -2.901622056961059570e-01 -5.523304343223571777e-01
-4.565372169017791748e-01 -2.075969986617565155e-02 5.807436108589172363e-01 2.010517269372940063e-01
-7.896240949630737305e-01 -2.006759196519851685e-01 2.601703815162181854e-02 -7.064170390367507935e-02
-2.741140425205230713e-01 1.352919936180114746e-01 3.421831130981445312e-01 1.839905679225921631e-01
-7.268624305725097656e-01 -1.949422806501388550e-01 7.839002609252929688e-01 8.136203885078430176e-01
-4.975703731179237366e-02 -1.215899586677551270e-01 7.288591563701629639e-02 -2.753397226333618164e-01
7.826973795890808105e-01 4.786060154438018799e-01 -1.086904481053352356e-01 -6.854432076215744019e-02
-6.525410413742065430e-01 -3.155118823051452637e-01 2.235201001167297363e-01 3.637843951582908630e-02
-1.177415251731872559e-01 -2.866111099720001221e-01 1.793633215129375458e-02 -6.654002666473388672e-01
-2.689855694770812988e-01 8.214640617370605469e-01 -3.269501030445098877e-01 -6.498408913612365723e-01
3.767871558666229248e-01 3.279439359903335571e-02 -4.017756283283233643e-01 -3.402241170406341553e-01
-6.158525943756103516e-01 6.450845599174499512e-01 6.902953386306762695e-01 4.556966722011566162e-01
7.762150168418884277e-01 -6.604420542716979980e-01 9.969999194145202637e-01 2.633894681930541992e-01
-8.096712231636047363e-01 2.717852592468261719e-01 1.056020036339759827e-01 7.117805480957031250e-01
6.740939021110534668e-01 2.472564205527305603e-02 -4.489756822586059570e-01 -4.419801831245422363e-01
-2.611330449581146240e-01 2.183993011713027954e-01 3.285562396049499512e-01 9.956999681890010834e-03
1.453751772642135620e-01 6.776006519794464111e-02 -9.170218557119369507e-02 -9.278834611177444458e-02
5.327658057212829590e-01 -1.555631011724472046e-01 3.137905150651931763e-02 -6.655590981245040894e-02
7.933080196380615234e-01 6.828202605247497559e-01 1.167192235589027405e-01 6.370622515678405762e-01
-3.803409039974212646e-01 -1.799174696207046509e-01 2.723890244960784912e-01 -1.646755784749984741e-01
-5.227369666099548340e-01 2.397667467594146729e-01 4.840320050716400146e-01 1.885683685541152954e-01
-4.506671130657196045e-01 -2.044071704149246216e-01 -3.848783373832702637e-01 -7.271907925605773926e-01
-2.296828776597976685e-01 -2.505038678646087646e-01 1.052284315228462219e-01 -7.443428635597229004e-01
3.481527864933013916e-01 -5.604856610298156738e-01 -8.828174471855163574e-01 -1.683164834976196289e-01
-6.515029072761535645e-01 3.337293565273284912e-01 6.172975897789001465e-02 6.561822891235351562e-01
5.222374200820922852e-01 -2.028210908174514771e-01 9.506143331527709961e-01 2.733024060726165771e-01
-7.395606487989425659e-02 6.110576391220092773e-01 2.845191657543182373e-01 1.277580112218856812e-01
1.816498190164566040e-01 3.827604353427886963e-01 6.280896067619323730e-01 -8.214381337165832520e-01
6.098262071609497070e-01 2.379451841115951538e-01 -2.190937697887420654e-01 -8.683098107576370239e-02
4.992798864841461182e-01 -5.808614492416381836e-01 -2.642761468887329102e-01 7.405330538749694824e-01
-9.451983571052551270e-01 -2.645751833915710449e-01 -5.367619395256042480e-01 -7.617434859275817871e-01
-5.105453133583068848e-01 -2.153025865554809570e-01 -1.574696041643619537e-02 -2.290032356977462769e-01
6.911894679069519043e-01 2.868166267871856689e-01 7.640511393547058105e-01 -1.993054747581481934e-01
2.150398343801498413e-01 -3.472904562950134277e-01 -2.618412375450134277e-01 1.988840997219085693e-01
8.398622870445251465e-01 -8.964429795742034912e-02 -5.500879287719726562e-01 -5.059129595756530762e-01
4.833399951457977295e-01 -3.559375405311584473e-01 -1.108743995428085327e-02 -6.944426894187927246e-01
2.500473260879516602e-01 -4.193902611732482910e-01 -6.029512882232666016e-01 -1.115128248929977417e-01
-7.161189317703247070e-01 2.996655702590942383e-01 -1.963009685277938843e-01 4.663101732730865479e-01
2.564129829406738281e-01 -9.821677803993225098e-01 -3.988655209541320801e-01 8.452199697494506836e-01
4.105979502201080322e-01 1.482369005680084229e-01 -5.261685252189636230e-01 -7.724791020154953003e-02
7.505118101835250854e-02 -6.105357035994529724e-02 6.136787589639425278e-03 -8.567654341459274292e-02
4.964515864849090576e-01 5.686967968940734863e-01 -1.429919451475143433e-01 1.080805957317352295e-01
-2.899423986673355103e-02 1.649410426616668701e-01 -7.844818383455276489e-02 -2.068072706460952759e-01
-4.616936743259429932e-01 -3.655805289745330811e-01 -1.301005929708480835e-01 -1.820263713598251343e-01
-3.107903301715850830e-01 2.243419885635375977e-01 -5.549556016921997070e-01 -4.973643720149993896e-01
-1.243027672171592712e-01 -3.048784136772155762e-01 -6.009386777877807617e-01 -4.542423784732818604e-01
-1.763977259397506714e-01 8.887372165918350220e-02 7.141019403934478760e-02 -1.438154727220535278e-01
2.623627893626689911e-02 -2.166969180107116699e-01 3.097334206104278564e-01 -8.679310679435729980e-01
5.855616331100463867e-01 -7.300796508789062500e-01 -4.411648213863372803e-01 3.972450792789459229e-01
-2.205325961112976074e-01 2.214896976947784424e-01 1.833469420671463013e-01 -1.493774652481079102e-01
-1.399315148591995239e-01 1.334800124168395996e-01 2.282220572233200073e-01 -7.068449258804321289e-02
2.833745479583740234e-01 2.531736902892589569e-02 -9.281883388757705688e-02 -1.929057240486145020e-01
2.652441859245300293e-01 -2.905290015041828156e-02 1.375397443771362305e-01 -1.560875624418258667e-01
-3.795891106128692627e-01 2.025915980339050293e-01 3.955221176147460938e-01 -1.574938297271728516e-01
7.247852087020874023e-01 2.726958096027374268e-01 -1.866369992494583130e-01 1.255149245262145996e-01
7.168599963188171387e-01 -2.209123522043228149e-01 -4.248745441436767578e-01 -3.427826166152954102e-01
-6.877626776695251465e-01 4.644484817981719971e-01 2.963729798793792725e-01 2.869533188641071320e-02
-1.055731549859046936e-01 -5.055794119834899902e-01 2.471403330564498901e-01 -1.288263052701950073e-01
3.419182896614074707e-01 -5.984035134315490723e-01 -6.147649884223937988e-01 -5.750188976526260376e-02
3.100535273551940918e-01 -4.391564428806304932e-01 -6.388828158378601074e-01 4.204885363578796387e-01
7.408471703529357910e-01 2.855791747570037842e-01 9.156959652900695801e-01 -4.161427021026611328e-01
4.783584773540496826e-01 -4.280672073364257812e-01 -3.273817598819732666e-01 -1.263873130083084106e-01
7.861062139272689819e-02 1.681084483861923218e-01 7.440294325351715088e-02 -1.040897890925407410e-02
6.257652044296264648e-01 -5.666264891624450684e-01 5.075524374842643738e-02 -3.018100000917911530e-02
-1.931618154048919678e-01 3.269493579864501953e-01 3.870303332805633545e-01 -2.837052047252655029e-01
8.496559262275695801e-01 -1.751347631216049194e-01 -5.626536607742309570e-01 -5.687996745109558105e-01
3.576178252696990967e-01 4.340464994311332703e-02 -2.999639213085174561e-01 5.024279952049255371e-01
-4.246198832988739014e-01 -1.409318111836910248e-02 3.136400878429412842e-01 -1.037523746490478516e-01
-1.755600124597549438e-01 -6.171085834503173828e-01 -8.696482330560684204e-02 6.572883576154708862e-02
2.306545227766036987e-01 1.744987964630126953e-01 -6.833438277244567871e-01 2.256714552640914917e-01
3.824985921382904053e-01 -9.198610670864582062e-03 4.690607488155364990e-01 -2.289727032184600830e-01
-6.839054822921752930e-01 4.968542233109474182e-02 7.914276421070098877e-02 2.842015922069549561e-01
4.440820515155792236e-01 -2.788726985454559326e-01 1.906426250934600830e-02 -2.599940001964569092e-01
1.819692105054855347e-01 9.715968370437622070e-02 -5.581324547529220581e-02 -1.624374836683273315e-01
-1.605958305299282074e-02 2.461722679436206818e-02 2.387054562568664551e-01 -1.830437481403350830e-01
-1.052676886320114136e-01 -6.736518442630767822e-02 4.283058643341064453e-02 -2.334640771150588989e-01
2.287604659795761108e-01 -9.315344691276550293e-02 -1.062837764620780945e-01 -2.059986293315887451e-01
-8.357858657836914062e-01 -1.700051724910736084e-01 3.807343244552612305e-01 -8.155447989702224731e-02
-2.442249506711959839e-01 -4.395398870110511780e-02 2.269724570214748383e-02 -3.174932599067687988e-01
-2.244529426097869873e-01 3.955947756767272949e-01 -1.116175726056098938e-01 -4.347880482673645020e-01
-6.564593315124511719e-01 -2.576924860477447510e-02 2.662487328052520752e-01 8.418385386466979980e-01
3.759494423866271973e-01 -4.858171939849853516e-01 -6.650200486183166504e-01 -2.364623732864856720e-02
-2.151986658573150635e-01 -3.842677175998687744e-01 4.996060742996633053e-04 1.921917684376239777e-02
6.431483626365661621e-01 1.934088021516799927e-01 -5.832185223698616028e-02 3.727555572986602783e-01
-1.762852519750595093e-01 -6.553730368614196777e-01 4.208551943302154541e-01 -2.207427769899368286e-01
-2.688415944576263428e-01 1.662792451679706573e-02 3.454149663448333740e-01 1.673799455165863037e-01
6.712220311164855957e-01 -1.900217086076736450e-01 7.227288484573364258e-01 -2.485461384057998657e-01
-2.887072563171386719e-01 -3.251657634973526001e-02 -1.754692643880844116e-01 4.408974200487136841e-02
-8.401939272880554199e-01 -4.969259202480316162e-01 -6.776084005832672119e-02 -4.755430221557617188e-01
7.104341387748718262e-01 2.202893421053886414e-02 -3.542633652687072754e-01 -8.243778944015502930e-01
1.820541769266128540e-01 2.958039045333862305e-01 -2.825793623924255371e-01 9.044285118579864502e-02
-7.102468609809875488e-01 -7.234349846839904785e-01 2.685034573078155518e-01 -9.503700137138366699e-01
-3.043271899223327637e-01 -6.351837515830993652e-01 -6.982649564743041992e-01 -9.247343540191650391e-01
-4.024776518344879150e-01 -8.974776417016983032e-02 6.076375022530555725e-02 9.428329765796661377e-02
5.705704092979431152e-01 -2.334583848714828491e-01 -4.523346126079559326e-01 -1.202329844236373901e-01
-6.213631033897399902e-01 -3.639414906501770020e-01 8.587897568941116333e-02 -4.036400318145751953e-01
-9.739031791687011719e-01 -4.620265960693359375e-01 -7.773409485816955566e-01 8.733951449394226074e-01
-7.906986474990844727e-01 -6.806249022483825684e-01 1.634671986103057861e-01 -9.743860960006713867e-01
4.042866826057434082e-01 9.654973745346069336e-01 2.980645895004272461e-01 -3.348374962806701660e-01
7.112028598785400391e-01 -3.057700693607330322e-01 -2.565487921237945557e-01 -5.076161026954650879e-01
-1.840820610523223877e-01 1.864264905452728271e-02 2.121790945529937744e-01 -2.720327675342559814e-01
-4.128115475177764893e-01 4.219314754009246826e-01 8.662306070327758789e-01 -5.834737420082092285e-01
-3.358125686645507812e-04 -4.783410206437110901e-02 -8.997907042503356934e-01 -3.014315366744995117e-01
9.664732217788696289e-02 5.472260341048240662e-02 -1.604035347700119019e-01 -2.507129013538360596e-01
-7.271137237548828125e-01 5.518484711647033691e-01 6.142738461494445801e-01 4.214071929454803467e-01
1.566525250673294067e-01 8.390980958938598633e-02 4.061114490032196045e-01 -3.741461634635925293e-01
5.991424322128295898e-01 4.130605459213256836e-01 -3.077242374420166016e-01 8.239471912384033203e-02
-3.209209144115447998e-01 4.464926719665527344e-01 1.618332564830780029e-01 -1.542289257049560547e-01
-5.256530046463012695e-01 5.350576639175415039e-01 6.678845286369323730e-01 -4.417392909526824951e-01
3.927709758281707764e-01 -1.762327551841735840e-01 -3.339932262897491455e-01 5.617275238037109375e-01
-2.953799366950988770e-01 4.970405995845794678e-01 -2.859390676021575928e-01 -7.199913263320922852e-01
1.231587976217269897e-01 3.287640213966369629e-01 3.588225841522216797e-01 1.418308466672897339e-01
-5.330259352922439575e-02 7.730210665613412857e-03 3.425336778163909912e-01 -3.129987120628356934e-01
3.000943064689636230e-01 3.618865311145782471e-01 -2.421025931835174561e-01 9.881377220153808594e-01
-5.930319428443908691e-01 -3.925652205944061279e-01 4.436346292495727539e-01 4.098068177700042725e-01
9.662833809852600098e-01 -1.396746784448623657e-01 -5.831413865089416504e-01 -5.698764920234680176e-01
-5.989247560501098633e-01 -2.085748314857482910e-01 -4.128351807594299316e-01 -3.387804329395294189e-01
2.248145341873168945e-01 -3.120291233062744141e-02 -3.393054306507110596e-01 -1.655531525611877441e-01
3.582929074764251709e-01 1.488052159547805786e-01 -5.390228629112243652e-01 1.069399267435073853e-01
-2.013923674821853638e-01 9.802283346652984619e-02 2.014782428741455078e-01 -1.219790130853652954e-01
-2.468754947185516357e-01 -6.628898531198501587e-02 1.363160759210586548e-01 -1.981598557904362679e-03
-5.533165335655212402e-01 4.618715047836303711e-01 9.524525403976440430e-01 4.975302517414093018e-01
-7.669959962368011475e-02 1.965164393186569214e-01 2.615332603454589844e-01 1.695866286754608154e-01
9.192974120378494263e-02 -9.734664559364318848e-01 3.659931123256683350e-01 -3.290313184261322021e-01
8.257527351379394531e-01 -2.925195395946502686e-01 -5.372937321662902832e-01 -5.963447690010070801e-01
3.927331268787384033e-01 2.532499134540557861e-01 6.488563418388366699e-01 -3.007470667362213135e-01
-4.614469781517982483e-02 1.023809015750885010e-01 -2.076560109853744507e-01 -3.002962330356240273e-03
-5.941033959388732910e-01 -1.345524191856384277e-01 9.420097619295120239e-02 -3.139072284102439880e-02
1.629285663366317749e-01 -3.496391773223876953e-01 -6.435906887054443359e-01 -1.564185470342636108e-01
-2.048221826553344727e-01 3.661426007747650146e-01 4.894053339958190918e-01 4.036503434181213379e-01
5.986571311950683594e-01 -1.376417279243469238e-01 -3.916006386280059814e-01 -3.086563348770141602e-01
5.435001254081726074e-01 -1.944440603256225586e-01 -7.945443689823150635e-02 -2.200694829225540161e-01
2.317965328693389893e-01 -3.153786659240722656e-01 -3.563577532768249512e-01 2.187018096446990967e-01
8.198682069778442383e-01 5.856589078903198242e-01 9.532548785209655762e-01 -9.897958040237426758e-01
6.630030274391174316e-01 -2.995510399341583252e-01 -2.733599543571472168e-01 -7.379593253135681152e-01
-5.268049240112304688e-02 1.595703959465026855e-01 1.350028663873672485e-01 -5.205408856272697449e-02
-9.558216482400894165e-02 -9.797026216983795166e-02 -3.092631697654724121e-01 2.244882583618164062e-01
-2.975506484508514404e-01 -4.739492014050483704e-02 -6.445365548133850098e-01 -4.610284864902496338e-01
-5.711258202791213989e-02 2.390585541725158691e-01 1.361102759838104248e-01 -8.910321444272994995e-02
1.743211150169372559e-01 -1.042118817567825317e-01 2.224008589982986450e-01 -1.105527505278587341e-01
5.120268464088439941e-01 2.072291821241378784e-01 1.743729263544082642e-01 1.063897311687469482e-01
-1.587426811456680298e-01 -2.743354439735412598e-02 2.663867771625518799e-01 -6.875451207160949707e-01
4.474672079086303711e-01 2.532807588577270508e-01 -1.357840001583099365e-01 -1.045083105564117432e-01
5.094912052154541016e-01 -4.146150946617126465e-01 -3.011335246264934540e-02 -2.688609063625335693e-01
7.405592799186706543e-01 1.364335268735885620e-01 -2.000405192375183105e-01 -1.028326675295829773e-01
-3.027394115924835205e-01 -7.733512669801712036e-02 -9.413877129554748535e-02 3.061602711677551270e-01
7.251807451248168945e-01 -5.256670713424682617e-01 1.486752182245254517e-02 5.941507592797279358e-02
-3.588057458400726318e-01 8.797364830970764160e-01 9.499599933624267578e-01 4.455418288707733154e-01
1.236009970307350159e-01 2.458163909614086151e-02 -1.113894209265708923e-01 -1.431007236242294312e-01
-7.839924693107604980e-01 -4.450793564319610596e-01 1.422684192657470703e-01 -2.638755440711975098e-01
3.277212083339691162e-01 8.845471143722534180e-01 -4.933270514011383057e-01 4.164558947086334229e-01
8.078811317682266235e-02 1.888977140188217163e-01 1.200666800141334534e-01 -5.570385232567787170e-02
-3.800104260444641113e-01 3.734190165996551514e-01 5.642858147621154785e-01 -2.900575697422027588e-01
2.499680370092391968e-01 -9.352356940507888794e-02 -6.933504343032836914e-02 -4.742452204227447510e-01
-2.731127142906188965e-01 -2.570088803768157959e-01 3.895537555217742920e-01 -1.829106360673904419e-01
-9.045308083295822144e-02 1.028503626585006714e-01 -4.894644021987915039e-03 -1.466175913810729980e-01
-9.377345442771911621e-01 -2.020082920789718628e-01 -3.809480965137481689e-01 2.481924444437026978e-01
-6.597353219985961914e-01 1.803892105817794800e-01 -5.260387808084487915e-02 6.612707376480102539e-01
9.667270630598068237e-02 -3.015498518943786621e-01 4.455683529376983643e-01 2.117287553846836090e-02
9.737700968980789185e-02 6.821361184120178223e-02 -6.198264285922050476e-02 -1.899046152830123901e-01
7.363331317901611328e-02 1.749754138290882111e-02 1.012176796793937683e-01 3.705680072307586670e-01
3.053846061229705811e-01 4.670734405517578125e-01 -1.466270983219146729e-01 -5.484519600868225098e-01
-4.315683543682098389e-01 1.909423768520355225e-01 4.278428554534912109e-01 2.042376063764095306e-02
1.221682354807853699e-01 -4.125084728002548218e-02 -2.959013171494007111e-02 -2.156108319759368896e-01
4.420717060565948486e-01 -3.104428350925445557e-01 -2.057821899652481079e-01 2.258884310722351074e-01
5.826170444488525391e-01 -6.969328522682189941e-01 2.284825406968593597e-02 -4.456439912319183350e-01
1.117578968405723572e-01 -5.219444632530212402e-01 -7.894765585660934448e-02 1.042660027742385864e-01
-6.391820311546325684e-01 -3.286947011947631836e-01 -4.779525697231292725e-01 1.193069145083427429e-01
3.489512503147125244e-01 3.787091374397277832e-02 5.500962585210800171e-02 -4.364067316055297852e-01
1.311720162630081177e-01 1.647764258086681366e-02 -2.498492896556854248e-01 2.479855343699455261e-02
-2.638490498065948486e-02 4.403593838214874268e-01 9.435014426708221436e-02 -7.160304188728332520e-01
-6.714346259832382202e-02 9.177193790674209595e-02 2.544722855091094971e-01 -1.475352644920349121e-01
4.227918386459350586e-01 7.449163198471069336e-01 -2.366441488265991211e-01 -4.303312301635742188e-01
3.562873005867004395e-01 -3.746204972267150879e-01 8.336648941040039062e-01 -4.854131340980529785e-01
-2.274151658639311790e-03 -1.616927236318588257e-01 4.499717950820922852e-01 9.095709323883056641e-01
3.459153771400451660e-01 -9.034792184829711914e-01 -7.790408730506896973e-01 -1.395242288708686829e-02
-1.517019420862197876e-01 -1.622427254915237427e-02 -1.392264962196350098e-01 -1.380110979080200195e-01
2.005801796913146973e-01 4.961509723216295242e-03 -3.377841114997863770e-01 -2.453463524580001831e-02
-5.865205526351928711e-01 -2.370568811893463135e-01 -8.898477256298065186e-02 -4.923202693462371826e-01
-4.079119265079498291e-01 -3.148967623710632324e-01 3.964953422546386719e-01 -2.846912145614624023e-01
5.625872686505317688e-02 -1.747583895921707153e-01 -4.288369417190551758e-02 -2.734927833080291748e-01
-2.252288013696670532e-01 1.328752785921096802e-01 5.964985489845275879e-02 3.315246999263763428e-01
-7.022866606712341309e-01 8.508148193359375000e-01 4.692673981189727783e-01 -5.638210177421569824e-01
2.780863642692565918e-01 -1.226709317415952682e-02 -7.751647233963012695e-01 1.022057309746742249e-01
5.976844429969787598e-01 1.155422329902648926e-01 -1.620375663042068481e-01 2.060798406600952148e-01
-4.145191907882690430e-01 -1.945478618144989014e-01 -1.343581080436706543e-01 -3.729290664196014404e-01
2.118176519870758057e-01 -2.244373708963394165e-01 -3.798886537551879883e-01 1.992675960063934326e-01
1.393394470214843750e-01 -8.461375236511230469e-01 -6.073604226112365723e-01 6.871032118797302246e-01
-4.776105284690856934e-01 1.428349465131759644e-01 3.545034825801849365e-01 1.387689411640167236e-01
3.451037406921386719e-02 -4.916105866432189941e-01 -3.127301931381225586e-01 -1.730607300996780396e-01
-6.978596746921539307e-02 1.171501800417900085e-01 1.137377172708511353e-01 -2.202497869729995728e-01
1.010925844311714172e-01 -3.252162039279937744e-01 -2.081595808267593384e-01 3.903752565383911133e-02
-1.380673646926879883e-01 7.630649209022521973e-02 5.938649177551269531e-01 -2.290060222148895264e-01
-3.917331099510192871e-01 -1.351335346698760986e-01 1.239716634154319763e-01 -1.886166632175445557e-01
2.394016087055206299e-02 -4.860160350799560547e-01 -2.434845566749572754e-01 9.925878643989562988e-01
-6.200150251388549805e-01 1.014669835567474365e-01 -2.410268783569335938e-01 -1.561494916677474976e-01
-1.199596002697944641e-01 1.049426570534706116e-01 5.059175193309783936e-02 -8.062168210744857788e-02
7.508664131164550781e-01 6.154592037200927734e-01 -5.688621401786804199e-01 -4.262521564960479736e-01
-3.021917305886745453e-02 2.008257061243057251e-01 -2.174889892339706421e-01 -4.228414893150329590e-01
-3.332398831844329834e-01 9.158954620361328125e-01 -6.499292254447937012e-01 1.362679004669189453e-01
-6.879042368382215500e-03 -9.359920397400856018e-03 6.274641305208206177e-02 -7.893243432044982910e-02
2.021455019712448120e-01 -1.691538244485855103e-01 7.837205529212951660e-01 -5.266845226287841797e-01
3.061607182025909424e-01 -6.729770898818969727e-01 -4.272517263889312744e-01 -8.120669424533843994e-02
-4.213312268257141113e-01 2.189609408378601074e-01 -2.463424503803253174e-01 -2.533716857433319092e-01
-1.707653254270553589e-01 -7.525079697370529175e-02 2.841543555259704590e-01 -2.531639933586120605e-01
-1.378675363957881927e-02 2.145761400461196899e-01 1.006192117929458618e-01 -3.641765937209129333e-02
6.746925115585327148e-01 -3.974862098693847656e-01 -3.313139081001281738e-02 -2.428503036499023438e-01
-3.950666263699531555e-02 -8.463566750288009644e-02 1.159370765089988708e-01 -1.743222177028656006e-01
4.759441316127777100e-02 -7.521094083786010742e-01 -5.672080516815185547e-01 8.385593295097351074e-01
9.128620028495788574e-01 4.667623639106750488e-01 6.604176759719848633e-01 -9.698750376701354980e-01
2.293807268142700195e-01 7.343373298645019531e-01 -1.787841469049453735e-01 3.849589228630065918e-01
4.398579895496368408e-01 -3.230037987232208252e-01 -5.675089359283447266e-01 2.625074088573455811e-01
-1.663938462734222412e-01 -8.598270416259765625e-01 2.948582172393798828e-01 -5.776678323745727539e-01
8.728655576705932617e-01 1.310810446739196777e-01 -4.318450987339019775e-01 -2.441529780626296997e-01
-1.768623143434524536e-01 4.378006756305694580e-01 6.377272009849548340e-01 -3.226255476474761963e-01
-5.566414594650268555e-01 -2.287303358316421509e-01 4.583632946014404297e-01 -2.170343846082687378e-01
-1.184348240494728088e-01 -5.870874524116516113e-01 -9.080170392990112305e-01 -8.138820528984069824e-01
4.275898635387420654e-01 -1.426632255315780640e-01 -5.707644820213317871e-01 -2.378553301095962524e-01
-2.211298495531082153e-01 -7.527035474777221680e-02 9.384284913539886475e-02 -8.492610603570938110e-02
-6.430779695510864258e-01 -4.146033525466918945e-02 4.806916117668151855e-01 -2.351701557636260986e-01
-4.275130927562713623e-01 1.535968333482742310e-01 2.585268616676330566e-01 -5.076183676719665527e-01
4.281247258186340332e-01 -9.454324841499328613e-02 -1.609190404415130615e-01 5.762438178062438965e-01
-9.423112869262695312e-01 8.086678385734558105e-01 3.395510613918304443e-01 9.185274839401245117e-01
-1.541039347648620605e-01 -1.273255795240402222e-01 -1.782331764698028564e-01 1.733106970787048340e-01
-8.982510566711425781e-01 -2.880218327045440674e-01 -9.731546044349670410e-02 -5.964869260787963867e-01
3.266019001603126526e-02 -4.283447563648223877e-01 -7.661510258913040161e-02 -1.158102154731750488e-01
-4.889526367187500000e-01 8.095459938049316406e-01 -1.251424401998519897e-01 3.356043100357055664e-01
5.897480845451354980e-01 -6.994805335998535156e-01 -2.564856968820095062e-02 -1.332026571035385132e-01
-3.102930784225463867e-01 6.111054867506027222e-02 5.090511441230773926e-01 -2.237572222948074341e-01
7.197022438049316406e-01 -2.149377167224884033e-01 7.854905128479003906e-01 -5.653497576713562012e-02
-1.902793645858764648e-01 -2.476339340209960938e-01 9.883285760879516602e-01 6.337170004844665527e-01
2.583816647529602051e-02 3.085792064666748047e-01 -1.847176253795623779e-02 -2.942207455635070801e-02
6.850342750549316406e-01 6.351257562637329102e-01 6.253837943077087402e-01 7.876845598220825195e-01
-3.803324997425079346e-01 -1.689678579568862915e-01 1.027967557311058044e-01 -2.082735113799571991e-02
2.011218667030334473e-02 -1.793104261159896851e-01 -2.012658417224884033e-01 3.032819926738739014e-01
-4.244740009307861328e-01 6.694689393043518066e-01 -3.739660382270812988e-01 -2.545128762722015381e-02
-4.707901179790496826e-01 1.157780364155769348e-02 -5.052076280117034912e-02 6.470142602920532227e-01
5.377134680747985840e-01 -7.813276648521423340e-01 -5.271696448326110840e-01 -5.978933721780776978e-02
-3.806469142436981201e-01 8.613290637731552124e-02 2.794864177703857422e-01 4.922912716865539551e-01
-5.545719712972640991e-02 -8.394375443458557129e-02 1.880694627761840820e-01 -3.020379841327667236e-01
-6.522834300994873047e-02 -5.935858935117721558e-02 4.694440364837646484e-01 -1.179737001657485962e-01
6.491082906723022461e-01 6.736253947019577026e-02 -5.513003468513488770e-01 -3.529567122459411621e-01
-1.095355153083801270e-01 2.705028057098388672e-01 6.226697470992803574e-03 1.915485560894012451e-01
9.138907194137573242e-01 2.115013003349304199e-01 9.951448440551757812e-01 -4.521024525165557861e-01
1.019430533051490784e-01 -1.601366251707077026e-01 3.397039324045181274e-02 5.328253284096717834e-02
-8.695192933082580566e-01 6.904261708259582520e-01 -4.143896102905273438e-01 -9.761273860931396484e-01
9.529005885124206543e-01 7.932061553001403809e-01 -1.192092895507812500e-06 -7.703201174736022949e-01
-3.276888430118560791e-01 3.970365822315216064e-01 -4.736057817935943604e-01 5.819045305252075195e-01
-2.837193608283996582e-01 -1.379081308841705322e-01 1.676519960165023804e-01 3.545883297920227051e-02
7.902107834815979004e-01 -1.014330610632896423e-01 -5.678972005844116211e-01 -2.758029699325561523e-01
-7.332657575607299805e-01 -2.105602473020553589e-01 3.573793172836303711e-01 -1.580489724874496460e-01
-3.495674952864646912e-02 2.447116561233997345e-02 -3.321935236454010010e-02 3.483901917934417725e-01
-1.071171388030052185e-01 -4.144654273986816406e-01 -4.149722680449485779e-02 -3.949859440326690674e-01
-3.183668851852416992e-01 -4.382141828536987305e-01 3.341765999794006348e-01 -2.980776429176330566e-01
-2.537164837121963501e-02 2.578646317124366760e-02 -1.032176613807678223e-01 -2.814981341361999512e-01
9.865590929985046387e-02 3.907085061073303223e-01 2.944879233837127686e-01 -1.919127851724624634e-01
4.327959716320037842e-01 -1.648368984460830688e-01 -1.820801198482513428e-01 2.328987978398799896e-02
6.720482110977172852e-01 -7.343946397304534912e-02 9.574592113494873047e-01 -7.876889109611511230e-01
-2.580448389053344727e-01 4.547525644302368164e-01 3.559010624885559082e-01 -3.829637914896011353e-02
4.891276061534881592e-01 -4.152300655841827393e-01 -2.806469500064849854e-01 2.069928199052810669e-01
7.768480181694030762e-01 -5.348163843154907227e-01 9.892689585685729980e-01 5.258218050003051758e-01
2.427475154399871826e-01 -8.285809308290481567e-03 -4.876111075282096863e-02 -2.157961279153823853e-01
-5.018900632858276367e-01 3.162686526775360107e-01 7.013952136039733887e-01 -1.105673164129257202e-01
-3.640369474887847900e-01 2.979734838008880615e-01 2.135880291461944580e-01 -1.551623344421386719e-01
1.192863509058952332e-01 -4.060221612453460693e-01 -1.138964220881462097e-01 4.472155496478080750e-02
6.838980913162231445e-01 -5.993857383728027344e-01 -2.617052197456359863e-01 -1.095772832632064819e-01
2.005381584167480469e-01 8.313975334167480469e-01 -6.220454573631286621e-01 1.964322179555892944e-01
2.398830354213714600e-01 -9.332930296659469604e-02 -5.827769055031239986e-04 -9.418077021837234497e-02
5.217552185058593750e-01 -6.367605924606323242e-01 -5.697527527809143066e-01 8.179090917110443115e-02
-3.487682342529296875e-01 8.448677510023117065e-02 6.015805006027221680e-01 5.666209459304809570e-01
-1.649554222822189331e-01 -8.828707784414291382e-02 3.603226738050580025e-03 -3.144425451755523682e-01
8.108485341072082520e-01 4.782378382515162230e-04 -5.545465946197509766e-01 -2.415928393602371216e-01
-2.314832210540771484e-01 4.931313991546630859e-01 -4.448206424713134766e-01 4.224258065223693848e-01
-6.660587340593338013e-02 -3.023650646209716797e-01 1.917961239814758301e-01 -6.491918861865997314e-02
9.467388689517974854e-02 -3.469154834747314453e-01 -1.813950538635253906e-01 8.728044107556343079e-03
-4.924934506416320801e-01 6.445441246032714844e-01 6.099699139595031738e-01 2.323324233293533325e-01
-3.824864327907562256e-01 1.963887363672256470e-02 4.715607464313507080e-01 2.776433527469635010e-02
2.859875261783599854e-01 1.702560186386108398e-01 -6.520298719406127930e-01 9.984274506568908691e-01
2.033306360244750977e-01 -6.072757840156555176e-01 -2.276581227779388428e-01 1.950296610593795776e-01
-2.951745092868804932e-01 -1.310699135065078735e-01 6.839127540588378906e-01 -4.424133338034152985e-03
6.793382167816162109e-01 -8.189727663993835449e-01 -3.949977159500122070e-01 2.678854465484619141e-01
-5.423523485660552979e-02 -1.775832772254943848e-01 1.280732601881027222e-01 4.137584567070007324e-01
2.521615624427795410e-01 -6.337781548500061035e-01 -2.225577384233474731e-01 2.326380461454391479e-01
-4.754840731620788574e-01 1.782580018043518066e-01 9.723930060863494873e-02 -2.702271342277526855e-01
-8.293294161558151245e-02 -2.615934014320373535e-01 -4.639456868171691895e-01 1.319232136011123657e-01
3.077844679355621338e-01 2.671684697270393372e-02 1.603465899825096130e-02 -1.653215661644935608e-02
-8.306815624237060547e-01 -3.750318288803100586e-01 9.304225444793701172e-02 -6.105738878250122070e-01
2.497407048940658569e-01 9.370220899581909180e-01 -1.887421458959579468e-01 -7.167823314666748047e-01
3.961012661457061768e-01 -5.834806561470031738e-01 5.466793105006217957e-02 -2.102857381105422974e-01
7.804280146956443787e-03 -1.989162117242813110e-01 -5.740163922309875488e-01 -3.354962170124053955e-01
1.109241545200347900e-01 1.708139032125473022e-01 -1.495080292224884033e-01 -1.935902982950210571e-01
1.989584267139434814e-01 -1.230944022536277771e-01 -1.961350291967391968e-01 3.500270843505859375e-02
1.299304068088531494e-01 -2.090974301099777222e-01 -3.192679584026336670e-01 1.106151863932609558e-01
3.649060726165771484e-01 -4.618476629257202148e-01 -4.175615310668945312e-01 1.423334181308746338e-01
3.478901833295822144e-02 3.693083524703979492e-01 -2.259088903665542603e-01 -2.197419106960296631e-01
8.940423727035522461e-01 2.533587813377380371e-01 -2.165372669696807861e-01 -1.749696023762226105e-02
7.152476906776428223e-01 3.870244622230529785e-01 1.835911870002746582e-01 4.118608534336090088e-01
3.492305427789688110e-02 2.410276532173156738e-01 -1.227559745311737061e-01 2.114714980125427246e-01
-2.341466099023818970e-01 2.066369801759719849e-01 3.917739689350128174e-01 1.783292591571807861e-01
3.059050813317298889e-02 -3.509941697120666504e-01 -6.877674162387847900e-02 6.210047006607055664e-01
9.517729282379150391e-02 1.604488343000411987e-01 -1.819453686475753784e-01 -5.037226676940917969e-01
6.506485939025878906e-01 -7.307706475257873535e-01 2.283271588385105133e-02 -9.972478449344635010e-02
5.006940364837646484e-01 -6.582708358764648438e-01 9.742226600646972656e-01 6.518959999084472656e-01
3.960712850093841553e-01 1.054807677865028381e-01 4.799621179699897766e-02 1.947559118270874023e-01
-7.273063808679580688e-02 3.692179620265960693e-01 1.658687293529510498e-01 -2.026668190956115723e-01
-4.020849764347076416e-01 5.411810707300901413e-03 3.724836111068725586e-01 -3.447213172912597656e-01
-2.126407921314239502e-01 -2.296702861785888672e-01 7.986617833375930786e-02 -9.385310113430023193e-03
-3.563300073146820068e-01 3.142977356910705566e-01 4.058605432510375977e-01 -1.248452067375183105e-01
6.908391714096069336e-01 -1.139903962612152100e-01 4.305022358894348145e-01 -7.918453812599182129e-01
-2.708676755428314209e-01 3.235875070095062256e-01 4.362715184688568115e-01 -1.069094091653823853e-01
-7.459565997123718262e-01 8.658924102783203125e-01 -7.602958679199218750e-01 -1.576418280601501465e-01
-2.354028671979904175e-01 -3.405747413635253906e-01 2.691980898380279541e-01 -4.476091563701629639e-01
-9.426120519638061523e-01 -5.976313352584838867e-01 -1.536742448806762695e-01 -2.980028688907623291e-01
-5.351195335388183594e-01 8.433324098587036133e-01 7.802013158798217773e-01 -5.551819205284118652e-01
1.030323505401611328e-01 1.855010092258453369e-01 2.514994740486145020e-01 -6.963269114494323730e-01
4.392622411251068115e-01 -9.036659598350524902e-01 -9.203014969825744629e-01 5.397360920906066895e-01
-1.745226383209228516e-01 5.613463744521141052e-02 1.097088530659675598e-01 -1.598140597343444824e-01
3.640575110912322998e-01 -5.903163552284240723e-01 2.320833504199981689e-01 -4.429187476634979248e-01
7.323154211044311523e-01 3.214547038078308105e-01 -1.768239736557006836e-01 4.206941723823547363e-01
-4.973399341106414795e-01 -1.152645871043205261e-01 1.468323916196823120e-01 1.808378100395202637e-01
-2.905310094356536865e-01 -1.425399482250213623e-01 6.646547466516494751e-02 -1.247866153717041016e-01
2.349582016468048096e-01 7.710362076759338379e-01 -8.543401211500167847e-02 4.916229248046875000e-01
4.761623144149780273e-01 -5.535503625869750977e-01 -5.910623669624328613e-01 -4.099083244800567627e-01
4.892802238464355469e-01 -8.905458450317382812e-01 -3.541219532489776611e-01 5.805454850196838379e-01
-1.506561189889907837e-01 8.780905008316040039e-01 -9.583985209465026855e-01 -8.803972005844116211e-01
9.023939818143844604e-02 -2.527759373188018799e-01 -1.921773105859756470e-01 6.618886440992355347e-02
-6.372389793395996094e-01 2.232798188924789429e-01 -6.103858351707458496e-01 1.755982041358947754e-01
1.531491428613662720e-01 -1.721952706575393677e-01 -6.874572485685348511e-02 -5.055262893438339233e-02
-5.121710896492004395e-01 2.143134325742721558e-01 1.724932938814163208e-01 8.044872879981994629e-01
6.873565316200256348e-01 2.452783435583114624e-01 -2.787018716335296631e-01 4.399539437144994736e-03
-3.245660662651062012e-01 -2.090219855308532715e-01 2.689251601696014404e-01 -8.985576778650283813e-02
-2.713914811611175537e-01 9.840971231460571289e-02 1.529885381460189819e-01 3.606159687042236328e-01
2.740824222564697266e-01 1.011641398072242737e-01 -6.349577903747558594e-01 -1.367607414722442627e-01
-2.724999189376831055e-01 3.018253147602081299e-01 -4.792554080486297607e-01 2.428460866212844849e-01
-8.302125930786132812e-01 -4.390071034431457520e-01 -2.093720734119415283e-01 -2.809168696403503418e-01
3.055402338504791260e-01 1.016960516571998596e-01 3.483643233776092529e-01 2.924647331237792969e-01
4.279246926307678223e-01 1.502578854560852051e-01 -4.306266605854034424e-01 7.450520247220993042e-02
2.512354254722595215e-01 2.208251804113388062e-01 -7.125855088233947754e-01 -4.526899456977844238e-01
6.273562908172607422e-01 2.975127100944519043e-01 -2.046769559383392334e-01 2.920375466346740723e-01
7.912091165781021118e-02 8.949133753776550293e-02 1.503115892410278320e-02 -2.765926346182823181e-02
-1.729563027620315552e-01 5.648111701011657715e-01 -6.472097039222717285e-01 8.143834471702575684e-01
3.001616895198822021e-01 -3.127816915512084961e-01 9.437537193298339844e-02 -7.967250794172286987e-02
-7.179715484380722046e-02 -2.394188642501831055e-01 2.507801353931427002e-01 -4.880068004131317139e-01
-7.053550481796264648e-01 -2.709150612354278564e-01 -1.151449605822563171e-01 -2.335230410099029541e-01
4.208213388919830322e-01 -5.463156700134277344e-01 -4.323238134384155273e-01 2.879368960857391357e-01
-6.001114845275878906e-01 1.605923771858215332e-01 -6.779670715332031250e-01 -6.392422914505004883e-01
-1.570829749107360840e-01 4.802697598934173584e-01 -4.936027526855468750e-01 4.989551007747650146e-01
-3.099575638771057129e-01 6.939005851745605469e-01 -2.006549835205078125e-01 4.136695563793182373e-01
-1.053802371025085449e-01 -1.406684145331382751e-02 7.265171501785516739e-03 -5.494245886802673340e-01
4.539478719234466553e-01 -2.176676243543624878e-01 -4.371737539768218994e-01 7.368963360786437988e-01
-4.986423850059509277e-01 -2.000893801450729370e-01 -1.603332757949829102e-01 6.081690192222595215e-01
-3.199868798255920410e-01 3.651129603385925293e-01 7.092171311378479004e-01 -5.786044001579284668e-01
-4.543148577213287354e-01 -1.396052539348602295e-01 -2.375120520591735840e-01 -3.024737536907196045e-01
9.577388167381286621e-01 3.431802988052368164e-01 2.669626772403717041e-01 -5.257045626640319824e-01
1.262929886579513550e-01 -1.857188045978546143e-01 2.724840939044952393e-01 -3.429938480257987976e-02
6.230430677533149719e-02 -1.607267707586288452e-01 -2.552059292793273926e-01 -2.624046802520751953e-01
-6.894510984420776367e-02 1.992461504414677620e-03 8.128710091114044189e-02 -9.020882844924926758e-02
-3.543449938297271729e-01 1.295977234840393066e-01 2.370686680078506470e-01 -4.447320699691772461e-01
-5.732396245002746582e-01 -5.177962779998779297e-01 -5.372543632984161377e-02 -7.891786098480224609e-02
1.519558876752853394e-01 -1.418000906705856323e-01 1.998572349548339844e-01 -3.161597847938537598e-01
-1.674765795469284058e-01 -3.648460507392883301e-01 -3.100485205650329590e-01 1.771693862974643707e-02
-4.969073235988616943e-01 -1.660314947366714478e-01 2.954916656017303467e-01 -1.268100738525390625e-01
3.300797939300537109e-01 3.140176236629486084e-01 6.842027902603149414e-01 -1.886333823204040527e-01
-4.101452231407165527e-01 -3.318628296256065369e-02 2.272480577230453491e-01 -2.610572986304759979e-02
-6.122316718101501465e-01 2.365687638521194458e-01 5.802879333496093750e-01 2.190001308917999268e-02
6.590503454208374023e-01 -6.647773981094360352e-01 -5.255928039550781250e-01 -6.252351403236389160e-01
5.906670093536376953e-01 7.580091953277587891e-01 1.900578439235687256e-01 -5.214446783065795898e-01
6.367160081863403320e-01 -7.942271828651428223e-01 -1.344094425439834595e-01 3.044046461582183838e-01
2.585332989692687988e-01 -1.983759999275207520e-01 -2.922128140926361084e-01 -1.854620128870010376e-01
9.242556989192962646e-02 -3.045263290405273438e-01 3.370809555053710938e-01 -4.891217648983001709e-01
-7.559306025505065918e-01 -6.517003774642944336e-01 3.311509191989898682e-01 -9.145886898040771484e-01
4.401239752769470215e-01 -1.848461925983428955e-01 2.412367761135101318e-01 -1.446296870708465576e-01
2.358344942331314087e-02 1.121010109782218933e-01 -1.617694050073623657e-01 -1.292532216757535934e-02
6.586818695068359375e-01 2.551192417740821838e-03 -1.786437034606933594e-01 4.841868877410888672e-01
8.006849884986877441e-01 -1.480086594820022583e-01 -6.027250885963439941e-01 -3.573631942272186279e-01
-7.398910522460937500e-01 -1.535628736019134521e-02 -3.969921469688415527e-01 5.448300838470458984e-01
-3.007727861404418945e-01 -1.351345796138048172e-02 4.300373494625091553e-01 3.416414558887481689e-01
4.541670382022857666e-01 -3.251963853836059570e-01 -4.601762592792510986e-01 -6.612804532051086426e-01
3.185142297297716141e-03 4.708226621150970459e-01 -3.270146846771240234e-01 6.157689094543457031e-01
-7.255024313926696777e-01 -4.405292272567749023e-01 2.375221699476242065e-01 -5.083790421485900879e-01
