-9.117875099182128906e-01 2.928306758403778076e-01 -4.021804034709930420e-01
7.345585227012634277e-01 6.296344995498657227e-01 5.041756629943847656e-01
5.313429981470108032e-02 2.789085209369659424e-01 1.157169193029403687e-01
-3.520852029323577881e-01 -1.166926026344299316e-01 2.368637025356292725e-01
-4.431551992893218994e-01 -2.762638330459594727e-01 -3.701854944229125977e-01
-6.235936284065246582e-01 1.606247723102569580e-01 2.423738501965999603e-02
1.896988004446029663e-01 -5.625085532665252686e-02 1.141734719276428223e-01
-2.519481182098388672e-01 5.781666636466979980e-01 3.608400002121925354e-02
-2.141362577676773071e-01 7.696558535099029541e-02 -6.269995868206024170e-02
5.915598273277282715e-01 8.803475499153137207e-01 3.059097006916999817e-02
-3.172654211521148682e-01 -9.511287212371826172e-01 -1.005509123206138611e-01
-5.206453800201416016e-01 -1.729701906442642212e-01 -1.284055709838867188e-01
5.363613963127136230e-01 5.770756602287292480e-01 1.084350049495697021e-01
5.298063755035400391e-01 2.919475138187408447e-01 1.441152393817901611e-01
2.122673243284225464e-01 -3.230373561382293701e-01 -3.266917765140533447e-01
-4.125209450721740723e-01 1.241535916924476624e-01 -5.417573451995849609e-01
-1.536153070628643036e-02 4.034628272056579590e-01 3.293747603893280029e-01
-9.437116980552673340e-01 3.085156679153442383e-01 -4.050268232822418213e-01
-9.167748689651489258e-02 3.013966679573059082e-01 3.188625574111938477e-01
2.625698447227478027e-01 -5.891194939613342285e-01 -5.950220674276351929e-02
-1.318597346544265747e-01 2.693871408700942993e-02 1.736799478530883789e-01
-6.942618638277053833e-02 1.753047853708267212e-01 3.129715025424957275e-01
-6.631828546524047852e-01 -2.373131662607192993e-01 -4.633162319660186768e-01
2.600200772285461426e-01 -3.470475375652313232e-01 -3.704839348793029785e-01
9.598606079816818237e-02 5.084605216979980469e-01 -1.122037097811698914e-01
-9.288262724876403809e-01 2.959470450878143311e-01 -5.129205584526062012e-01
4.614987075328826904e-01 6.711540818214416504e-01 3.316858410835266113e-01
7.780721187591552734e-01 -1.895677484571933746e-02 3.841978609561920166e-01
-8.000307716429233551e-03 3.815422058105468750e-01 6.783227622509002686e-02
-2.317524552345275879e-01 -6.221563220024108887e-01 -1.257275044918060303e-01
-7.392035424709320068e-02 8.392429351806640625e-01 -1.506582349538803101e-01
-4.944790005683898926e-01 -3.745347559452056885e-01 -2.082840502262115479e-01
-7.663120627403259277e-01 -6.582956910133361816e-01 -1.600397527217864990e-01
-1.905012726783752441e-01 -2.260528057813644409e-01 4.205959662795066833e-02
-5.282470583915710449e-01 7.501902431249618530e-02 3.019581735134124756e-01
-4.252353906631469727e-01 -5.636479854583740234e-01 1.157103925943374634e-01
7.662488222122192383e-01 4.465951025485992432e-02 5.029687881469726562e-01
-5.150889754295349121e-01 7.102088928222656250e-01 -5.165563225746154785e-01
7.466531991958618164e-01 9.626011252403259277e-01 3.796189129352569580e-01
-2.532876133918762207e-01 -4.918302297592163086e-01 1.751518547534942627e-01
7.882159352302551270e-01 -8.886815309524536133e-01 -6.933426856994628906e-01
-2.695166766643524170e-01 -4.813208878040313721e-01 -2.815849147737026215e-02
9.918560385704040527e-01 7.378578931093215942e-02 9.295405149459838867e-01
-8.359144330024719238e-01 -4.637349545955657959e-01 -6.905158609151840210e-02
6.021966338157653809e-01 8.280649185180664062e-01 4.944877028465270996e-01
-1.490532304160296917e-03 5.074161291122436523e-01 1.143179833889007568e-01
-7.227033972740173340e-01 3.086754977703094482e-01 -1.806441098451614380e-01
5.415056943893432617e-01 -7.576895952224731445e-01 3.616447746753692627e-02
-7.044744491577148438e-02 2.075672149658203125e-01 1.116482391953468323e-01
-1.511746942996978760e-01 -4.857659712433815002e-02 1.986237764358520508e-01
-4.140396118164062500e-01 -3.986311256885528564e-01 -3.310477733612060547e-02
-9.279863834381103516e-01 -2.446969449520111084e-01 6.714625954627990723e-01
1.892322152853012085e-01 3.265978395938873291e-01 -8.578268438577651978e-02
-2.232943177223205566e-01 -6.384372115135192871e-01 -1.373392790555953979e-01
-3.029361367225646973e-01 -3.603747189044952393e-01 5.251097679138183594e-01
-3.942783921957015991e-02 4.340625554323196411e-02 3.184977769851684570e-01
-5.765389204025268555e-01 -3.319977819919586182e-01 -4.577048122882843018e-01
7.000314444303512573e-02 1.832672208547592163e-01 -2.032954841852188110e-01
-1.077295541763305664e-01 -7.183691114187240601e-02 1.687473505735397339e-01
9.675219058990478516e-01 8.589450716972351074e-01 -6.058654785156250000e-01
-1.514757275581359863e-01 -1.134647801518440247e-01 -2.849754691123962402e-02
-1.891423016786575317e-01 -2.758873105049133301e-01 -6.396625041961669922e-01
1.427233666181564331e-01 2.738987207412719727e-01 9.457094222307205200e-02
-4.939301908016204834e-01 -7.207818329334259033e-02 -1.408044099807739258e-01
3.670331537723541260e-01 8.732459545135498047e-01 -3.274440765380859375e-01
-2.406902164220809937e-01 -5.651764869689941406e-01 -4.183984696865081787e-01
8.364844918251037598e-01 2.455646842718124390e-01 3.738156706094741821e-02
4.832789897918701172e-01 6.781057119369506836e-01 3.231947124004364014e-01
-3.764430582523345947e-01 -9.723097085952758789e-01 7.617308497428894043e-01
7.554209828376770020e-01 -2.870539128780364990e-01 -6.767184138298034668e-01
7.760280370712280273e-01 5.734534859657287598e-01 3.842641115188598633e-01
3.583437502384185791e-01 -7.523350119590759277e-01 -2.872797250747680664e-01
-3.636267483234405518e-01 -4.012549817562103271e-01 -2.963152155280113220e-02
-5.402724146842956543e-01 -1.299582421779632568e-01 9.938032366335391998e-03
7.073206305503845215e-01 1.265035104006528854e-02 2.511326968669891357e-01
4.469328522682189941e-01 1.506137102842330933e-01 9.455707073211669922e-01
8.229680359363555908e-02 3.093258738517761230e-01 -2.356397062540054321e-01
-9.279933571815490723e-02 7.210904955863952637e-01 1.160647794604301453e-01
-8.853651583194732666e-03 6.317048072814941406e-01 2.479945421218872070e-01
-1.805270314216613770e-01 -7.543840408325195312e-01 -4.258696138858795166e-01
-1.112440451979637146e-01 8.989244103431701660e-01 4.345205426216125488e-01
-1.142411231994628906e-01 2.792513072490692139e-01 1.372040808200836182e-01
4.898068010807037354e-01 2.098307013511657715e-01 2.362555116415023804e-01
5.438426733016967773e-01 -8.092643618583679199e-01 1.402235180139541626e-01
-1.279553025960922241e-01 9.721175432205200195e-01 4.577148854732513428e-01
-8.316556811332702637e-01 -2.167608141899108887e-01 4.536881148815155029e-01
7.003287076950073242e-01 -3.292973637580871582e-01 2.097700536251068115e-01
-8.790644407272338867e-01 2.977364361286163330e-01 -5.036377906799316406e-01
-8.206833899021148682e-02 -6.367273926734924316e-01 -3.740674629807472229e-02
-2.820098996162414551e-01 -3.807277977466583252e-01 -4.122769832611083984e-01
-5.376869440078735352e-01 -4.644666910171508789e-01 -1.158639639616012573e-01
-5.724759027361869812e-02 2.117560803890228271e-01 6.443884223699569702e-02
9.979115724563598633e-01 6.847746968269348145e-01 -8.048433661460876465e-01
2.528912723064422607e-01 6.292511224746704102e-01 -1.401834636926651001e-01
-6.976479887962341309e-01 2.466845661401748657e-01 -4.238528609275817871e-01
5.610027313232421875e-01 9.318732023239135742e-01 3.728364408016204834e-01
-1.726018935441970825e-01 6.963940858840942383e-01 -2.066493779420852661e-02
-7.194525599479675293e-01 -9.078294038772583008e-01 1.789267808198928833e-01
-5.693966150283813477e-01 -7.976205646991729736e-02 -4.002178013324737549e-01
3.933718502521514893e-01 -8.479415178298950195e-01 1.984995603561401367e-01
-2.043587267398834229e-01 -1.952679455280303955e-01 -9.483078122138977051e-01
-1.117186993360519409e-01 5.202422738075256348e-01 6.084606051445007324e-01
-9.331634044647216797e-01 -1.181193813681602478e-01 -5.675207450985908508e-02
-3.006888329982757568e-01 -6.912596225738525391e-01 4.984677135944366455e-01
5.628609061241149902e-01 8.579712510108947754e-01 -9.217866510152816772e-02
-7.011275887489318848e-01 1.891352236270904541e-01 -2.897572219371795654e-01
3.577212095260620117e-01 1.855215132236480713e-01 5.594748854637145996e-01
-1.633635908365249634e-01 -1.616216152906417847e-01 -6.555529683828353882e-02
-6.292726844549179077e-02 1.671568900346755981e-01 7.584192603826522827e-02
-5.755687952041625977e-01 1.789402216672897339e-01 -5.068881511688232422e-01
-4.036634564399719238e-01 -2.909650206565856934e-01 -2.486236393451690674e-01
-2.955705523490905762e-01 -3.928174078464508057e-01 -7.195765618234872818e-03
-4.032806754112243652e-01 -2.365150153636932373e-01 -3.123993277549743652e-01
5.890800356864929199e-01 6.933438777923583984e-01 -3.703659474849700928e-01
4.565065503120422363e-01 -9.809459447860717773e-01 -5.547088384628295898e-01
-8.512635827064514160e-01 2.367311418056488037e-01 -1.703497767448425293e-01
-2.052581310272216797e-01 -2.552054822444915771e-01 2.163044661283493042e-01
-1.002853661775588989e-01 9.191567450761795044e-02 1.606606990098953247e-01
-2.393766194581985474e-01 -4.268661141395568848e-01 -4.258130490779876709e-02
-2.849734425544738770e-01 7.717313617467880249e-02 -3.547174856066703796e-02
-7.881706207990646362e-02 3.484229743480682373e-01 3.072571009397506714e-02
-2.219844609498977661e-01 -1.788079589605331421e-01 3.962320089340209961e-01
4.722225964069366455e-01 5.106203556060791016e-01 1.605631113052368164e-01
-8.846367150545120239e-02 3.165968656539916992e-01 4.255204796791076660e-01
4.859494864940643311e-01 6.949273943901062012e-01 1.591464690864086151e-02
2.307768762111663818e-01 9.538042545318603516e-01 -3.700964152812957764e-01
2.964054346084594727e-01 -1.257522553205490112e-01 7.573902010917663574e-01
8.526692390441894531e-01 5.924324393272399902e-01 -1.262882351875305176e-01
-2.844513058662414551e-01 -4.247236549854278564e-01 -4.636447876691818237e-02
-1.120654642581939697e-01 7.673183083534240723e-02 6.510085612535476685e-02
-5.699368119239807129e-01 1.873200684785842896e-01 1.543803513050079346e-01
3.945468664169311523e-01 6.260260343551635742e-01 2.273931354284286499e-01
-2.687884569168090820e-01 -5.402913689613342285e-01 -3.821321725845336914e-01
1.832146346569061279e-01 8.933213353157043457e-01 -2.095029056072235107e-01
-5.710403919219970703e-01 -2.765088081359863281e-01 -4.051084518432617188e-01
2.084139883518218994e-01 8.376023173332214355e-01 -2.554182112216949463e-01
-6.115918233990669250e-02 7.149202823638916016e-01 3.524273931980133057e-01
-4.963488578796386719e-01 5.114458128809928894e-02 2.896650731563568115e-01
-5.388701558113098145e-01 -6.630134582519531250e-01 2.723163366317749023e-01
8.192815780639648438e-01 2.154413759708404541e-01 7.701447010040283203e-01
4.819304868578910828e-02 7.590128779411315918e-01 3.157280385494232178e-01
-3.725846707820892334e-01 3.530296087265014648e-01 -9.752524644136428833e-02
-2.986552119255065918e-01 -4.315384328365325928e-01 -3.587376177310943604e-01
-1.145933642983436584e-01 -3.392268419265747070e-01 -5.553188323974609375e-01
3.374939262866973877e-01 8.894953131675720215e-01 -6.837141513824462891e-01
-5.820431113243103027e-01 2.622578740119934082e-01 -3.799607753753662109e-01
4.675582647323608398e-01 6.840757727622985840e-01 3.148342669010162354e-01
8.280034363269805908e-02 6.237416267395019531e-01 3.704545199871063232e-01
-6.183792352676391602e-01 4.039692580699920654e-01 -2.379402369260787964e-01
3.047648966312408447e-01 6.729372739791870117e-01 8.952285349369049072e-02
6.739020347595214844e-01 6.585123538970947266e-01 3.434754908084869385e-01
9.490596652030944824e-01 -2.421221137046813965e-01 2.934629619121551514e-01
-1.094850525259971619e-01 -1.382210850715637207e-01 -8.490157872438430786e-02
3.885132074356079102e-01 9.301101565361022949e-01 1.529949307441711426e-01
-5.829742550849914551e-01 -8.090722560882568359e-01 -1.843267828226089478e-01
2.039141058921813965e-01 1.401654332876205444e-01 2.004743218421936035e-01
-2.583248913288116455e-01 -3.580279946327209473e-01 -1.736508905887603760e-01
-8.402326703071594238e-02 -7.583100199699401855e-01 -1.548980027437210083e-01
-9.807465970516204834e-02 5.819169282913208008e-01 1.286513358354568481e-01
-4.275780320167541504e-01 -2.015662044286727905e-01 -7.741398364305496216e-02
2.721332013607025146e-01 -5.655528903007507324e-01 -4.283076822757720947e-01
4.032554328441619873e-01 4.898627102375030518e-01 4.584929347038269043e-01
4.413169026374816895e-01 3.884974420070648193e-01 -6.930730938911437988e-01
4.358357489109039307e-01 7.833588123321533203e-01 1.355823278427124023e-01
9.397168159484863281e-01 7.588243484497070312e-02 8.767501115798950195e-01
1.957557946443557739e-01 6.187576055526733398e-01 2.322656512260437012e-01
3.241441845893859863e-01 -9.886041283607482910e-01 2.695167362689971924e-01
-3.951415717601776123e-01 6.569382548332214355e-01 4.149258136749267578e-01
-4.538816809654235840e-01 -1.661323457956314087e-01 -3.585901558399200439e-01
-7.984077185392379761e-02 -1.085763238370418549e-02 -9.406781941652297974e-02
2.921110987663269043e-01 2.330787330865859985e-01 1.566044986248016357e-01
-1.054603755474090576e-01 1.085700988769531250e-01 3.918818384408950806e-02
-7.719264030456542969e-01 2.237414419651031494e-01 -4.114617407321929932e-01
-7.845687270164489746e-01 -6.853533983230590820e-01 -8.425751328468322754e-02
-3.342850804328918457e-01 3.592866957187652588e-01 -1.528131514787673950e-01
3.301293849945068359e-01 -9.124922156333923340e-01 -2.382769063115119934e-02
-4.012302756309509277e-01 -8.539335131645202637e-01 6.106314063072204590e-01
-2.158364355564117432e-01 1.086638718843460083e-01 1.487919539213180542e-01
-8.109287917613983154e-02 2.177197486162185669e-01 4.562251642346382141e-02
4.508126974105834961e-01 8.004001975059509277e-01 1.108452025800943375e-02
1.781220287084579468e-01 -8.189964890480041504e-01 -9.861640334129333496e-01
-3.655552864074707031e-01 -6.543545722961425781e-01 4.760447740554809570e-01
-4.228491485118865967e-01 -6.204331517219543457e-01 4.191054701805114746e-01
3.531691431999206543e-02 -5.045208334922790527e-01 -1.334535926580429077e-01
-2.676137685775756836e-01 -7.127444148063659668e-01 -4.955259338021278381e-02
7.943932712078094482e-02 3.112743496894836426e-01 -2.487125620245933533e-02
-2.677164673805236816e-01 -5.066929459571838379e-01 -3.533858060836791992e-02
-3.584586381912231445e-01 -4.841799139976501465e-01 -2.550646066665649414e-01
-2.891237437725067139e-01 -5.146664977073669434e-01 5.402673482894897461e-01
6.312937140464782715e-01 4.970339834690093994e-01 2.406868785619735718e-01
-8.929585814476013184e-01 -6.463090777397155762e-01 -3.032171726226806641e-02
2.154813706874847412e-01 7.518209815025329590e-01 -2.289329022169113159e-01
2.730773389339447021e-01 3.324969112873077393e-01 6.808546185493469238e-02
2.874917164444923401e-02 4.269104897975921631e-01 9.669352322816848755e-02
1.191597282886505127e-01 3.122407495975494385e-01 8.364065550267696381e-03
-5.946568846702575684e-01 -6.473519206047058105e-01 -4.052231311798095703e-01
-2.596301399171352386e-02 3.207306563854217529e-01 1.081093102693557739e-01
-8.206523060798645020e-01 -5.476588010787963867e-01 -5.643967539072036743e-02
1.076004058122634888e-01 2.688237726688385010e-01 1.819051653146743774e-01
-3.445076048374176025e-01 1.710747480392456055e-01 -6.214850768446922302e-02
6.295652687549591064e-02 7.536989450454711914e-01 -1.506568193435668945e-01
-2.100197598338127136e-02 3.369109332561492920e-01 2.219386398792266846e-01
-3.134585916996002197e-01 7.208709120750427246e-01 4.184507131576538086e-01
6.704481244087219238e-01 4.956943690776824951e-01 -7.323511242866516113e-01
4.966058433055877686e-01 8.874567747116088867e-01 7.342357188463211060e-02
4.981915652751922607e-02 2.875016927719116211e-01 1.375518441200256348e-01
2.784941792488098145e-01 -4.487475156784057617e-01 -3.080452382564544678e-01
-1.833108253777027130e-02 3.350700736045837402e-01 2.631948888301849365e-02
4.349961876869201660e-01 3.592551350593566895e-01 -1.907254010438919067e-01
-1.658429354429244995e-01 -1.306754443794488907e-02 -6.127473711967468262e-02
-3.488318920135498047e-01 -4.969075918197631836e-01 3.217387795448303223e-01
-1.179185062646865845e-01 -6.110293865203857422e-01 -6.607704330235719681e-03
-5.106991529464721680e-01 -7.025869488716125488e-01 -2.689026296138763428e-01
-8.674398660659790039e-01 -4.138387739658355713e-01 -2.421010285615921021e-01
-6.079039573669433594e-01 -6.220823526382446289e-01 -1.225445717573165894e-01
-3.697092458605766296e-02 7.382470369338989258e-01 2.682145237922668457e-01
8.149678111076354980e-01 7.578008174896240234e-01 5.126246213912963867e-01
4.822611063718795776e-02 2.703803479671478271e-01 -1.583074405789375305e-02
8.302038311958312988e-01 9.254286885261535645e-01 1.932609081268310547e-01
-1.082603782415390015e-01 5.754706263542175293e-01 -2.685117349028587341e-02
-6.880040764808654785e-01 -1.278924494981765747e-01 -1.562449187040328979e-01
4.997259378433227539e-01 7.389547228813171387e-01 1.893294155597686768e-01
6.901210546493530273e-01 7.104349136352539062e-01 5.787711739540100098e-01
-2.147310823202133179e-01 4.721399545669555664e-01 1.194937229156494141e-01
1.368260681629180908e-01 4.169966280460357666e-01 3.027198016643524170e-01
-2.641547918319702148e-01 -3.808819651603698730e-01 -5.895980447530746460e-02
9.170770049095153809e-01 4.998624324798583984e-01 5.072753876447677612e-02
5.945353209972381592e-02 5.616549849510192871e-01 3.084177374839782715e-01
-9.558427929878234863e-01 -1.628350280225276947e-02 -1.923132389783859253e-01
4.557127133011817932e-02 3.350197374820709229e-01 7.391392719000577927e-03
-7.995490431785583496e-01 1.898476779460906982e-01 -1.041924208402633667e-01
-2.436488419771194458e-01 3.282389640808105469e-01 7.396922707557678223e-01
5.275910496711730957e-01 3.021570146083831787e-01 1.271452605724334717e-01
2.699256241321563721e-01 5.886324048042297363e-01 2.856014110147953033e-02
6.289908885955810547e-01 -9.107102155685424805e-01 -4.542750120162963867e-01
-6.238312274217605591e-02 -2.066455483436584473e-01 4.010799825191497803e-01
-5.944566801190376282e-02 4.922060072422027588e-01 3.579958807677030563e-03
6.090490221977233887e-01 -9.156519770622253418e-01 9.464914798736572266e-01
-8.590164780616760254e-01 1.963907033205032349e-01 -3.597729504108428955e-01
-1.659898757934570312e-01 4.336126744747161865e-01 6.362781524658203125e-01
-8.459655195474624634e-02 6.754149794578552246e-01 2.570607662200927734e-01
-7.796070072799921036e-03 8.355865478515625000e-01 4.574167728424072266e-01
-1.366111785173416138e-01 -1.340871751308441162e-01 1.577524542808532715e-01
-2.396242767572402954e-01 -3.855107128620147705e-01 2.979683876037597656e-01
-8.283089101314544678e-02 2.538307905197143555e-01 1.636526584625244141e-01
4.362848401069641113e-01 6.968734264373779297e-01 5.026705861091613770e-01
-3.325689136981964111e-01 -3.371841907501220703e-01 4.438072908669710159e-03
1.151760146021842957e-01 -5.141566991806030273e-01 -6.156765669584274292e-02
-4.174354299902915955e-02 2.731559276580810547e-01 8.117513358592987061e-02
-3.777404129505157471e-01 -6.731020659208297729e-02 -3.325563967227935791e-01
3.377688825130462646e-01 5.835394263267517090e-01 5.313639640808105469e-01
-1.906210929155349731e-01 7.805541157722473145e-01 -9.868323802947998047e-02
-8.613278716802597046e-02 -9.972083568572998047e-02 3.307249248027801514e-01
-1.033550649881362915e-01 5.673106908798217773e-01 1.260423511266708374e-01
-5.486868619918823242e-01 1.179211959242820740e-01 3.254295140504837036e-02
4.425625130534172058e-02 -3.207871317863464355e-01 -3.580862283706665039e-02
-2.999977469444274902e-01 1.647979915142059326e-01 -7.435168325901031494e-02
-5.458378791809082031e-01 1.977542042732238770e-01 1.701304763555526733e-01
-1.758805289864540100e-02 1.942006289027631283e-03 4.755083024501800537e-01
-5.571192502975463867e-01 -2.344705164432525635e-01 -1.648568361997604370e-01
8.616287708282470703e-01 -9.883570671081542969e-01 6.444663405418395996e-01
-8.437597751617431641e-02 -5.978649854660034180e-01 -1.567336730659008026e-02
-2.449842095375061035e-01 5.668364763259887695e-01 1.923648640513420105e-02
-8.175749182701110840e-01 -5.971890687942504883e-01 -4.880196228623390198e-02
-4.249022901058197021e-01 8.708674311637878418e-01 -9.955836534500122070e-01
-6.278859823942184448e-02 -1.713607907295227051e-01 9.351021796464920044e-02
-2.822337448596954346e-01 -7.845318317413330078e-01 -4.831453561782836914e-01
-7.075029015541076660e-01 3.148161470890045166e-01 -3.766650259494781494e-01
4.022324085235595703e-01 5.256984233856201172e-01 5.352100133895874023e-01
7.384039163589477539e-01 9.309743344783782959e-02 7.007086873054504395e-01
-6.386952400207519531e-01 3.886532485485076904e-01 9.892643094062805176e-01
-9.425660967826843262e-01 -6.037013977766036987e-02 4.254601299762725830e-01
-1.058283895254135132e-01 2.861079871654510498e-01 1.051513478159904480e-01
-4.102212563157081604e-02 1.656772047281265259e-01 4.421209543943405151e-02
2.463101446628570557e-01 4.082019031047821045e-01 -5.264586955308914185e-02
-8.003683686256408691e-01 -3.778243809938430786e-02 6.124362945556640625e-01
-7.646996974945068359e-01 5.100266933441162109e-01 -2.145699709653854370e-01
-4.910232722759246826e-01 -7.740332186222076416e-02 -1.272628307342529297e-01
-5.294367671012878418e-01 4.541984498500823975e-01 1.711488068103790283e-01
-4.184209704399108887e-01 -4.959663152694702148e-01 -4.099989235401153564e-01
-2.043832838535308838e-02 4.507561326026916504e-01 8.535646647214889526e-02
-2.695711851119995117e-01 -1.210443824529647827e-01 -6.230356171727180481e-02
-9.321558475494384766e-01 1.687620580196380615e-01 -1.815674006938934326e-01
-4.533015191555023193e-01 -6.246265769004821777e-01 5.317808985710144043e-01
6.962831616401672363e-01 -3.426512479782104492e-01 2.510426044464111328e-01
1.640314012765884399e-01 5.715335011482238770e-01 4.017489552497863770e-01
-7.219409942626953125e-01 1.477096974849700928e-01 -2.376227378845214844e-01
-1.693803519010543823e-01 1.287937443703413010e-02 -7.460723817348480225e-02
-1.962587535381317139e-01 -1.126563772559165955e-01 8.275979012250900269e-02
-6.126544475555419922e-01 -4.195768535137176514e-01 -1.443772315979003906e-01
-4.398863911628723145e-01 -4.278920590877532959e-01 5.906321480870246887e-02
4.132795929908752441e-01 8.443272709846496582e-01 1.605748385190963745e-01
-3.703723102807998657e-02 -2.896182239055633545e-01 -1.190244033932685852e-01
-1.360320746898651123e-01 1.024608761072158813e-01 -5.994889140129089355e-02
3.673728406429290771e-01 -8.332895040512084961e-01 1.049986258149147034e-01
8.473971486091613770e-01 -9.009072780609130859e-01 -6.739150881767272949e-01
-1.857165098190307617e-01 -5.669604539871215820e-01 -1.009711399674415588e-01
-2.653755545616149902e-01 -3.061822056770324707e-01 2.096980512142181396e-01
-9.755519628524780273e-01 2.458690702915191650e-01 -4.255417287349700928e-01
-8.347409367561340332e-01 1.369133889675140381e-01 -1.205419600009918213e-01
-8.455402851104736328e-01 -3.276491165161132812e-01 -1.971494257450103760e-01
4.442656636238098145e-01 7.295107245445251465e-01 -1.660409010946750641e-02
-2.154998630285263062e-01 8.577316403388977051e-01 -4.555348679423332214e-02
-1.689794957637786865e-01 -1.901242509484291077e-02 1.049043089151382446e-01
-4.724862575531005859e-01 6.717875599861145020e-01 9.718937277793884277e-01
2.324224114418029785e-01 -4.310519993305206299e-01 -4.598233401775360107e-01
-4.575733840465545654e-01 -2.974043190479278564e-01 -2.476695179939270020e-01
2.954781986773014069e-02 4.512083828449249268e-01 1.471080332994461060e-01
9.290722082369029522e-04 3.338077664375305176e-01 1.064406037330627441e-01
-2.555349171161651611e-01 1.978222653269767761e-02 -1.764397509396076202e-02
8.538451790809631348e-01 4.364235401153564453e-01 1.230719536542892456e-01
-1.211150288581848145e-01 -3.114133775234222412e-01 1.912777684628963470e-02
-9.729540944099426270e-01 -2.590576410293579102e-01 -2.471734136343002319e-01
-2.903741002082824707e-01 -3.876464962959289551e-01 3.423023819923400879e-01
-5.254162549972534180e-01 -6.706030368804931641e-01 -1.598379909992218018e-01
-7.649184465408325195e-01 -1.461381316184997559e-01 -2.011880725622177124e-01
4.770497083663940430e-01 -2.799566388130187988e-01 9.710895419120788574e-01
-1.105286404490470886e-01 5.827444791793823242e-02 5.140459537506103516e-01
-3.929271921515464783e-02 8.356029987335205078e-01 -1.034748256206512451e-01
-6.416273862123489380e-02 -4.878573715686798096e-01 2.336151525378227234e-02
-3.071005940437316895e-01 -7.731732130050659180e-01 -9.315609186887741089e-02
6.446880698204040527e-01 7.302752137184143066e-01 4.511331915855407715e-01
1.225659400224685669e-01 -3.638477325439453125e-01 -1.354204863309860229e-01
-2.952292561531066895e-01 -8.328418731689453125e-01 -3.771858513355255127e-01
-2.320880070328712463e-02 4.176444932818412781e-02 -1.711115390062332153e-01
-6.951807141304016113e-01 -3.819637894630432129e-01 -1.532962769269943237e-01
-2.946226000785827637e-01 -5.023596286773681641e-01 -6.708992719650268555e-01
4.394629001617431641e-01 9.543640613555908203e-01 1.287792921066284180e-01
-6.372189521789550781e-01 -6.589444279670715332e-01 9.610392898321151733e-02
-3.126000463962554932e-01 -7.058486342430114746e-01 -4.923154711723327637e-01
-5.189874768257141113e-01 -6.891624331474304199e-01 1.880483329296112061e-01
-5.431706830859184265e-02 -4.673039019107818604e-01 -1.271177232265472412e-01
7.750182151794433594e-01 -7.905178070068359375e-01 2.623337507247924805e-01
1.064409315586090088e-02 3.281486928462982178e-01 2.883362025022506714e-02
-6.112797185778617859e-03 7.082123756408691406e-01 2.863234877586364746e-01
3.445857763290405273e-02 3.778026700019836426e-01 1.987749487161636353e-01
-2.325706481933593750e-01 9.952176213264465332e-01 9.531133621931076050e-02
6.022008061408996582e-01 7.690544128417968750e-01 4.036643076688051224e-03
-1.379123777151107788e-01 1.428437083959579468e-01 1.135686561465263367e-01
-1.854236423969268799e-01 4.387480914592742920e-01 5.662849545478820801e-02
2.042909339070320129e-02 -3.196557760238647461e-01 -1.322105973958969116e-01
-2.871258556842803955e-01 6.241880655288696289e-01 2.125155627727508545e-01
6.606159806251525879e-01 4.620305597782135010e-01 3.383816406130790710e-02
-1.149701029062271118e-01 5.975531339645385742e-01 -8.600186556577682495e-02
2.787042856216430664e-01 -8.018943071365356445e-01 -9.589236974716186523e-01
-3.627341687679290771e-01 7.661557197570800781e-01 4.381433725357055664e-01
5.838147401809692383e-01 -1.592740714550018311e-01 -9.798412919044494629e-01
-6.464461982250213623e-02 -3.582104574888944626e-03 2.915063202381134033e-01
-1.855181008577346802e-01 -2.067751884460449219e-01 1.919424086809158325e-01
-3.074309825897216797e-01 2.652224004268646240e-01 6.661708652973175049e-02
-6.086782813072204590e-01 -2.922721803188323975e-01 -4.812425971031188965e-01
-1.329130679368972778e-01 6.873235702514648438e-01 2.295771241188049316e-01
3.415823578834533691e-01 1.987949907779693604e-01 8.057363331317901611e-02
9.254361391067504883e-01 8.157590031623840332e-01 -4.569032192230224609e-01
-7.087983489036560059e-01 -6.952480077743530273e-01 1.135672703385353088e-01
-8.172295093536376953e-01 -2.669948637485504150e-01 -2.171997353434562683e-02
-2.243727296590805054e-01 4.105735719203948975e-01 9.536833316087722778e-02
-3.434097766876220703e-01 4.653010368347167969e-01 -1.706587970256805420e-01
-2.611863017082214355e-01 5.577919483184814453e-01 5.302523449063301086e-02
6.215668916702270508e-01 6.089609861373901367e-01 4.543936252593994141e-01
3.100261092185974121e-01 3.474164009094238281e-01 4.854001998901367188e-01
-7.498257756233215332e-01 -5.912321209907531738e-01 -7.364375144243240356e-02
5.208919644355773926e-01 4.947039484977722168e-01 3.953022360801696777e-01
-1.316059976816177368e-01 -4.283731877803802490e-01 -8.815596699714660645e-01
3.811435401439666748e-01 6.305477023124694824e-01 -7.877275347709655762e-01
-4.424965381622314453e-01 -3.836136078462004662e-03 2.315160781145095825e-01
1.766228377819061279e-01 8.819664716720581055e-01 4.058876633644104004e-01
-8.846212923526763916e-02 6.869317293167114258e-01 -4.436523616313934326e-01
6.980705261230468750e-02 -2.032928317785263062e-01 8.413533680140972137e-03
-7.074207663536071777e-01 -2.722025513648986816e-01 -6.659602373838424683e-02
-3.913256824016571045e-01 -5.076595544815063477e-01 4.723690152168273926e-01
-2.289807200431823730e-01 -6.323907971382141113e-01 -5.382372736930847168e-01
-3.105237782001495361e-01 -7.368516325950622559e-01 5.050356388092041016e-01
-3.443300426006317139e-01 1.639453023672103882e-01 -2.124561928212642670e-02
-6.448818445205688477e-01 -4.079281687736511230e-01 -5.036618560552597046e-02
-2.750378847122192383e-01 1.242863982915878296e-01 -8.986373990774154663e-02
-4.250223636627197266e-01 -1.019175350666046143e-01 -1.163313165307044983e-01
-2.537826597690582275e-01 -9.116572737693786621e-01 -1.056252866983413696e-01
-7.488830685615539551e-01 1.551402360200881958e-01 -1.169455945491790771e-01
1.079398617148399353e-01 8.044954538345336914e-01 2.836491465568542480e-01
-3.592221140861511230e-01 -5.564490705728530884e-02 2.160373032093048096e-01
-2.991106808185577393e-01 -4.928104281425476074e-01 3.724274933338165283e-01
-7.640619575977325439e-02 2.119725197553634644e-01 2.604555487632751465e-01
-7.620870471000671387e-01 1.034051552414894104e-01 -6.877179741859436035e-01
2.103425860404968262e-01 9.140306115150451660e-01 8.706604689359664917e-02
-4.490106832236051559e-03 3.561957180500030518e-01 4.937457293272018433e-02
-5.350787639617919922e-01 1.726869642734527588e-01 -3.760643899440765381e-01
-9.590096026659011841e-02 3.222253024578094482e-01 2.417027652263641357e-01
-3.348992466926574707e-01 -5.049520730972290039e-01 -4.244362935423851013e-02
-2.144869863986968994e-01 -4.104498028755187988e-01 2.784427106380462646e-01
-3.878275454044342041e-01 -5.744655132293701172e-01 2.742467820644378662e-01
-3.851290345191955566e-01 -7.571540474891662598e-01 4.699263274669647217e-01
-1.605574190616607666e-01 -4.661017283797264099e-02 -8.334249258041381836e-02
8.945484757423400879e-01 4.847445487976074219e-01 -4.659581184387207031e-02
-2.889913916587829590e-01 -2.858445644378662109e-01 3.314279019832611084e-02
-7.799051403999328613e-01 -2.374202013015747070e-01 -1.944457888603210449e-01
-2.165292203426361084e-01 6.061766147613525391e-01 -3.278498649597167969e-01
-5.144074559211730957e-01 -4.209166765213012695e-01 -3.156368136405944824e-01
-5.084890499711036682e-02 2.299606353044509888e-01 2.861090898513793945e-01
-4.273658990859985352e-02 1.562755107879638672e-01 1.323311179876327515e-01
9.247947931289672852e-01 -3.223744928836822510e-01 -1.957075297832489014e-01
-1.745632290840148926e-01 -1.818846315145492554e-01 -2.436009794473648071e-02
-6.672600507736206055e-01 1.434566080570220947e-01 -1.077051833271980286e-01
-4.086871445178985596e-01 5.748756527900695801e-01 8.286986351013183594e-01
-5.658940225839614868e-02 7.807328104972839355e-01 9.418517947196960449e-01
5.729522705078125000e-01 3.938945233821868896e-01 7.158042192459106445e-01
6.994041800498962402e-01 6.304909586906433105e-01 3.900791704654693604e-02
-2.843163609504699707e-01 -3.550848662853240967e-01 -1.871299743652343750e-01
-2.888081967830657959e-01 -5.971294641494750977e-01 3.622324764728546143e-01
1.389453709125518799e-01 -3.078103661537170410e-01 -4.882642999291419983e-02
-2.090612053871154785e-01 -5.906275510787963867e-01 -1.042374670505523682e-01
1.744254305958747864e-02 3.868131339550018311e-01 1.985628008842468262e-01
2.815826833248138428e-01 6.933665871620178223e-01 2.363038212060928345e-01
-4.258243739604949951e-01 -6.326797604560852051e-01 -3.410685658454895020e-01
3.723722696304321289e-01 6.519256830215454102e-01 -7.229781150817871094e-02
8.215116262435913086e-01 5.914493799209594727e-01 5.546831488609313965e-01
1.773040369153022766e-02 2.340121120214462280e-01 2.502077072858810425e-02
-5.888664722442626953e-01 -1.585863158106803894e-02 -1.315589342266321182e-02
-2.766970098018646240e-01 -5.908517837524414062e-01 -1.468070149421691895e-01
-2.105433940887451172e-01 -9.371533393859863281e-01 7.487977147102355957e-01
-8.866688013076782227e-01 -6.738622784614562988e-01 -5.311159789562225342e-02
8.949952125549316406e-01 1.495276987552642822e-01 8.032261729240417480e-01
-4.339050650596618652e-01 -7.085186839103698730e-01 3.168191313743591309e-01
2.633545398712158203e-01 -4.211856722831726074e-01 -3.419473767280578613e-01
-4.126655459403991699e-01 -3.861867189407348633e-01 3.908327519893646240e-01
-4.139262735843658447e-01 6.853383779525756836e-01 3.867071866989135742e-01
-3.516955077648162842e-01 -1.816769987344741821e-01 -7.977716326713562012e-01
-2.930713593959808350e-01 -9.796532392501831055e-01 7.487922310829162598e-01
-1.964024454355239868e-02 2.188741117715835571e-01 1.010068580508232117e-01
9.870399832725524902e-01 -9.894505143165588379e-01 7.797116041183471680e-01
-3.484714627265930176e-01 -8.452853560447692871e-01 -2.887970507144927979e-01
4.734634757041931152e-01 7.435374259948730469e-01 9.221147894859313965e-01
6.925159096717834473e-01 3.208030164241790771e-01 9.843999147415161133e-01
-6.226772069931030273e-01 -7.185658216476440430e-01 -1.130137369036674500e-01
-8.036350607872009277e-01 1.599205732345581055e-01 -7.532441616058349609e-01
1.969811739400029182e-03 4.005536735057830811e-01 6.219366192817687988e-02
3.056783974170684814e-01 6.181890368461608887e-01 -7.662588357925415039e-02
2.784658968448638916e-01 8.541844487190246582e-01 4.200456738471984863e-01
-1.203492358326911926e-01 4.802102744579315186e-01 4.606680944561958313e-02
-7.510789036750793457e-01 -8.873369693756103516e-01 -3.271285295486450195e-01
-4.941491186618804932e-01 7.469674199819564819e-02 -1.831787526607513428e-01
-2.878562808036804199e-01 -4.118579626083374023e-01 2.730975747108459473e-01
5.420328974723815918e-01 -1.460956782102584839e-01 -8.743212223052978516e-01
-1.774303615093231201e-02 7.331776618957519531e-01 6.715209484100341797e-01
5.337929353117942810e-02 6.198662146925926208e-02 -1.601393818855285645e-01
4.192447289824485779e-02 2.958981990814208984e-01 1.346469372510910034e-01
-3.340810239315032959e-01 2.241110354661941528e-01 1.340509355068206787e-01
3.801525533199310303e-01 9.634700417518615723e-01 1.863451451063156128e-01
-1.720155626535415649e-01 -2.494777441024780273e-01 -3.821448236703872681e-02
2.324145883321762085e-01 6.031246185302734375e-01 1.656750217080116272e-02
-1.444539129734039307e-01 -8.408432602882385254e-01 -5.116458237171173096e-02
-6.016526222229003906e-01 -2.525537461042404175e-02 -8.203033357858657837e-02
5.866147279739379883e-01 -2.048268020153045654e-01 -6.551650762557983398e-01
7.098187208175659180e-01 -2.518881559371948242e-01 -9.825617074966430664e-01
6.361072659492492676e-01 6.517933011054992676e-01 2.723448676988482475e-03
-3.886696696281433105e-01 -5.823361873626708984e-01 -3.019370138645172119e-01
-6.217389181256294250e-02 1.699275076389312744e-01 4.962147399783134460e-02
-1.792237907648086548e-01 1.085725724697113037e-01 -1.080168560147285461e-01
5.283122882246971130e-02 7.054231166839599609e-01 3.872759938240051270e-01
6.241446733474731445e-01 5.276022553443908691e-01 -1.235100440680980682e-02
-1.353034675121307373e-01 -5.969796329736709595e-02 -1.453368808142840862e-03
-1.940633356571197510e-01 -9.485985636711120605e-01 -1.896319091320037842e-01
-1.432627290487289429e-01 5.534892082214355469e-01 -1.780620068311691284e-01
1.818763278424739838e-02 3.299540281295776367e-01 4.687376692891120911e-02
6.457722932100296021e-02 7.797845602035522461e-01 -2.629445791244506836e-01
7.962468266487121582e-01 2.903788983821868896e-01 2.867049723863601685e-02
-3.536826968193054199e-01 -4.026972055435180664e-01 -2.135301232337951660e-01
6.985343992710113525e-02 9.347039461135864258e-02 -1.043958812952041626e-01
-7.316939234733581543e-01 1.492704600095748901e-01 -1.078933291137218475e-02
-5.685830712318420410e-01 -1.920785754919052124e-01 -4.714887440204620361e-01
9.708529710769653320e-01 5.453008413314819336e-01 -3.954494595527648926e-01
3.866688907146453857e-01 1.979101598262786865e-01 -5.112798213958740234e-01
-3.956800103187561035e-01 7.188822031021118164e-01 3.889839351177215576e-01
5.616008043289184570e-01 5.949398875236511230e-01 4.162734746932983398e-01
6.118348240852355957e-01 5.686710476875305176e-01 6.406728923320770264e-02
-6.540456414222717285e-01 2.103319317102432251e-01 -1.972801387310028076e-01
1.726276129484176636e-01 2.628601193428039551e-01 -7.519226521253585815e-02
5.716395974159240723e-01 -8.819857835769653320e-01 1.752274334430694580e-01
4.173490107059478760e-01 7.098933458328247070e-01 6.033656001091003418e-01
-3.257555663585662842e-01 -7.732433676719665527e-01 5.441036224365234375e-01
2.574965953826904297e-01 -6.753065586090087891e-01 -9.994822144508361816e-01
1.971432417631149292e-01 6.960597634315490723e-01 1.430390626192092896e-01
-3.401592969894409180e-01 -1.920050531625747681e-01 -1.584672927856445312e-01
-8.878474123775959015e-03 -3.830913305282592773e-01 -1.105447411537170410e-01
9.952619075775146484e-01 -4.444461166858673096e-01 1.901060491800308228e-01
6.587070822715759277e-01 6.957109570503234863e-01 4.426010251045227051e-01
5.379656329751014709e-02 7.805900573730468750e-01 -2.042687535285949707e-01
-2.230236828327178955e-01 -3.752185702323913574e-01 -1.422062814235687256e-01
3.989352285861968994e-01 1.197218894958496094e-01 -7.007550001144409180e-01
1.723737567663192749e-01 6.461063623428344727e-01 2.377785891294479370e-01
-5.902513265609741211e-01 -8.914838433265686035e-01 -1.016645953059196472e-01
-1.637224406003952026e-01 4.805837273597717285e-01 7.210857421159744263e-02
1.751280874013900757e-01 1.959350854158401489e-01 1.412360370159149170e-01
-4.267267286777496338e-01 -9.182139635086059570e-01 -5.748709663748741150e-02
-5.711014866828918457e-01 -6.739053130149841309e-01 -1.402796208858489990e-01
-1.538989245891571045e-01 -1.781844496726989746e-01 -7.401601076126098633e-01
6.548150181770324707e-01 6.108971834182739258e-01 5.816029310226440430e-01
-5.776693820953369141e-01 -6.066280007362365723e-01 -1.451356112957000732e-01
-5.782517790794372559e-02 -3.846630081534385681e-02 4.293016791343688965e-01
-9.238826483488082886e-02 1.910832077264785767e-01 5.259602889418601990e-02
5.144552588462829590e-01 -1.035745069384574890e-01 1.227317899465560913e-01
-2.530787587165832520e-01 7.004812359809875488e-01 -4.350427985191345215e-01
-2.674132585525512695e-02 -3.757913410663604736e-01 -8.774559944868087769e-02
-3.709001839160919189e-01 5.436263084411621094e-01 5.814590305089950562e-02
4.923068881034851074e-01 4.965997934341430664e-01 2.385371625423431396e-01
-4.704347550868988037e-01 -5.193662047386169434e-01 3.532037371769547462e-03
2.117220163345336914e-01 5.620450377464294434e-01 -4.562829807400703430e-02
-2.133538126945495605e-01 1.291103512048721313e-01 -4.093500971794128418e-02
-2.003324031829833984e-01 -2.519249618053436279e-01 2.905201315879821777e-01
3.874257206916809082e-02 -4.941419661045074463e-01 -1.713423579931259155e-01
2.004111558198928833e-01 1.578940749168395996e-01 -3.857115209102630615e-01
-4.339835643768310547e-01 -1.496489644050598145e-01 -1.449166834354400635e-01
-2.542140781879425049e-01 1.965305395424365997e-02 -3.632752224802970886e-02
2.890883758664131165e-02 4.490268528461456299e-01 1.122644767165184021e-01
-2.509346902370452881e-01 5.619451999664306641e-01 -3.729813992977142334e-01
-1.469013839960098267e-01 -1.547710690647363663e-02 -6.952708959579467773e-02
-6.376622915267944336e-01 -5.735369324684143066e-01 5.416582152247428894e-02
4.411099255084991455e-01 7.144066095352172852e-01 5.460290908813476562e-01
4.636671543121337891e-01 1.844360679388046265e-01 -6.081829667091369629e-01
-6.319960355758666992e-01 9.436413049697875977e-01 -5.797998905181884766e-01
5.392203927040100098e-01 5.281564593315124512e-01 6.010966002941131592e-02
5.259220004081726074e-01 2.722314596176147461e-01 8.531954884529113770e-01
-5.215694904327392578e-01 -7.863175272941589355e-01 -2.261410355567932129e-01
-2.086333781480789185e-01 -6.616289615631103516e-01 -1.057433411478996277e-01
6.768477559089660645e-01 4.506482779979705811e-01 1.904708798974752426e-03
-2.347811907529830933e-01 7.109500765800476074e-01 -4.189971685409545898e-01
4.397528469562530518e-01 -5.138561129570007324e-01 5.931523069739341736e-02
1.723701655864715576e-01 7.452933192253112793e-01 -2.856307625770568848e-01
7.937874197959899902e-01 2.529479265213012695e-01 1.483514159917831421e-01
9.881899505853652954e-02 2.573875151574611664e-02 1.347805932164192200e-02
-1.617836356163024902e-01 6.166878938674926758e-01 -2.761615253984928131e-02
7.953535765409469604e-03 1.379039734601974487e-01 3.320409953594207764e-01
-3.132217228412628174e-01 1.376995593309402466e-01 9.179257750511169434e-01
9.752436876296997070e-01 4.358894228935241699e-01 1.649808138608932495e-02
2.448603659868240356e-01 6.024975776672363281e-01 -4.446692392230033875e-02
7.817017287015914917e-02 3.471069037914276123e-01 2.008530646562576294e-01
-2.406145781278610229e-01 4.983370006084442139e-01 3.860512003302574158e-02
-1.563395708799362183e-01 -4.805067479610443115e-01 -2.969535999000072479e-02
-4.116803407669067383e-01 -3.695297241210937500e-01 -1.176064647734165192e-02
-7.494778633117675781e-01 1.732953488826751709e-01 -3.966536819934844971e-01
-5.932462215423583984e-01 1.691608875989913940e-01 5.868868827819824219e-01
9.715731739997863770e-01 -4.279400110244750977e-01 -7.254263162612915039e-01
1.910738497972488403e-01 3.997263610363006592e-01 -6.362676620483398438e-02
2.447776347398757935e-01 2.184240370988845825e-01 1.903777271509170532e-01
-1.701654940843582153e-01 -8.648500442504882812e-01 7.155665755271911621e-01
-5.040060877799987793e-01 8.318883180618286133e-02 -1.070684343576431274e-01
-4.032302200794219971e-01 -7.068052887916564941e-01 -1.941016465425491333e-01
-8.450604677200317383e-01 -4.779750108718872070e-01 -1.283264011144638062e-01
-2.489280402660369873e-01 -5.300320386886596680e-01 -1.045248135924339294e-01
1.921364516019821167e-01 -8.205955028533935547e-01 2.844811379909515381e-01
-1.452929228544235229e-01 -1.855982840061187744e-02 -8.778978139162063599e-02
7.645943760871887207e-01 3.704388141632080078e-01 5.353805422782897949e-01
-7.680897712707519531e-01 -6.366469860076904297e-01 -1.698792129755020142e-01
-5.187234282493591309e-01 2.267270833253860474e-01 -3.355592489242553711e-01
6.347924470901489258e-01 -3.214420080184936523e-01 2.228778973221778870e-02
4.949986338615417480e-01 6.761777997016906738e-01 1.305410638451576233e-02
-4.611316323280334473e-01 -9.076938033103942871e-01 -4.330737888813018799e-02
-3.392139077186584473e-01 1.183840408921241760e-01 -8.109937906265258789e-01
-8.456574082374572754e-01 -9.150376319885253906e-01 1.198536008596420288e-01
8.415274620056152344e-01 7.106314301490783691e-01 -1.153898537158966064e-01
-2.872818708419799805e-01 -5.417531728744506836e-01 -5.857644602656364441e-02
1.751285605132579803e-02 2.845264673233032227e-01 3.990620374679565430e-02
-3.400312736630439758e-03 6.509355306625366211e-01 3.057137131690979004e-01
9.133469462394714355e-01 4.644708037376403809e-01 6.421103477478027344e-01
-4.812027513980865479e-01 -4.689236581325531006e-01 -2.747803032398223877e-01
-5.323859453201293945e-01 -8.075219988822937012e-01 -2.720274776220321655e-02
-4.508826434612274170e-01 1.027298122644424438e-01 -1.374687403440475464e-01
-5.595516562461853027e-01 1.686372607946395874e-01 -4.340304434299468994e-01
5.128612741827964783e-02 5.228206515312194824e-01 -4.201420545578002930e-01
-4.676698446273803711e-01 -8.029040694236755371e-01 6.779561638832092285e-01
1.960952281951904297e-01 -4.153321385383605957e-01 -4.019847810268402100e-01
-9.660846740007400513e-02 -1.154998764395713806e-01 6.613843142986297607e-02
-5.293266177177429199e-01 4.337133765220642090e-01 -4.174484312534332275e-01
6.947037577629089355e-01 5.480219125747680664e-01 6.748206913471221924e-02
-5.300250649452209473e-01 9.281246066093444824e-01 1.851633936166763306e-01
-7.385085225105285645e-01 -1.134259402751922607e-01 -3.231449425220489502e-01
-6.420398950576782227e-01 -2.388175129890441895e-01 -1.234340369701385498e-01
6.226825714111328125e-01 -7.364460229873657227e-01 1.706898659467697144e-01
1.545346230268478394e-01 5.122609734535217285e-01 2.586011290550231934e-01
8.807975649833679199e-01 8.108318448066711426e-01 1.935982145369052887e-02
1.545718610286712646e-01 7.483759522438049316e-01 -1.102822050452232361e-01
-4.574251547455787659e-02 4.685897827148437500e-01 -3.287801891565322876e-02
-7.747232913970947266e-01 -6.872472167015075684e-01 7.198209408670663834e-03
-4.984175264835357666e-01 7.717218995094299316e-01 1.282634735107421875e-01
5.648850798606872559e-01 6.463366746902465820e-01 -2.401489205658435822e-02
-6.046040728688240051e-02 2.461786866188049316e-01 1.225741580128669739e-01
3.933782875537872314e-01 5.313571691513061523e-01 6.546080708503723145e-01
-1.570768654346466064e-01 9.795092791318893433e-02 -4.147131368517875671e-02
-7.460463643074035645e-01 2.286960482597351074e-01 -2.317568510770797729e-01
5.321219190955162048e-02 2.397280558943748474e-02 -1.969550400972366333e-01
1.522270739078521729e-01 2.470516562461853027e-01 -1.524645835161209106e-01
-1.417316347360610962e-01 -3.009083867073059082e-01 -3.251398354768753052e-02
-2.110004425048828125e-04 -3.693398535251617432e-01 -7.718359678983688354e-02
8.997598290443420410e-02 8.453053832054138184e-01 4.071551263332366943e-01
-2.688263952732086182e-01 -4.397297203540802002e-01 9.358528256416320801e-02
-2.079684883356094360e-01 -3.264170587062835693e-01 -2.107498794794082642e-02
2.157478034496307373e-01 4.624123275279998779e-01 2.605355158448219299e-02
6.588912755250930786e-02 3.108436465263366699e-01 1.387345492839813232e-01
-2.385528981685638428e-01 -6.949056386947631836e-01 -7.290708273649215698e-02
7.278870940208435059e-01 6.786280274391174316e-01 4.209078848361968994e-01
4.673714339733123779e-01 8.737537860870361328e-01 3.709461167454719543e-02
-5.817862153053283691e-01 -7.980906367301940918e-01 2.894337475299835205e-01
-4.024778902530670166e-01 -1.174629703164100647e-01 -2.405694872140884399e-02
-1.920930743217468262e-01 7.258448004722595215e-01 -9.568926761858165264e-04
4.705235660076141357e-01 7.985245585441589355e-01 4.104969799518585205e-01
7.168464660644531250e-01 -3.827032446861267090e-01 -9.031944870948791504e-01
-1.772291660308837891e-01 7.943786382675170898e-01 -9.406758099794387817e-02
-9.862376749515533447e-02 1.185223236680030823e-01 2.108988352119922638e-02
-5.583196133375167847e-02 8.945392370223999023e-01 -1.577338278293609619e-01
1.106207221746444702e-01 -4.551736116409301758e-01 -1.002068892121315002e-01
6.136613488197326660e-01 8.573367595672607422e-01 -2.996334247291088104e-02
2.890460193157196045e-01 4.392203688621520996e-01 1.820105910301208496e-01
-4.657713174819946289e-01 -5.968467593193054199e-01 -3.114049732685089111e-01
-5.882139205932617188e-01 4.217850863933563232e-01 -2.163592427968978882e-01
2.690202370285987854e-02 3.966097235679626465e-01 2.933635711669921875e-01
-6.524778157472610474e-02 5.638525262475013733e-02 1.263005584478378296e-01
-7.850569486618041992e-01 -9.051442742347717285e-01 1.242655664682388306e-01
1.580124795436859131e-01 5.834175348281860352e-01 8.813943713903427124e-02
3.216980025172233582e-03 3.895190656185150146e-01 5.268444493412971497e-02
-1.824556440114974976e-01 -1.096721366047859192e-01 -9.704903513193130493e-02
-1.509243547916412354e-01 -6.735470890998840332e-02 -6.741952896118164062e-02
1.048243418335914612e-02 4.250157177448272705e-01 4.056955501437187195e-02
-7.580661177635192871e-01 -8.886631131172180176e-01 -3.263128399848937988e-01
-1.661467254161834717e-01 -2.381942123174667358e-01 -2.655358612537384033e-02
3.834750503301620483e-02 -1.532274931669235229e-01 -1.015142947435379028e-01
-2.488894611597061157e-01 -5.894657969474792480e-01 4.325264692306518555e-01
-1.821319162845611572e-01 7.200681567192077637e-01 1.056852284818887711e-02
-2.240322828292846680e-01 9.438711218535900116e-03 -2.165944315493106842e-02
6.895197629928588867e-01 6.268801689147949219e-01 5.422893762588500977e-01
-3.706493973731994629e-01 4.306051414459943771e-03 -5.563055872917175293e-01
-2.780596017837524414e-01 -5.182703733444213867e-01 -1.328470557928085327e-01
5.028491616249084473e-01 -6.597896814346313477e-01 5.675511956214904785e-01
-6.442149877548217773e-01 3.970459848642349243e-02 -4.662492498755455017e-02
-9.355818033218383789e-01 2.354565709829330444e-01 -4.654720723628997803e-01
9.391382336616516113e-01 7.970684170722961426e-01 -3.756496608257293701e-01
2.731447219848632812e-01 3.719456791877746582e-01 -7.573389261960983276e-02
-6.688488125801086426e-01 1.869846284389495850e-01 -4.805355966091156006e-01
-5.023477673530578613e-01 5.255553126335144043e-01 -3.069669604301452637e-01
-5.782286524772644043e-01 -5.472991466522216797e-01 2.474029548466205597e-02
4.636822640895843506e-01 7.889224290847778320e-01 1.093418821692466736e-01
-7.334370613098144531e-01 1.294017434120178223e-01 -6.028504967689514160e-01
-9.880965352058410645e-01 -3.132645785808563232e-02 7.771036624908447266e-01
-8.212159872055053711e-01 1.591386049985885620e-01 -5.514530539512634277e-01
8.132069110870361328e-01 -3.712816536426544189e-01 2.244024164974689484e-02
3.721356987953186035e-01 9.119765758514404297e-01 1.069601401686668396e-01
7.031784951686859131e-02 -4.645153284072875977e-01 -1.527653038501739502e-01
-2.653480172157287598e-01 -9.430441260337829590e-01 -6.108132004737854004e-01
2.135649323463439941e-01 4.207451641559600830e-01 -2.823793292045593262e-01
-1.111870333552360535e-01 3.288199603557586670e-01 3.192004561424255371e-02
-5.412480235099792480e-01 -9.785396456718444824e-01 -5.122079327702522278e-02
-4.693547189235687256e-01 3.940619528293609619e-01 -2.952183485031127930e-01
5.878599286079406738e-01 4.820662140846252441e-01 6.514099240303039551e-02
1.297332197427749634e-01 -3.408406972885131836e-01 -1.819977015256881714e-01
-2.127249091863632202e-01 -9.058366417884826660e-01 -8.233415335416793823e-02
1.845849603414535522e-01 6.999213695526123047e-01 3.057198524475097656e-01
2.231586277484893799e-01 -2.059311568737030029e-01 5.999302119016647339e-02
-8.598227798938751221e-02 -1.062773391604423523e-01 1.505818963050842285e-01
4.110177233815193176e-02 -4.746461808681488037e-01 -1.321197599172592163e-01
-4.790627360343933105e-01 5.183869600296020508e-01 9.336001276969909668e-01
-5.012028813362121582e-01 -6.886509060859680176e-01 6.479319930076599121e-02
9.595052003860473633e-01 8.048861026763916016e-01 9.189448505640029907e-02
-7.594227790832519531e-01 2.782716974616050720e-02 -1.408517360687255859e-01
2.145629525184631348e-01 5.658475160598754883e-01 -8.408218622207641602e-02
5.124830007553100586e-01 5.837914943695068359e-01 2.649024426937103271e-01
-1.958771646022796631e-01 -3.894006013870239258e-01 -4.292715340852737427e-02
-3.086379766464233398e-01 -3.995713293552398682e-01 -7.198835164308547974e-02
-2.665531039237976074e-01 -9.633867144584655762e-01 -3.648391366004943848e-01
-1.722974479198455811e-01 -2.372120916843414307e-01 1.925382465124130249e-01
-3.673314452171325684e-01 6.883729696273803711e-01 -6.478993892669677734e-01
5.442672967910766602e-01 9.322941303253173828e-01 4.385981708765029907e-02
2.705082893371582031e-01 -3.786127567291259766e-01 -4.085569679737091064e-01
-4.856095612049102783e-01 1.048263087868690491e-01 -7.169323414564132690e-02
-7.542497515678405762e-01 -4.893421530723571777e-01 -1.099945977330207825e-01
-1.935859955847263336e-02 3.217409551143646240e-01 -1.684186458587646484e-01
-2.160184383392333984e-01 -4.892005026340484619e-01 3.339735269546508789e-01
4.433025121688842773e-01 7.561484575271606445e-01 4.303485527634620667e-02
1.408638805150985718e-01 6.682706475257873535e-01 1.523294895887374878e-01
2.260462641716003418e-01 4.972819685935974121e-01 2.235880494117736816e-01
7.207653522491455078e-01 -5.898527503013610840e-01 -9.919015765190124512e-01
2.353698164224624634e-01 8.026294708251953125e-01 -2.251713126897811890e-01
-8.082151412963867188e-02 -6.515913456678390503e-02 6.808970123529434204e-02
-6.908312439918518066e-01 1.953710317611694336e-01 -3.568373247981071472e-02
5.450263246893882751e-02 1.543321460485458374e-01 -6.809225678443908691e-02
-1.105332598090171814e-01 -2.074957080185413361e-02 3.513085097074508667e-02
-6.414131075143814087e-02 2.027037292718887329e-01 2.270961999893188477e-01
1.787849515676498413e-01 4.429547190666198730e-01 4.569874703884124756e-01
-5.010765045881271362e-02 -4.821537137031555176e-01 -4.405113309621810913e-02
5.230923295021057129e-01 4.197666943073272705e-01 9.713433682918548584e-02
3.909968957304954529e-02 7.371522188186645508e-01 2.707260549068450928e-01
6.822896003723144531e-01 6.804980039596557617e-01 1.082895994186401367e-01
-3.056589066982269287e-01 -4.231579303741455078e-01 1.708318293094635010e-01
-1.018787547945976257e-01 9.586536288261413574e-01 -1.703812628984451294e-01
1.665068566799163818e-01 -9.204411506652832031e-01 -3.541531413793563843e-02
3.408895572647452354e-03 3.012371361255645752e-01 3.626722097396850586e-02
-9.231641888618469238e-01 1.397305428981781006e-01 -7.893183231353759766e-01
4.147155284881591797e-01 1.172515228390693665e-01 9.126062989234924316e-01
-6.862132251262664795e-02 1.464460045099258423e-01 1.130179986357688904e-01
-1.946286410093307495e-01 -7.812456488609313965e-01 -1.071341931819915771e-01
-3.137506172060966492e-02 5.387507081031799316e-01 -2.826069109141826630e-02
-1.805730462074279785e-01 -4.381650388240814209e-01 -5.042399764060974121e-01
-1.202640011906623840e-01 -6.069302186369895935e-02 -3.340874984860420227e-02
-9.720913767814636230e-01 -6.315428614616394043e-01 -1.124470084905624390e-01
-6.703502535820007324e-01 -7.118136882781982422e-01 4.087053611874580383e-02
-2.682770192623138428e-01 -2.376877963542938232e-01 -2.816400825977325439e-01
-7.723282091319561005e-03 2.982566952705383301e-01 1.023752987384796143e-02
-6.569106578826904297e-01 -4.900472983717918396e-02 4.163556694984436035e-01
1.360649764537811279e-01 6.453665494918823242e-01 -1.247885227203369141e-01
-3.764611184597015381e-01 -7.210948467254638672e-01 -7.654802501201629639e-02
4.104714468121528625e-02 3.138757944107055664e-01 2.659876458346843719e-02
2.463250905275344849e-01 8.738809227943420410e-01 2.702279686927795410e-01
7.049738196656107903e-04 9.423778057098388672e-01 -1.688823252916336060e-01
-2.857750654220581055e-01 4.600043892860412598e-01 8.060868829488754272e-02
-9.946034550666809082e-01 1.884384006261825562e-01 -1.091060712933540344e-01
-7.079302519559860229e-02 6.623837351799011230e-01 -3.447453305125236511e-02
5.601384118199348450e-02 2.636010348796844482e-01 2.421147674322128296e-01
-6.133604794740676880e-02 1.913616955280303955e-01 -5.691997334361076355e-02
-1.249661892652511597e-01 -2.358305901288986206e-01 -3.592678532004356384e-02
1.787655055522918701e-01 3.050024807453155518e-01 -9.598248451948165894e-02
1.892558634281158447e-01 -2.998383343219757080e-01 -6.509054899215698242e-01
3.073171079158782959e-01 -7.035931944847106934e-01 2.842574417591094971e-01
-2.794153690338134766e-01 9.440076947212219238e-01 -8.454918861389160156e-05
-3.098211288452148438e-01 -6.261266767978668213e-03 -4.510100558400154114e-02
4.982712566852569580e-01 2.023778259754180908e-01 1.803868561983108521e-01
-5.387594103813171387e-01 3.569915145635604858e-02 -5.375908017158508301e-01
-1.853755563497543335e-01 -4.893620908260345459e-01 -6.376162767410278320e-01
-3.835313022136688232e-01 2.221408486366271973e-01 -1.993055045604705811e-01
-3.211314976215362549e-01 -4.070751965045928955e-01 2.737228572368621826e-01
2.540787458419799805e-01 -7.002752423286437988e-01 -5.785684287548065186e-02
6.668149828910827637e-01 1.927485764026641846e-01 3.570449650287628174e-01
5.959064364433288574e-01 6.715036630630493164e-01 3.292089104652404785e-01
-4.857666194438934326e-01 -1.808775365352630615e-01 -1.213179379701614380e-01
1.391326487064361572e-01 4.133931696414947510e-01 2.781094610691070557e-01
-2.149491608142852783e-01 5.333558320999145508e-01 4.865182638168334961e-01
-5.572560429573059082e-01 -7.331979870796203613e-01 1.495838761329650879e-01
-3.148120343685150146e-01 2.477634996175765991e-01 -2.299752235412597656e-01
-6.596235930919647217e-02 -7.376907020807266235e-02 -1.088135018944740295e-01
-2.143188118934631348e-01 4.689476788043975830e-01 6.313646584749221802e-02
-1.660287082195281982e-01 -5.568974018096923828e-01 -4.555780291557312012e-01
-4.656430482864379883e-01 -3.385415375232696533e-01 -2.522548139095306396e-01
-5.184070467948913574e-01 2.669290900230407715e-01 3.775173425674438477e-01
-4.505609571933746338e-01 -3.938188254833221436e-01 -2.061345726251602173e-01
-1.845832616090774536e-01 -7.326872646808624268e-02 4.305038135498762131e-03
8.914995789527893066e-01 2.021396160125732422e-01 -5.758657455444335938e-01
-1.147417128086090088e-01 7.113469243049621582e-01 -5.461630821228027344e-01
4.064958691596984863e-01 -2.195986807346343994e-01 -2.079358696937561035e-01
-8.744687587022781372e-02 -3.295432031154632568e-02 2.829026058316230774e-02
-3.952346444129943848e-01 -1.840343326330184937e-01 -1.769944727420806885e-01
1.567914485931396484e-01 7.395975589752197266e-01 3.431054353713989258e-01
-3.982585072517395020e-01 1.224165782332420349e-01 1.957680284976959229e-01
-2.637908160686492920e-01 -2.054831832647323608e-01 -7.411644607782363892e-02
-1.692511886358261108e-01 7.415954023599624634e-02 3.660264983773231506e-02
-8.258105069398880005e-02 8.649401664733886719e-01 -4.359722509980201721e-02
-2.517218003049492836e-03 -1.432184278964996338e-01 -1.541581153869628906e-01
-1.145783811807632446e-01 7.770217657089233398e-01 1.911250650882720947e-01
7.534316778182983398e-01 -6.809632182121276855e-01 -9.130573868751525879e-01
6.228294372558593750e-01 -3.422520756721496582e-01 7.011203169822692871e-01
-4.540106356143951416e-01 8.599023222923278809e-01 -2.289775609970092773e-01
-9.577935934066772461e-01 4.163062572479248047e-01 -6.409427523612976074e-01
8.347648382186889648e-01 5.821070671081542969e-01 3.961714804172515869e-01
1.791512034833431244e-02 -8.489425182342529297e-01 -7.259332388639450073e-02
-5.424536466598510742e-01 -1.431386768817901611e-01 -6.128252744674682617e-01
3.674452900886535645e-01 7.354315519332885742e-01 -3.066274523735046387e-01
3.953473865985870361e-01 6.677427291870117188e-01 6.549707800149917603e-02
-4.118382632732391357e-01 -9.455778449773788452e-02 -6.623786091804504395e-01
-4.388019144535064697e-01 -8.002474308013916016e-01 -4.655378162860870361e-01
-4.028013646602630615e-01 5.154293775558471680e-02 1.044647991657257080e-01
-1.434424519538879395e-02 8.005951642990112305e-01 1.538252532482147217e-01
-8.139428496360778809e-01 -9.003609418869018555e-01 -2.403295487165451050e-01
1.779031604528427124e-01 1.480578444898128510e-02 -1.039852425456047058e-01
-8.930013775825500488e-01 1.340776979923248291e-01 -2.343895137310028076e-01
-3.521264791488647461e-01 3.184244036674499512e-01 1.486236602067947388e-01
-3.751280605792999268e-01 -8.357496261596679688e-01 1.473934352397918701e-01
-2.279182970523834229e-01 8.375728726387023926e-01 4.998440146446228027e-01
-3.922644555568695068e-01 -7.102813720703125000e-01 7.589671295136213303e-03
-1.107279881834983826e-01 -3.877831250429153442e-02 -4.065328836441040039e-01
2.009997814893722534e-01 -8.699383735656738281e-01 -4.560081064701080322e-01
-7.947389036417007446e-02 8.356096595525741577e-02 6.508177518844604492e-02
2.359529882669448853e-01 4.636321365833282471e-01 9.251114130020141602e-01
-3.003597259521484375e-01 -5.560725927352905273e-01 -6.636379985138773918e-04
-2.905891239643096924e-01 -3.135652244091033936e-01 -3.686036765575408936e-01
4.411145672202110291e-02 -8.866753578186035156e-01 3.572323322296142578e-01
-5.771211981773376465e-01 -7.277525067329406738e-01 9.209320694208145142e-02
-9.591159224510192871e-02 8.640000820159912109e-01 2.904483675956726074e-01
-6.025218963623046875e-01 -6.555647253990173340e-01 2.358498424291610718e-01
-2.393604665994644165e-01 -6.283546984195709229e-02 -9.410128742456436157e-02
-8.882250636816024780e-02 -5.052679181098937988e-01 -6.658383011817932129e-01
7.262276411056518555e-01 7.136297225952148438e-01 6.744293868541717529e-02
-4.258081316947937012e-01 -2.060646191239356995e-02 8.999079465866088867e-02
2.143771201372146606e-01 -2.991341054439544678e-01 1.208262443542480469e-01
-6.097020506858825684e-01 1.504611968994140625e-01 -2.890642881393432617e-01
-9.701982140541076660e-01 -1.269353777170181274e-01 3.828905895352363586e-02
9.338400959968566895e-01 3.880412280559539795e-01 3.305432796478271484e-01
1.250932812690734863e-01 3.942242562770843506e-01 3.485408127307891846e-01
-1.230803597718477249e-02 -3.242557346820831299e-01 2.161988429725170135e-02
8.862817287445068359e-01 7.794590592384338379e-01 7.549349963665008545e-02
-8.674467802047729492e-01 -4.671157002449035645e-01 -2.736226022243499756e-01
-4.932836294174194336e-01 2.247597575187683105e-01 -3.361841291189193726e-02
-3.302702009677886963e-01 6.129733920097351074e-01 -1.616410166025161743e-01
-2.998446822166442871e-01 -2.850359976291656494e-01 -4.845174551010131836e-01
6.507079303264617920e-02 8.937485516071319580e-02 -5.536227300763130188e-02
3.285968899726867676e-01 -5.714498758316040039e-01 4.518896937370300293e-01
1.906855553388595581e-01 7.778733968734741211e-01 1.103590130805969238e-01
4.117147028446197510e-01 -7.564852237701416016e-01 -9.095835089683532715e-01
-2.505025267601013184e-01 -6.131590008735656738e-01 8.783689141273498535e-02
2.091534286737442017e-01 6.832067966461181641e-01 3.201618790626525879e-01
8.070092201232910156e-01 -5.062377452850341797e-01 -4.282573461532592773e-01
1.643348783254623413e-01 2.119543105363845825e-01 -1.068600118160247803e-01
-5.123763680458068848e-01 -6.822062730789184570e-01 -3.994743824005126953e-01
-2.628903388977050781e-01 -3.540088236331939697e-01 -7.227255403995513916e-02
3.506488204002380371e-01 6.297450661659240723e-01 6.055651903152465820e-01
3.474220037460327148e-01 9.170749187469482422e-01 -1.274162828922271729e-01
8.024933338165283203e-01 9.611096233129501343e-02 7.078583836555480957e-01
-1.707097142934799194e-01 2.175857573747634888e-01 1.109850853681564331e-01
-1.471935361623764038e-01 7.269165515899658203e-01 2.533622384071350098e-01
-2.348564416170120239e-01 -9.339674711227416992e-01 2.551724612712860107e-01
-1.548619270324707031e-01 -2.512139678001403809e-01 -1.622226983308792114e-01
8.202900290489196777e-01 6.895167231559753418e-01 4.015946015715599060e-02
-3.821000456809997559e-01 3.533754646778106689e-01 2.176846750080585480e-02
-2.061111778020858765e-01 2.701112627983093262e-01 1.064241454005241394e-01
-1.313815414905548096e-01 2.976329028606414795e-01 1.357892155647277832e-02
-4.632249474525451660e-01 -7.651705741882324219e-01 -1.242863386869430542e-01
-5.138222575187683105e-01 -6.888165473937988281e-01 -1.596630364656448364e-01
-6.843064427375793457e-01 7.568513154983520508e-01 9.786401987075805664e-01
2.582283616065979004e-01 6.929266452789306641e-01 1.438725292682647705e-01
-6.325386762619018555e-01 -6.140978336334228516e-01 3.533203154802322388e-02
4.542597234249114990e-01 9.197614192962646484e-01 2.562265843152999878e-02
-6.177255511283874512e-01 -1.517829000949859619e-01 2.901917994022369385e-01
-4.790952503681182861e-01 4.569878280162811279e-01 4.970769882202148438e-01
-4.858226180076599121e-01 -3.609492182731628418e-01 -1.714742928743362427e-01
-1.026722509413957596e-02 5.321096181869506836e-01 1.481900662183761597e-01
2.356943190097808838e-01 4.309503436088562012e-01 2.216721326112747192e-01
-9.311086535453796387e-01 6.163172721862792969e-01 -8.890150189399719238e-01
8.379461169242858887e-01 -4.215831756591796875e-01 -3.960061669349670410e-01
3.776002526283264160e-01 3.636502325534820557e-01 -2.666610181331634521e-01
-4.310085773468017578e-01 1.593616753816604614e-01 -1.541847884654998779e-01
-1.295590400695800781e-01 -1.879720687866210938e-01 -1.363164186477661133e-01
-5.543836206197738647e-02 5.749902129173278809e-01 2.265791893005371094e-01
-3.167844414710998535e-01 1.106067076325416565e-01 -1.035120338201522827e-01
8.568801730871200562e-02 7.305460572242736816e-01 5.845217779278755188e-02
-2.031950652599334717e-01 5.684229731559753418e-01 3.227792084217071533e-01
9.353641271591186523e-01 5.581750869750976562e-01 2.929217219352722168e-01
7.012401819229125977e-01 6.521743535995483398e-01 5.526063442230224609e-01
-1.769925653934478760e-01 -1.126184388995170593e-01 1.500763446092605591e-01
-3.789591193199157715e-01 -3.458510935306549072e-01 5.961564555764198303e-02
-4.732413887977600098e-01 2.039187029004096985e-02 3.213181197643280029e-01
-9.347168803215026855e-01 5.321331024169921875e-01 7.789925932884216309e-01
-5.117073655128479004e-01 6.245531439781188965e-01 -3.844559192657470703e-01
1.136128082871437073e-01 -7.061309814453125000e-01 3.173606395721435547e-01
9.108996391296386719e-02 2.972076833248138428e-01 4.022816419601440430e-01
-8.110467344522476196e-02 -2.791164219379425049e-01 1.041893288493156433e-01
-5.102370977401733398e-01 -2.034577876329421997e-01 -7.515169680118560791e-02
-2.820142209529876709e-01 -1.962538510560989380e-01 9.327213466167449951e-02
-3.108137547969818115e-01 -5.853949189186096191e-01 -3.696910738945007324e-01
-5.676208529621362686e-03 4.268697500228881836e-01 -4.988949298858642578e-01
-2.803472988307476044e-02 -5.772933363914489746e-01 -1.486041247844696045e-01
5.690862536430358887e-01 8.512208610773086548e-02 -1.787819564342498779e-01
-3.077771067619323730e-01 2.898631803691387177e-02 -7.606071233749389648e-01
-8.920040130615234375e-01 -1.225803792476654053e-01 -1.992094367742538452e-01
4.665212035179138184e-01 -9.396196007728576660e-01 1.552659645676612854e-02
-1.105370838195085526e-02 1.112379282712936401e-01 -2.331488579511642456e-01
2.052289247512817383e-01 9.280586838722229004e-01 4.358227550983428955e-01
-1.801942437887191772e-01 -1.896206587553024292e-01 -2.485776785761117935e-03
-3.016326725482940674e-01 3.502232134342193604e-01 -7.007437944412231445e-02
8.449814915657043457e-01 5.841862559318542480e-01 3.593481481075286865e-01
-3.771982192993164062e-01 -5.355756878852844238e-01 6.010491028428077698e-02
-1.123675554990768433e-01 -2.971417829394340515e-02 -2.856662869453430176e-01
6.753878593444824219e-01 3.878008425235748291e-01 3.703730106353759766e-01
2.314595133066177368e-02 7.183861136436462402e-01 -1.419322639703750610e-01
-2.240894734859466553e-01 9.568534493446350098e-01 5.105788111686706543e-01
6.777395606040954590e-01 1.696553677320480347e-01 -5.818849429488182068e-02
-2.667182087898254395e-01 5.421038866043090820e-01 -5.834208056330680847e-02
-9.080363512039184570e-01 5.368407964706420898e-01 -1.844527721405029297e-01
-5.417224019765853882e-02 6.319886445999145508e-02 3.854795545339584351e-02
-6.995219588279724121e-01 -6.234403252601623535e-01 5.027450993657112122e-02
7.731488943099975586e-01 7.464123368263244629e-01 2.130157053470611572e-01
-3.577508926391601562e-01 -5.961580872535705566e-01 -3.012744784355163574e-01
-1.956489384174346924e-01 -2.314931005239486694e-01 -8.695808798074722290e-02
4.521750509738922119e-01 -1.800385266542434692e-01 -4.439543187618255615e-01
1.461236774921417236e-01 -2.662259042263031006e-01 -3.534116968512535095e-02
-9.325113892555236816e-01 -6.101042777299880981e-02 -2.644206285476684570e-01
4.734394550323486328e-01 -2.258880883455276489e-01 2.349236160516738892e-01
2.264784276485443115e-01 4.687540531158447266e-01 3.027314543724060059e-01
6.841867566108703613e-01 2.151883840560913086e-01 -4.443411901593208313e-02
6.932918429374694824e-01 6.556404232978820801e-01 3.253044784069061279e-01
-2.240639030933380127e-01 1.294905990362167358e-01 1.302932202816009521e-01
-4.064281880855560303e-01 -8.397153615951538086e-01 7.384533286094665527e-01
-1.072108745574951172e-01 7.254114151000976562e-01 2.964163124561309814e-01
-4.838728010654449463e-01 -1.228097919374704361e-02 -4.787299409508705139e-02
-3.067588210105895996e-01 -3.608671128749847412e-01 -3.618013560771942139e-01
1.458920240402221680e-01 7.395334243774414062e-01 1.530762016773223877e-01
-4.744790494441986084e-01 1.450961679220199585e-01 1.214648112654685974e-01
1.492435336112976074e-01 2.123996168375015259e-01 -2.692877650260925293e-01
8.313484191894531250e-01 -2.370277941226959229e-01 -1.477914303541183472e-01
-1.912344098091125488e-01 8.795753866434097290e-02 -2.485475502908229828e-02
4.398310780525207520e-01 8.200560808181762695e-01 3.354898989200592041e-01
-1.755544692277908325e-01 6.880643963813781738e-01 2.285915911197662354e-01
-4.889867827296257019e-02 -6.922363042831420898e-01 -6.322543621063232422e-01
-6.179884672164916992e-01 -8.236423134803771973e-02 -3.469939529895782471e-01
8.641802072525024414e-01 4.614253044128417969e-01 2.363538891077041626e-01
-4.490069150924682617e-01 -2.633953988552093506e-01 -4.332010149955749512e-01
-3.194561973214149475e-02 1.485430002212524414e-01 3.307548165321350098e-02
-1.556184738874435425e-01 -1.479986310005187988e-01 -8.223955333232879639e-02
-2.916933000087738037e-01 -5.369879007339477539e-01 -1.184770166873931885e-01
-6.734627485275268555e-01 -2.641589343547821045e-01 -2.574123144149780273e-01
-2.232016175985336304e-01 3.624715507030487061e-01 -7.152108848094940186e-02
2.006307840347290039e-01 2.164313346147537231e-01 8.149800822138786316e-03
-5.010311603546142578e-01 -4.315353035926818848e-01 -2.841559946537017822e-01
1.127576753497123718e-01 -4.231069684028625488e-01 -7.683247923851013184e-01
-9.208623319864273071e-02 -6.208392381668090820e-01 -1.411260664463043213e-01
-6.783578991889953613e-01 -7.682065367698669434e-01 -8.228951692581176758e-02
-3.165552318096160889e-01 7.675229907035827637e-01 -7.024069428443908691e-01
4.530177712440490723e-01 1.392822805792093277e-02 -2.543245553970336914e-01
3.267740905284881592e-01 6.462109088897705078e-01 -2.078512310981750488e-01
-9.834150224924087524e-02 5.627664327621459961e-01 -2.062385901808738708e-02
-6.275618076324462891e-02 7.487989217042922974e-02 1.590890437364578247e-01
-1.887447834014892578e-01 -3.845239281654357910e-01 -9.225521087646484375e-01
3.685273230075836182e-01 5.847845673561096191e-01 3.653340637683868408e-01
-1.190220564603805542e-01 1.312700808048248291e-01 -8.051464706659317017e-02
6.364244222640991211e-01 8.205698728561401367e-01 3.719350099563598633e-01
6.366705894470214844e-01 8.335785865783691406e-01 1.635192334651947021e-01
-6.932650208473205566e-01 -8.286891579627990723e-01 3.318341672420501709e-01
-2.801199853420257568e-01 -3.904750943183898926e-01 -2.812925577163696289e-01
8.645758032798767090e-02 7.128141522407531738e-01 2.228182107210159302e-01
2.821865379810333252e-01 -2.833171784877777100e-01 -1.415515542030334473e-01
-7.977486252784729004e-01 -2.326097190380096436e-01 -7.191598415374755859e-01
