-6.230955719947814941e-01
6.337251663208007812e-01
2.602440118789672852e-01
-5.917394161224365234e-02
-3.970884084701538086e-01
1.456458270549774170e-01
9.278266876935958862e-02
4.046438336372375488e-01
1.332324147224426270e-01
9.114136695861816406e-01
-2.354206144809722900e-01
5.988675728440284729e-02
7.537785768508911133e-01
3.800128400325775146e-01
7.841129601001739502e-02
6.208683550357818604e-02
3.941375017166137695e-01
-5.729869604110717773e-01
3.616643548011779785e-01
-9.288827329874038696e-02
1.126770451664924622e-01
1.598983556032180786e-01
-4.295703768730163574e-01
7.914299517869949341e-02
3.602904379367828369e-01
-5.018045306205749512e-01
6.592253446578979492e-01
3.818012177944183350e-01
3.322585821151733398e-01
-1.727575808763504028e-01
7.716965675354003906e-01
2.044098451733589172e-03
-6.787089705467224121e-01
9.537661820650100708e-02
1.126805171370506287e-01
-8.874605596065521240e-02
4.015176296234130859e-01
7.061240077018737793e-02
7.411584258079528809e-01
8.989059925079345703e-02
-4.159488156437873840e-02
-4.087036848068237305e-02
7.194584012031555176e-01
-6.886189579963684082e-01
5.749964714050292969e-01
3.719030618667602539e-01
1.067114099860191345e-01
2.739115655422210693e-01
1.330679059028625488e-01
8.187497407197952271e-02
-7.017201185226440430e-02
-7.205201983451843262e-01
2.460762709379196167e-01
-4.048977047204971313e-02
8.993612974882125854e-02
1.303572505712509155e-01
-3.869688808917999268e-01
2.747144401073455811e-01
1.039867401123046875e-01
9.887565970420837402e-01
8.281813561916351318e-02
6.763166282325983047e-03
3.749060034751892090e-01
7.477506250143051147e-02
9.275494813919067383e-01
-2.269183471798896790e-02
8.313369750976562500e-01
6.120037436485290527e-01
-9.956848621368408203e-01
1.486140340566635132e-01
7.683843374252319336e-01
-2.094005644321441650e-01
5.588382109999656677e-02
6.125940382480621338e-02
3.564835190773010254e-01
4.107341468334197998e-01
8.736087083816528320e-01
7.776345014572143555e-01
4.274595081806182861e-01
-2.819831669330596924e-02
6.510378122329711914e-01
2.287761270999908447e-01
3.583831191062927246e-01
-8.853375166654586792e-02
6.597552299499511719e-01
-6.790926456451416016e-01
3.384167850017547607e-01
-4.306218028068542480e-01
-3.875876963138580322e-02
-1.990789547562599182e-02
5.170800536870956421e-02
1.517862826585769653e-01
2.626731097698211670e-01
3.575998842716217041e-01
3.760094940662384033e-02
6.513430476188659668e-01
4.126987457275390625e-01
-9.750962257385253906e-01
-4.119686782360076904e-01
-1.405182033777236938e-01
1.260171178728342056e-02
4.634816050529479980e-01
-6.837168931961059570e-01
-1.475213170051574707e-01
9.389728903770446777e-01
2.709457464516162872e-02
3.126093447208404541e-01
8.336737751960754395e-02
1.588552147150039673e-01
1.672164537012577057e-02
-2.402434498071670532e-02
-5.606352537870407104e-02
-2.418017946183681488e-02
9.796074032783508301e-01
-2.611368000507354736e-01
7.062381505966186523e-02
8.199444413185119629e-02
1.502025723457336426e-01
4.040131717920303345e-02
1.170872077345848083e-01
1.882035881280899048e-01
1.006858721375465393e-01
7.416515350341796875e-01
3.950309753417968750e-01
7.820178270339965820e-01
8.974400758743286133e-01
1.696915626525878906e-01
8.314260244369506836e-01
-6.548403203487396240e-02
1.608308404684066772e-01
1.773616969585418701e-01
6.520741581916809082e-01
-3.457778394222259521e-01
9.265494942665100098e-01
-3.892630338668823242e-01
8.615412116050720215e-01
6.004035472869873047e-01
1.087577193975448608e-01
-9.103266596794128418e-01
4.443542361259460449e-01
7.115257382392883301e-01
1.903601139783859253e-01
-3.462232947349548340e-01
-3.482997417449951172e-01
9.989663958549499512e-01
5.560749396681785583e-02
6.796073913574218750e-01
6.532956361770629883e-01
1.269536018371582031e-01
6.449918150901794434e-01
7.682785391807556152e-01
3.332805037498474121e-01
8.148363977670669556e-02
7.698279619216918945e-01
-8.092216253280639648e-01
3.271897733211517334e-01
-9.090743958950042725e-02
-2.994379401206970215e-01
3.708442449569702148e-01
-6.456100940704345703e-02
-6.199274957180023193e-02
4.252769947052001953e-01
2.589369714260101318e-01
7.538965344429016113e-01
3.835651874542236328e-01
4.471701085567474365e-01
-1.792166680097579956e-01
4.762040674686431885e-01
-2.626780886203050613e-03
1.314767152070999146e-01
3.601394891738891602e-01
1.231847256422042847e-01
-4.109276831150054932e-01
-7.634041905403137207e-01
1.845034807920455933e-01
-1.278694272041320801e-01
-9.630048274993896484e-01
1.109455153346061707e-01
1.672808080911636353e-01
8.036474585533142090e-01
-3.773442208766937256e-01
-9.501942396163940430e-01
-9.138315320014953613e-01
-3.657182678580284119e-02
-2.480589039623737335e-02
2.725182473659515381e-01
-4.889919608831405640e-02
-3.324922025203704834e-01
-1.031219959259033203e-01
7.405421733856201172e-01
-7.035941481590270996e-01
8.619572520256042480e-01
3.664442300796508789e-01
3.482502996921539307e-01
3.202571868896484375e-01
-3.839802145957946777e-01
2.394731938838958740e-01
-7.454965710639953613e-01
3.398416340351104736e-01
1.573175191879272461e-01
9.356586933135986328e-01
3.688608109951019287e-01
4.990989267826080322e-01
1.645612120628356934e-01
8.039510250091552734e-01
3.566671609878540039e-01
-6.393806636333465576e-02
2.925047874450683594e-01
2.167721092700958252e-01
1.089806184172630310e-01
-1.029742732644081116e-01
-3.690325468778610229e-02
-3.550228774547576904e-01
-4.375786781311035156e-01
-7.454139590263366699e-01
6.494587659835815430e-01
6.607747077941894531e-01
2.001396715641021729e-01
8.838045597076416016e-01
3.667849600315093994e-01
-6.025446653366088867e-01
7.236032485961914062e-01
5.862767100334167480e-01
2.149160653352737427e-01
3.847750127315521240e-01
4.635138437151908875e-02
7.703163623809814453e-01
4.720347523689270020e-01
-6.364106535911560059e-01
2.085688263177871704e-01
7.191179692745208740e-02
1.483264118432998657e-01
3.783294856548309326e-01
7.161383628845214844e-01
-3.012203276157379150e-01
1.333286166191101074e-01
3.244693577289581299e-01
1.090584173798561096e-01
-5.777902603149414062e-01
4.278421700000762939e-01
4.290128052234649658e-01
6.195119619369506836e-01
9.350294619798660278e-02
-7.631634175777435303e-02
1.463398337364196777e-01
5.935274362564086914e-01
5.952467396855354309e-02
-6.028077006340026855e-02
1.808476001024246216e-01
5.763863399624824524e-02
6.499224305152893066e-01
7.290414571762084961e-01
1.232709363102912903e-01
3.733910620212554932e-01
1.366040259599685669e-01
8.320942521095275879e-02
1.871408373117446899e-01
2.072891294956207275e-01
1.635732203722000122e-01
1.986235193908214569e-02
-1.883813887834548950e-01
-4.071244224905967712e-02
4.105235636234283447e-01
-7.224876880645751953e-01
1.472339332103729248e-01
1.248682364821434021e-01
-3.228209316730499268e-01
3.586748614907264709e-02
6.243155002593994141e-01
4.099296927452087402e-01
4.073503613471984863e-01
5.349107831716537476e-02
1.233508288860321045e-01
1.809910386800765991e-01
3.652868866920471191e-01
8.309766650199890137e-02
1.207772493362426758e-01
7.584989070892333984e-02
1.873248815536499023e-01
-3.603254854679107666e-01
3.603501915931701660e-01
8.523356169462203979e-02
-6.543121337890625000e-01
-8.188800811767578125e-01
3.418439030647277832e-01
6.194062829017639160e-01
4.229481518268585205e-02
1.372082084417343140e-01
8.781532198190689087e-02
2.752007171511650085e-02
-6.048328056931495667e-02
7.315189838409423828e-01
5.844478681683540344e-02
1.626237630844116211e-01
2.163340598344802856e-01
-3.311812281608581543e-01
-5.051054805517196655e-02
-7.577754557132720947e-02
-5.827006697654724121e-01
-7.176207304000854492e-01
-6.016107797622680664e-01
7.907566428184509277e-01
7.256857752799987793e-01
1.018536612391471863e-01
5.200436115264892578e-01
-8.979064226150512695e-02
2.228186465799808502e-03
4.022604823112487793e-01
2.915665805339813232e-01
1.102395355701446533e-01
8.539825081825256348e-01
6.770998239517211914e-02
-5.565819144248962402e-01
-1.431284695863723755e-01
-8.154457807540893555e-01
-6.198453307151794434e-01
3.438236415386199951e-01
1.384653598070144653e-01
8.025915026664733887e-01
-8.406002819538116455e-02
-4.761967062950134277e-02
6.422960758209228516e-01
-7.381300628185272217e-02
-2.948051393032073975e-01
1.712602823972702026e-01
-3.848695755004882812e-01
-3.908490538597106934e-01
8.452464342117309570e-01
-7.834464907646179199e-01
-3.435893058776855469e-01
-8.730503320693969727e-01
-5.147363245487213135e-02
-1.331351995468139648e-01
2.261198163032531738e-01
6.631143093109130859e-01
3.634230792522430420e-01
7.612262964248657227e-01
8.510659933090209961e-01
1.183545961976051331e-01
2.037595063447952271e-01
5.734548717737197876e-02
4.075191915035247803e-01
7.907969355583190918e-01
7.705858349800109863e-01
-3.545807003974914551e-01
4.805179536342620850e-01
1.130575686693191528e-01
1.676357686519622803e-01
-8.701229840517044067e-02
1.980400830507278442e-01
-4.082301259040832520e-01
3.983633816242218018e-01
1.659052968025207520e-01
9.796743988990783691e-01
-8.112376332283020020e-01
-6.900811195373535156e-01
1.739189475774765015e-01
3.951226174831390381e-01
4.003727138042449951e-01
6.780108213424682617e-01
3.602678179740905762e-01
-7.518255710601806641e-01
6.788706183433532715e-01
-4.137686491012573242e-01
9.917960166931152344e-01
8.227282017469406128e-02
5.621271133422851562e-01
8.100416064262390137e-01
9.626357257366180420e-02
-6.830258965492248535e-01
-8.424000144004821777e-01
-3.595623075962066650e-01
-7.983046770095825195e-02
1.535026580095291138e-01
-7.297939062118530273e-01
1.502755135297775269e-01
7.341135293245315552e-02
-2.611488699913024902e-01
8.432728052139282227e-02
6.565962433815002441e-01
7.876058667898178101e-02
-8.387459814548492432e-02
1.681090742349624634e-01
-4.393061995506286621e-01
8.102365732192993164e-01
2.172423452138900757e-01
4.180620610713958740e-02
1.617969572544097900e-01
-4.927796125411987305e-02
-1.095361113548278809e-01
-6.472604721784591675e-02
-8.663750290870666504e-01
9.990163892507553101e-02
8.473613262176513672e-01
6.993736326694488525e-02
-4.151785075664520264e-01
7.276973724365234375e-01
-3.815405964851379395e-01
1.832508295774459839e-01
1.349081099033355713e-01
2.313183397054672241e-01
6.328357011079788208e-02
9.218034148216247559e-02
5.457715988159179688e-01
5.077034831047058105e-01
4.427642226219177246e-01
8.038656711578369141e-01
-5.544241517782211304e-02
-1.121222674846649170e-01
7.143358141183853149e-02
-6.111180409789085388e-02
4.077985882759094238e-01
6.465404033660888672e-01
-3.567319810390472412e-01
7.907049059867858887e-01
6.456511616706848145e-01
1.977107226848602295e-01
6.249966472387313843e-02
-4.951674863696098328e-02
-2.579184174537658691e-01
-7.214370369911193848e-01
4.047947525978088379e-01
-8.546542525291442871e-01
-9.171602874994277954e-02
-9.211312532424926758e-01
4.773227274417877197e-01
-3.953737914562225342e-01
-9.694930315017700195e-01
1.284632682800292969e-01
3.677518069744110107e-01
-2.767924368381500244e-01
5.663102269172668457e-01
6.216510534286499023e-01
-9.578390121459960938e-01
-4.393281340599060059e-01
3.490402102470397949e-01
8.148099780082702637e-01
5.743451714515686035e-01
3.691465556621551514e-01
-3.593644499778747559e-01
7.931967824697494507e-02
-9.270255267620086670e-02
9.208188205957412720e-02
5.292936563491821289e-01
1.466177552938461304e-01
3.548543155193328857e-01
1.755385696887969971e-01
7.633543610572814941e-01
6.319012492895126343e-02
3.340016305446624756e-01
-2.382704615592956543e-01
6.259228289127349854e-02
8.874296396970748901e-02
9.836499392986297607e-02
7.611790895462036133e-01
-3.357722461223602295e-01
1.419904679059982300e-01
1.467332243919372559e-01
6.036804318428039551e-01
7.883099913597106934e-01
8.716193586587905884e-02
-2.490579187870025635e-01
7.663024663925170898e-01
2.534079253673553467e-01
8.256571888923645020e-01
7.404585480690002441e-01
-4.917592927813529968e-02
1.320722550153732300e-01
9.048037976026535034e-02
-4.079797565937042236e-01
8.486508131027221680e-01
2.074143290519714355e-01
4.630334675312042236e-01
4.341384470462799072e-01
7.866535782814025879e-01
7.247728109359741211e-02
2.412487715482711792e-01
-1.146741360425949097e-01
5.340818166732788086e-01
-2.044008374214172363e-01
-3.705492317676544189e-01
3.659206926822662354e-01
6.138369068503379822e-02
4.530056193470954895e-02
3.935164809226989746e-01
6.304185390472412109e-01
8.232675790786743164e-01
-8.087333291769027710e-02
1.182070821523666382e-01
6.677296161651611328e-01
-8.959344625473022461e-01
3.588954210281372070e-01
2.761953771114349365e-01
-3.154275417327880859e-01
-7.872189283370971680e-01
-7.013411074876785278e-02
6.054633259773254395e-01
-7.499321699142456055e-01
1.590763628482818604e-01
1.390768140554428101e-01
2.357842624187469482e-01
4.036923646926879883e-01
3.688930720090866089e-02
4.081189036369323730e-01
3.872332870960235596e-01
-1.007692515850067139e-01
3.348724544048309326e-01
1.907500177621841431e-01
-8.932971954345703125e-02
-7.311210036277770996e-02
9.775812029838562012e-01
6.074983999133110046e-02
9.353978186845779419e-02
3.933078944683074951e-01
1.793791800737380981e-01
1.189018189907073975e-01
-8.230404257774353027e-01
5.327415466308593750e-01
1.349716931581497192e-01
8.621081709861755371e-02
7.191842794418334961e-01
7.308179140090942383e-01
-8.082239031791687012e-01
-5.446137115359306335e-02
7.610837221145629883e-01
4.215526282787322998e-01
2.393230497837066650e-01
9.552593231201171875e-01
8.615141510963439941e-01
1.038515716791152954e-01
3.872417807579040527e-01
1.004900485277175903e-01
1.080884262919425964e-01
7.793337702751159668e-01
3.519566059112548828e-01
3.915923535823822021e-01
3.437060415744781494e-01
-5.086791142821311951e-02
4.877715557813644409e-02
-5.601797699928283691e-01
4.538685679435729980e-01
1.599477380514144897e-01
3.046618700027465820e-01
3.444408476352691650e-01
-1.689528673887252808e-01
8.379154652357101440e-02
-8.631697893142700195e-01
-6.366165876388549805e-01
-7.392871379852294922e-02
-1.561429947614669800e-01
1.007949635386466980e-01
3.774809539318084717e-01
-6.563716530799865723e-01
5.971072241663932800e-02
2.725147008895874023e-01
7.970874905586242676e-01
-2.699876725673675537e-01
5.800065025687217712e-02
-9.752544164657592773e-01
8.549938201904296875e-01
-6.285839527845382690e-02
2.165480107069015503e-01
6.126942634582519531e-01
4.312464594841003418e-01
-8.096826262772083282e-03
-9.002894759178161621e-01
9.591524302959442139e-02
3.609892725944519043e-02
9.342063665390014648e-01
-9.750830531120300293e-01
8.202522993087768555e-02
1.374241113662719727e-01
6.549606472253799438e-02
8.362452387809753418e-01
5.121459960937500000e-01
-5.014559626579284668e-01
2.754175290465354919e-02
7.998195290565490723e-02
4.028666317462921143e-01
9.040625691413879395e-01
8.829290270805358887e-01
2.995824813842773438e-01
-7.945632934570312500e-01
4.599604308605194092e-01
7.961512804031372070e-01
2.470437288284301758e-01
4.365096688270568848e-01
1.217882558703422546e-01
6.715349853038787842e-02
1.490919589996337891e-01
2.147539258003234863e-01
6.582172960042953491e-02
4.485015198588371277e-02
6.209675669670104980e-01
6.992579251527786255e-02
6.112555786967277527e-02
4.129244387149810791e-01
4.006607532501220703e-01
-3.392545506358146667e-02
6.975981593132019043e-01
9.039785861968994141e-01
-9.145031571388244629e-01
6.233217194676399231e-02
3.833729922771453857e-01
5.901547670364379883e-01
-5.897870287299156189e-02
6.885845065116882324e-01
1.770706623792648315e-01
7.427568435668945312e-01
-5.668108537793159485e-02
8.950755596160888672e-01
4.205554127693176270e-01
-3.478896021842956543e-01
1.340621709823608398e-01
4.132927954196929932e-01
1.240292266011238098e-01
-9.333656430244445801e-01
3.982202410697937012e-01
3.526577353477478027e-01
8.480364829301834106e-02
8.467560261487960815e-02
3.647053539752960205e-01
-3.797175288200378418e-01
6.090288981795310974e-02
7.162518054246902466e-02
-1.343180388212203979e-01
3.772047162055969238e-01
1.186457574367523193e-01
4.980084598064422607e-01
2.189404331147670746e-02
-7.647094130516052246e-02
1.282185763120651245e-01
-6.788264960050582886e-02
-5.669304728507995605e-01
9.613212943077087402e-01
3.340781033039093018e-01
1.422159280627965927e-02
1.266602575778961182e-01
-8.186945915222167969e-01
7.564486265182495117e-01
-4.352498352527618408e-01
3.880130127072334290e-02
-4.882139563560485840e-01
3.070441186428070068e-01
8.504503369331359863e-01
-6.107439473271369934e-02
-3.266238272190093994e-01
9.702618122100830078e-01
2.377694398164749146e-01
-9.705691337585449219e-01
1.147805824875831604e-01
7.026078701019287109e-01
-7.248719781637191772e-02
-2.830761671066284180e-01
5.969290137290954590e-01
9.721785783767700195e-02
1.048508360981941223e-01
-6.969062983989715576e-02
4.727548360824584961e-01
-1.619285196065902710e-01
8.653321862220764160e-01
-6.611084342002868652e-01
3.286063969135284424e-01
6.570050716400146484e-01
4.139588400721549988e-02
-6.073074042797088623e-02
-2.768877744674682617e-01
8.435130864381790161e-02
1.137519478797912598e-01
8.968635201454162598e-01
6.366083025932312012e-02
1.228702962398529053e-01
-7.559331059455871582e-01
2.639814615249633789e-01
-8.777289837598800659e-02
7.821666002273559570e-01
7.112683057785034180e-01
4.314001798629760742e-01
-1.815508119761943817e-02
8.871197700500488281e-01
9.317510575056076050e-02
1.220523715019226074e-01
1.719764471054077148e-01
9.625256061553955078e-02
1.568298935890197754e-01
3.812539279460906982e-01
-6.283850967884063721e-02
3.850985467433929443e-01
7.197594046592712402e-01
8.545409440994262695e-01
-8.997220546007156372e-02
7.199643850326538086e-01
-1.887545734643936157e-01
2.296979278326034546e-01
-4.828514754772186279e-01
3.947163224220275879e-01
1.462757289409637451e-01
-2.950217425823211670e-01
3.474161922931671143e-01
-9.818784892559051514e-03
1.070092171430587769e-01
-6.465454101562500000e-01
-8.682981729507446289e-01
-7.817675918340682983e-02
2.527407109737396240e-01
7.415336370468139648e-02
3.198628127574920654e-01
-3.312879800796508789e-01
2.334656417369842529e-01
6.800912022590637207e-01
8.478446006774902344e-01
2.045841366052627563e-01
-6.655293703079223633e-01
7.680999040603637695e-01
3.142217397689819336e-01
2.190034836530685425e-01
7.228866964578628540e-02
2.879686653614044189e-01
7.675369083881378174e-02
-1.157410666346549988e-01
6.506881713867187500e-01
9.365560859441757202e-02
3.406703472137451172e-01
-5.817536730319261551e-03
-3.754884302616119385e-01
1.636910438537597656e-01
-8.282107114791870117e-02
-1.151154413819313049e-01
3.566546738147735596e-01
7.071238160133361816e-01
5.606106668710708618e-02
3.940069973468780518e-01
5.139486193656921387e-01
-3.219479024410247803e-01
1.561635583639144897e-01
1.049257963895797729e-01
1.792645603418350220e-01
-2.155382558703422546e-02
-7.190173491835594177e-03
1.334624439477920532e-01
-3.348871767520904541e-01
7.572429627180099487e-02
8.782045841217041016e-01
1.266892105340957642e-01
5.249043107032775879e-01
8.660653233528137207e-02
-6.807916164398193359e-01
6.323209404945373535e-01
1.269700378179550171e-01
1.459001749753952026e-01
1.128337830305099487e-01
7.652071118354797363e-01
1.426692865788936615e-02
4.078703522682189941e-01
3.036155402660369873e-01
4.112974703311920166e-01
7.694430351257324219e-01
-1.587769538164138794e-01
6.651471257209777832e-01
1.507146358489990234e-01
-1.003429666161537170e-01
9.958480596542358398e-01
7.919383049011230469e-01
1.076369285583496094e-01
-5.780404061079025269e-02
-2.386037111282348633e-01
2.926452755928039551e-01
-9.933918118476867676e-01
3.292693495750427246e-01
-4.258948266506195068e-01
4.763197004795074463e-01
-5.204651355743408203e-01
7.402647733688354492e-01
-2.564708888530731201e-01
3.858538568019866943e-01
-3.356576263904571533e-01
6.057664379477500916e-02
2.025033384561538696e-01
-2.160362452268600464e-01
2.534948289394378662e-01
2.229024320840835571e-01
-4.036565423011779785e-01
6.027982234954833984e-01
-8.112565875053405762e-01
7.877139747142791748e-02
-1.519175618886947632e-01
8.451507091522216797e-01
1.557800173759460449e-01
-7.543731480836868286e-02
3.776343166828155518e-01
4.210310876369476318e-01
8.395868539810180664e-01
3.939132094383239746e-01
2.620499432086944580e-01
7.528394460678100586e-01
-8.565381765365600586e-01
6.237106025218963623e-02
9.686153382062911987e-02
2.129988372325897217e-02
1.794200837612152100e-01
7.237583398818969727e-02
6.083492636680603027e-01
1.504618823528289795e-01
-7.365875691175460815e-02
4.873743951320648193e-01
-4.850308597087860107e-01
5.221143960952758789e-01
-3.913505077362060547e-01
-3.065540492534637451e-01
6.704372763633728027e-01
8.571527004241943359e-01
5.165386199951171875e-01
2.207179516553878784e-01
6.279036998748779297e-01
-4.221501052379608154e-01
7.213921844959259033e-02
7.457300424575805664e-01
3.247813582420349121e-01
1.010622233152389526e-01
2.175325304269790649e-01
-2.178509831428527832e-01
-1.912045627832412720e-01
3.499915897846221924e-01
3.437296450138092041e-01
-5.354030728340148926e-01
6.212341189384460449e-01
-7.088608294725418091e-02
2.795124351978302002e-01
-1.923843286931514740e-02
3.513896763324737549e-01
3.704800307750701904e-01
-5.203707814216613770e-01
6.958848237991333008e-01
4.467791914939880371e-01
3.569109737873077393e-01
1.068279668688774109e-01
4.831328988075256348e-01
2.705577015876770020e-01
6.003538966178894043e-01
4.548323452472686768e-01
8.513728976249694824e-01
5.649690628051757812e-01
-8.568155020475387573e-02
-2.981592118740081787e-01
4.641437232494354248e-01
-2.167465835809707642e-01
8.287166804075241089e-02
1.268956661224365234e-01
3.876232504844665527e-01
-3.753209710121154785e-01
-1.292424052953720093e-01
-8.082631230354309082e-02
-4.536904767155647278e-02
4.150609970092773438e-01
-4.847415164113044739e-02
1.336368825286626816e-02
5.588761065155267715e-03
-4.533976912498474121e-01
-2.076141685247421265e-01
1.549203246831893921e-01
7.772520184516906738e-01
8.252900093793869019e-03
4.410933554172515869e-01
6.381109952926635742e-01
-4.880917072296142578e-02
3.555738925933837891e-01
5.915088653564453125e-01
7.719455957412719727e-01
5.111122131347656250e-01
5.301847457885742188e-01
2.427911609411239624e-01
-5.012533664703369141e-01
9.997858107089996338e-02
-7.507700920104980469e-01
7.225721478462219238e-01
-3.632496595382690430e-01
-2.925045229494571686e-02
5.313238501548767090e-01
-8.383216708898544312e-02
-1.821124553680419922e-01
2.319387346506118774e-01
5.937892794609069824e-01
8.742869496345520020e-01
6.968282461166381836e-01
2.856825292110443115e-01
-9.464138150215148926e-01
5.417518019676208496e-01
-6.577139347791671753e-02
-2.409972995519638062e-01
6.522033214569091797e-01
1.043161228299140930e-01
-3.498230129480361938e-02
1.251180768013000488e-01
1.541110724210739136e-01
5.201901793479919434e-01
2.283358722925186157e-01
-5.271396636962890625e-01
1.749140322208404541e-01
7.987062335014343262e-01
2.485968470573425293e-01
3.899317085742950439e-01
9.340315312147140503e-02
-6.666249036788940430e-02
-2.046971321105957031e-01
-1.306013576686382294e-02
4.961027503013610840e-01
-2.888272702693939209e-01
-4.649686515331268311e-01
-1.164486072957515717e-02
-2.401949614286422729e-01
7.238039970397949219e-01
6.485890746116638184e-01
3.420904576778411865e-01
4.134687483310699463e-01
8.119751699268817902e-03
-5.136254429817199707e-01
5.065455436706542969e-01
2.529889345169067383e-01
6.736052036285400391e-01
8.680661320686340332e-01
-8.656224608421325684e-01
-2.206137627363204956e-01
7.941725254058837891e-01
-3.537901490926742554e-02
-6.605808734893798828e-01
