5.674470588564872742e-02 -5.908488035202026367e-01
-1.226780712604522705e-01 7.978726029396057129e-01
-3.541204333305358887e-02 3.129690289497375488e-01
-8.307885378599166870e-02 -2.424772679805755615e-01
3.259192109107971191e-01 -4.429497122764587402e-01
5.368799343705177307e-02 3.134194314479827881e-01
-5.394365191459655762e-01 5.234050750732421875e-01
2.444315701723098755e-01 2.933472990989685059e-01
-7.032665610313415527e-02 1.107576638460159302e-01
6.684536337852478027e-01 6.741359233856201172e-01
-8.163332939147949219e-01 -7.170081138610839844e-01
-4.094523191452026367e-02 -2.444802373647689819e-01
-1.403370779007673264e-02 5.301399230957031250e-01
-1.311186254024505615e-01 3.794564902782440186e-01
-9.089138358831405640e-02 -5.481857433915138245e-02
1.823877245187759399e-01 -2.510458827018737793e-01
-4.077342525124549866e-02 4.290469288825988770e-01
7.399326562881469727e-02 -5.371387600898742676e-01
-7.800394296646118164e-02 3.316699862480163574e-01
-5.698367953300476074e-01 -2.001808136701583862e-01
-1.330538392066955566e-01 2.278255484998226166e-02
-1.137966066598892212e-01 6.082544848322868347e-02
3.286195397377014160e-01 -5.259804129600524902e-01
-6.561957001686096191e-01 -1.607844531536102295e-01
8.293785154819488525e-02 4.398104846477508545e-01
1.109743118286132812e-01 -6.207012534141540527e-01
-1.150167435407638550e-01 5.709609985351562500e-01
-6.949340701103210449e-01 6.636388301849365234e-01
-3.727487474679946899e-02 3.394248187541961670e-01
-3.069747388362884521e-01 -3.755810260772705078e-01
6.823807954788208008e-01 6.097744107246398926e-01
-6.271334737539291382e-02 -1.591214686632156372e-01
3.334882482886314392e-02 -6.197118163108825684e-01
-7.609108835458755493e-02 -6.349058449268341064e-02
2.373283952474594116e-01 1.045876592397689819e-01
-2.202081084251403809e-01 -4.341684877872467041e-01
-5.820566043257713318e-02 6.506082415580749512e-01
6.355118155479431152e-01 -5.050703287124633789e-01
5.022089481353759766e-01 4.329080581665039062e-01
-1.027934476733207703e-01 -2.731685042381286621e-01
-8.414273262023925781e-01 -2.309825718402862549e-01
-6.247503310441970825e-02 -1.739064455032348633e-01
-7.681988179683685303e-02 9.895481467247009277e-01
-2.415809184312820435e-01 -7.797726392745971680e-01
-2.128216475248336792e-01 8.126961588859558105e-01
-7.660710066556930542e-02 3.729592263698577881e-01
1.604525838047266006e-03 -7.176818698644638062e-02
-8.909848332405090332e-02 2.390064001083374023e-01
6.318544503301382065e-03 2.798036336898803711e-01
-1.146520823240280151e-01 -3.728329762816429138e-02
-2.699410915374755859e-01 -4.270036816596984863e-01
-5.013526082038879395e-01 -9.703081846237182617e-01
-9.968365728855133057e-02 2.387919276952743530e-01
-3.958258330821990967e-01 -4.316438138484954834e-01
2.612002491950988770e-01 7.400307804346084595e-02
-1.351259797811508179e-01 3.703145682811737061e-02
5.168784856796264648e-01 -6.543012857437133789e-01
-1.086860150098800659e-01 2.672206759452819824e-01
-1.213076487183570862e-01 -5.777175538241863251e-03
8.277721405029296875e-01 8.801224827766418457e-01
-3.861996904015541077e-02 -5.281203240156173706e-02
4.119518995285034180e-01 -4.445223510265350342e-01
-1.713815629482269287e-01 3.927558958530426025e-01
2.290786653757095337e-01 -3.157745003700256348e-01
4.231442809104919434e-01 8.492707610130310059e-01
4.628490507602691650e-01 -5.180720686912536621e-01
2.934682071208953857e-01 9.328771233558654785e-01
-1.507491916418075562e-01 7.463101744651794434e-01
-7.673169374465942383e-01 -9.466065764427185059e-01
-2.862823009490966797e-01 7.454629242420196533e-02
-6.267285346984863281e-02 7.558057904243469238e-01
-7.774552702903747559e-01 -2.348135262727737427e-01
-7.984645664691925049e-02 -2.850019931793212891e-01
1.835303157567977905e-01 -2.185656130313873291e-01
-1.623699963092803955e-01 3.726840019226074219e-01
-7.718246579170227051e-01 7.208514809608459473e-01
3.339289426803588867e-01 8.372774124145507812e-01
2.559672594070434570e-01 3.654265999794006348e-01
3.357764184474945068e-01 2.885908782482147217e-01
-8.261455893516540527e-01 -2.278478890657424927e-01
7.390087246894836426e-01 1.543155312538146973e-01
-3.984856978058815002e-02 2.633423805236816406e-01
-5.054788663983345032e-03 5.056985020637512207e-01
-7.494838833808898926e-01 -1.803002357482910156e-01
7.893098592758178711e-01 1.521086990833282471e-01
-1.699428856372833252e-01 -5.421519279479980469e-01
-1.668528914451599121e-01 3.467448055744171143e-01
8.146668970584869385e-02 -6.157018542289733887e-01
-4.353839457035064697e-01 -2.760430276393890381e-01
3.985836505889892578e-01 -4.569557309150695801e-01
1.384018920361995697e-03 -4.677861332893371582e-01
-8.888028562068939209e-02 1.072466149926185608e-01
-5.360718965530395508e-01 1.879217624664306641e-01
1.227767020463943481e-01 4.191881120204925537e-01
6.050150096416473389e-02 -5.013124942779541016e-01
6.573608517646789551e-01 4.103499352931976318e-01
2.098079919815063477e-01 3.593240082263946533e-01
-6.192741394042968750e-01 -8.537786602973937988e-01
2.933340668678283691e-01 -4.768052995204925537e-01
-2.744969129562377930e-01 -1.544184088706970215e-01
6.195734143257141113e-01 -5.938778519630432129e-01
-8.049434423446655273e-01 8.056145310401916504e-01
-2.008487284183502197e-01 -6.674892902374267578e-01
-2.228080183267593384e-01 -3.590024113655090332e-01
4.371446073055267334e-01 6.885665059089660645e-01
3.578445687890052795e-02 -5.149087905883789062e-01
-1.789870113134384155e-01 3.202622830867767334e-01
-2.618816681206226349e-02 -6.955888122320175171e-02
-7.393918931484222412e-02 1.178552061319351196e-01
2.412644475698471069e-01 -3.853065073490142822e-01
3.013520836830139160e-01 -3.933911919593811035e-01
-7.649134844541549683e-02 -1.953651756048202515e-01
2.869493961334228516e-01 -3.974712491035461426e-01
4.576033949851989746e-01 9.549441337585449219e-01
-9.961931705474853516e-01 -2.079515457153320312e-01
-2.981720305979251862e-02 -3.904540836811065674e-01
-7.749242335557937622e-02 -8.618266135454177856e-02
-8.366654068231582642e-02 8.916944265365600586e-02
-6.234429404139518738e-02 -1.775315552949905396e-01
-8.470340818166732788e-02 2.235814742743968964e-02
-2.655668370425701141e-02 2.834318578243255615e-01
-1.272621005773544312e-01 -1.604061760008335114e-02
-3.947268426418304443e-02 5.803573727607727051e-01
-8.076105266809463501e-02 3.800761699676513672e-01
2.991549670696258545e-01 7.635282278060913086e-01
7.958741188049316406e-01 6.828361749649047852e-01
-6.064798235893249512e-01 6.065004467964172363e-01
1.554210633039474487e-01 6.712697744369506836e-01
-8.804637193679809570e-02 -2.148657590150833130e-01
-1.019697040319442749e-01 5.082390829920768738e-02
4.696047678589820862e-02 2.693972289562225342e-01
3.781184852123260498e-01 3.217605054378509521e-01
4.520472586154937744e-01 -5.112349987030029297e-01
7.112331986427307129e-01 7.596539855003356934e-01
3.936311602592468262e-01 -5.417039394378662109e-01
6.779468059539794922e-01 6.487175226211547852e-01
4.389499723911285400e-01 3.101747334003448486e-01
-1.157930493354797363e-01 8.822450414299964905e-03
-5.999997854232788086e-01 -7.557082772254943848e-01
-1.210632920265197754e-01 8.827311396598815918e-01
3.786839544773101807e-01 3.423010408878326416e-01
1.424788981676101685e-01 3.165053129196166992e-01
3.674362599849700928e-01 -4.346452951431274414e-01
3.773580193519592285e-01 -4.059821069240570068e-01
9.825226068496704102e-01 9.123764634132385254e-01
1.987203359603881836e-01 -3.214801847934722900e-01
-1.385287940502166748e-01 6.106006503105163574e-01
3.871055543422698975e-01 2.989690303802490234e-01
-1.426188834011554718e-02 5.540820769965648651e-03
2.543249726295471191e-01 3.646447360515594482e-01
-4.188862442970275879e-02 6.773390769958496094e-01
3.036546409130096436e-01 9.601221084594726562e-01
-5.895445868372917175e-02 -4.361150413751602173e-02
6.448295116424560547e-01 5.806283354759216309e-01
-6.081010103225708008e-01 -7.681387066841125488e-01
-1.825792193412780762e-01 3.470582365989685059e-01
-1.292293220758438110e-01 -2.764119207859039307e-01
-7.613217830657958984e-01 -2.276612073183059692e-01
-6.821239739656448364e-02 3.673745691776275635e-01
2.191446721553802490e-01 -3.107320666313171387e-01
-8.796328902244567871e-01 -1.878294050693511963e-01
-1.220041736960411072e-01 4.518054723739624023e-01
-4.139799773693084717e-01 -1.184257119894027710e-01
5.305460095405578613e-01 4.693529605865478516e-01
-7.322011142969131470e-02 9.328363537788391113e-01
3.324783146381378174e-01 2.701262831687927246e-01
-2.077358067035675049e-01 -1.773550212383270264e-01
6.522687077522277832e-01 1.132968813180923462e-01
2.710663974285125732e-01 -4.076102972030639648e-01
-6.676273792982101440e-02 1.304657757282257080e-01
-2.158143818378448486e-01 4.236737489700317383e-01
-6.698846071958541870e-02 4.828860983252525330e-02
6.355755031108856201e-02 -5.894093513488769531e-01
-4.469741582870483398e-01 -8.379274010658264160e-01
1.540987342596054077e-01 3.200411200523376465e-01
-2.482030093669891357e-01 -1.009442955255508423e-01
-6.552816033363342285e-01 -8.059956431388854980e-01
-1.266896426677703857e-01 -2.367146685719490051e-02
-7.214263826608657837e-02 1.283472776412963867e-01
3.535918891429901123e-01 5.654817223548889160e-01
8.555498123168945312e-01 -9.229858517646789551e-01
-8.075063228607177734e-01 -8.860277533531188965e-01
-1.681723892688751221e-01 -4.753974974155426025e-01
2.800921499729156494e-01 -3.823665976524353027e-01
-5.006563663482666016e-01 -5.017167925834655762e-01
-1.004906445741653442e-01 3.128004968166351318e-01
-9.869693219661712646e-02 -2.341473400592803955e-01
-3.833347260951995850e-01 -5.027402043342590332e-01
-1.622169315814971924e-01 -3.704378604888916016e-01
2.595423161983489990e-01 8.140175342559814453e-01
-4.266954958438873291e-01 -9.452193975448608398e-01
3.856590986251831055e-01 7.017273902893066406e-01
-1.687828749418258667e-01 4.160617887973785400e-01
-1.048206933774054050e-03 4.123768210411071777e-01
-1.223912760615348816e-01 3.472969830036163330e-01
6.126384735107421875e-01 -7.318599224090576172e-01
-5.072481930255889893e-02 2.636681795120239258e-01
-3.912616074085235596e-01 -8.446884155273437500e-01
-9.879314154386520386e-02 3.523576259613037109e-01
2.731150574982166290e-02 2.383136749267578125e-01
8.928433060646057129e-01 8.751274943351745605e-01
-1.769489049911499023e-02 3.483743667602539062e-01
4.038271903991699219e-01 2.703671455383300781e-01
-4.028615951538085938e-01 -1.080681085586547852e-01
3.612160682678222656e-01 5.060873627662658691e-01
-4.326936230063438416e-02 3.365233540534973145e-01
-6.749397516250610352e-01 -1.843501627445220947e-01
-7.397321611642837524e-02 2.794153392314910889e-01
-1.019328683614730835e-01 1.943612992763519287e-01
-1.056920066475868225e-01 8.521007746458053589e-02
-1.498133987188339233e-01 -3.412673175334930420e-01
-4.792434871196746826e-01 -2.440029829740524292e-01
-4.823092222213745117e-01 -5.951020717620849609e-01
9.118371456861495972e-02 -7.541969418525695801e-01
-4.355045557022094727e-01 -6.274337172508239746e-01
3.382058143615722656e-01 3.194371759891510010e-01
-1.369399428367614746e-01 8.557633161544799805e-01
-3.832333907485008240e-02 1.942246258258819580e-01
4.592742323875427246e-01 7.071049213409423828e-01
9.519819915294647217e-02 4.483173191547393799e-01
5.904747545719146729e-02 -5.555797815322875977e-01
2.556940913200378418e-01 4.394419193267822266e-01
-1.456433385610580444e-01 8.127267956733703613e-01
-1.145592890679836273e-02 3.058627247810363770e-01
-1.532477438449859619e-01 4.170902073383331299e-01
-6.298241019248962402e-02 -1.982767134904861450e-01
1.594570577144622803e-01 7.232226729393005371e-01
3.811538219451904297e-01 2.734137177467346191e-01
2.648699469864368439e-02 -6.203256845474243164e-01
-4.500984773039817810e-02 2.969178259372711182e-01
-4.855296015739440918e-02 -3.398028910160064697e-01
-2.577146291732788086e-01 4.302721321582794189e-01
-1.398476660251617432e-01 3.817214965820312500e-01
6.359947472810745239e-02 4.332490861415863037e-01
-7.267962694168090820e-01 -3.178733587265014648e-01
-2.851670384407043457e-01 -6.840027868747711182e-02
4.891583323478698730e-02 3.878954052925109863e-01
-8.955666422843933105e-01 1.609186455607414246e-02
8.175928890705108643e-02 -5.767997503280639648e-01
-6.059260368347167969e-01 6.671534776687622070e-01
3.296616375446319580e-01 2.930672466754913330e-01
6.813035011291503906e-01 2.394250780344009399e-01
-1.165877878665924072e-01 -1.709568873047828674e-02
-2.865508496761322021e-01 -1.674662679433822632e-01
-4.091097041964530945e-02 7.802870124578475952e-02
-1.530329585075378418e-01 6.362239718437194824e-01
-4.553522542119026184e-02 -2.184649109840393066e-01
-6.012578010559082031e-01 -1.966496556997299194e-01
-1.837070658802986145e-02 2.401290982961654663e-01
2.456180006265640259e-01 -3.337771892547607422e-01
-1.128954291343688965e-01 5.586317181587219238e-01
6.912905573844909668e-01 5.263955593109130859e-01
-8.396467566490173340e-01 -7.588017731904983521e-02
1.293873135000467300e-02 3.856945037841796875e-01
-1.058540269732475281e-01 9.174320846796035767e-02
-1.551508158445358276e-01 2.675886824727058411e-02
-9.042642079293727875e-03 2.628618776798248291e-01
1.747883111238479614e-02 2.864037454128265381e-01
-6.127264499664306641e-01 6.404907107353210449e-01
2.713409960269927979e-01 -3.916020691394805908e-01
-9.989640116691589355e-01 5.400785431265830994e-02
-4.104204177856445312e-01 -3.116933405399322510e-01
2.989083230495452881e-01 2.256062179803848267e-01
-4.071289896965026855e-01 -8.362235426902770996e-01
9.936556220054626465e-01 -7.817330956459045410e-02
-5.069813728332519531e-01 -1.220329403877258301e-01
-6.225696206092834473e-01 -4.184796214103698730e-01
2.324729412794113159e-01 -3.504968285560607910e-01
-7.549508661031723022e-02 5.816897153854370117e-01
-6.291805207729339600e-02 7.752977609634399414e-01
-4.154676795005798340e-01 5.495202541351318359e-01
-1.383666247129440308e-01 -5.039427280426025391e-01
-3.274479508399963379e-02 2.383352816104888916e-02
-7.289898395538330078e-02 1.146823018789291382e-01
-7.273988425731658936e-02 3.068653643131256104e-01
-4.346872121095657349e-02 -3.307565748691558838e-01
2.504090964794158936e-01 1.381135880947113037e-01
-3.282550349831581116e-02 -2.296973317861557007e-01
2.135578840970993042e-01 2.493646591901779175e-01
4.876978397369384766e-01 -5.812951922416687012e-01
-5.279788374900817871e-02 3.483683168888092041e-01
1.539335213601589203e-02 -8.314544707536697388e-02
1.657641120254993439e-02 -5.156186223030090332e-01
-4.672464132308959961e-01 -8.629971742630004883e-01
-1.096408143639564514e-01 3.443182706832885742e-01
-1.201963275671005249e-01 5.773926377296447754e-01
6.272284686565399170e-02 -4.862515628337860107e-01
-5.727192014455795288e-02 6.315576285123825073e-02
-3.991532325744628906e-02 -6.007616594433784485e-02
5.071933194994926453e-02 -5.214719772338867188e-01
-2.188019752502441406e-01 -4.478192627429962158e-01
6.042929887771606445e-01 5.189979076385498047e-01
-3.669699653983116150e-02 -8.957417309284210205e-02
-7.801934331655502319e-02 9.002928435802459717e-02
-2.614012658596038818e-01 -9.418171644210815430e-02
-7.446197271347045898e-01 -2.565982639789581299e-01
-3.775840401649475098e-01 -4.021004736423492432e-01
-9.147192537784576416e-02 -2.307372838258743286e-01
9.468644112348556519e-02 -6.501713395118713379e-01
-2.844019420444965363e-02 -4.474847316741943359e-01
7.005166262388229370e-02 -6.873714923858642578e-01
1.301710605621337891e-01 5.507897138595581055e-01
6.962080001831054688e-01 5.319075584411621094e-01
-1.147930324077606201e-01 1.705445349216461182e-02
-5.221943855285644531e-01 6.914368867874145508e-01
-8.159346580505371094e-01 -1.468600928783416748e-01
3.212327957153320312e-01 -4.198885560035705566e-01
-1.092529594898223877e-01 4.065522551536560059e-01
-5.859055370092391968e-02 3.232710063457489014e-01
-6.960171740502119064e-03 -4.046994075179100037e-02
2.516394257545471191e-01 8.473750352859497070e-01
-7.475696504116058350e-02 -5.302089452743530273e-02
8.317592740058898926e-02 -7.369047999382019043e-01
-1.406389474868774414e-01 -2.654186487197875977e-01
-4.705650508403778076e-01 -6.366813778877258301e-01
5.088781565427780151e-02 -5.970214009284973145e-01
-6.482549309730529785e-01 6.084085702896118164e-01
-2.489984929561614990e-01 -4.571763798594474792e-03
7.065946459770202637e-01 6.966875791549682617e-01
-3.033314943313598633e-01 -3.239618539810180664e-01
-6.577263474464416504e-01 -6.525652408599853516e-01
-1.243762373924255371e-01 7.505985498428344727e-01
-8.335208147764205933e-02 -1.019336953759193420e-01
-8.100652098655700684e-01 -6.804143786430358887e-01
-6.669559329748153687e-02 1.645848304033279419e-01
5.529670044779777527e-02 -5.973125696182250977e-01
5.627863407135009766e-01 -6.478480696678161621e-01
6.140812635421752930e-01 5.944529175758361816e-01
-5.264824032783508301e-01 -7.287011742591857910e-01
-6.474348902702331543e-01 -4.534332454204559326e-01
-2.507243156433105469e-01 -4.576651751995086670e-01
-6.466139853000640869e-02 -1.367831975221633911e-01
-9.985201954841613770e-01 -8.899340778589248657e-02
-3.270395100116729736e-02 2.385174036026000977e-01
3.828476071357727051e-01 3.283215761184692383e-01
-6.154022365808486938e-02 3.843865394592285156e-01
8.868223428726196289e-01 1.720199584960937500e-01
2.058302462100982666e-01 5.821630358695983887e-01
2.386071979999542236e-01 1.329472959041595459e-01
2.002441287040710449e-01 2.671892046928405762e-01
-4.016487672924995422e-02 -1.239537000656127930e-01
7.271794080734252930e-01 8.637579530477523804e-02
1.466136425733566284e-02 6.194208264350891113e-01
1.669128984212875366e-01 4.099316000938415527e-01
8.697038292884826660e-01 -9.682010412216186523e-01
3.960260748863220215e-01 2.586031258106231689e-01
7.938276529312133789e-01 -1.051074713468551636e-01
-7.592853903770446777e-02 5.979738757014274597e-02
-1.198196485638618469e-01 -7.036186009645462036e-02
9.151776134967803955e-02 2.098963409662246704e-01
4.794730246067047119e-01 -6.053212285041809082e-01
2.332141250371932983e-01 3.410871624946594238e-01
-2.453169077634811401e-01 4.307206571102142334e-01
5.887619256973266602e-01 8.931104540824890137e-01
-4.384943246841430664e-01 -8.383622169494628906e-01
-1.617335230112075806e-01 -6.493530869483947754e-01
2.352324426174163818e-01 2.032796889543533325e-01
1.875158846378326416e-01 3.929130136966705322e-01
1.944304108619689941e-01 3.475677073001861572e-01
-9.576305747032165527e-02 7.480214238166809082e-01
6.598138250410556793e-03 5.965856909751892090e-01
-4.075724184513092041e-01 -6.919773221015930176e-01
-7.309348136186599731e-02 5.979473590850830078e-01
6.868258714675903320e-01 -6.773871183395385742e-01
9.423621296882629395e-01 9.893530011177062988e-01
-4.531927779316902161e-02 -2.738440930843353271e-01
6.578148007392883301e-01 1.716675162315368652e-01
9.675215482711791992e-01 6.535421013832092285e-01
-1.122112721204757690e-01 2.815387584269046783e-02
-3.075797483325004578e-02 -5.729068517684936523e-01
-1.398567259311676025e-01 -3.757203817367553711e-01
5.975353717803955078e-01 -6.623343229293823242e-01
-3.126324117183685303e-01 -4.321287274360656738e-01
4.150786250829696655e-02 2.070964425802230835e-01
-2.456967234611511230e-01 -5.127817392349243164e-01
-1.025587841868400574e-01 4.467842727899551392e-02
1.942412555217742920e-01 -2.995450198650360107e-01
-7.151961326599121094e-01 -6.333261132240295410e-01
4.504888784140348434e-03 -3.800109028816223145e-01
3.460986018180847168e-01 3.294636607170104980e-01
-5.949781090021133423e-02 -2.248985767364501953e-01
-1.445115208625793457e-01 -3.457271158695220947e-01
-2.157486826181411743e-01 4.487116038799285889e-01
1.092728599905967712e-01 -6.453918814659118652e-01
4.099856317043304443e-01 5.030679106712341309e-01
-3.705371916294097900e-02 1.869848072528839111e-01
2.121939510107040405e-01 -3.626691699028015137e-01
-2.826750278472900391e-04 2.566507160663604736e-01
-2.062173932790756226e-01 -3.878865838050842285e-01
-2.611111104488372803e-01 -1.014155447483062744e-01
-3.294461965560913086e-01 -4.765126109123229980e-01
-2.967582345008850098e-01 -4.798031747341156006e-01
1.320611685514450073e-02 -5.218565091490745544e-02
5.044953897595405579e-02 7.057024240493774414e-01
-9.280117228627204895e-03 -1.904392391443252563e-01
6.076363101601600647e-02 -6.115822196006774902e-01
8.091547489166259766e-01 6.212356090545654297e-01
3.936693370342254639e-01 -5.101902484893798828e-01
-5.044002830982208252e-02 3.449963927268981934e-01
-8.911193907260894775e-02 8.527606725692749023e-02
-4.891730546951293945e-01 2.165393680334091187e-01
-3.038478083908557892e-02 -1.050139293074607849e-01
1.979586901143193245e-03 -3.310028612613677979e-01
4.171605408191680908e-01 2.496530115604400635e-01
-9.860950708389282227e-01 9.698849320411682129e-01
-5.183569192886352539e-01 6.620009541511535645e-01
1.151648983359336853e-01 6.119111180305480957e-01
2.744048833847045898e-01 -3.258371949195861816e-01
-1.654435843229293823e-01 -3.189811110496520996e-01
-4.025360196828842163e-02 -6.372934579849243164e-02
-3.273006379604339600e-01 -3.728229701519012451e-01
-1.078382432460784912e-01 4.168712198734283447e-01
4.871529042720794678e-01 3.188033103942871094e-01
-5.212026834487915039e-01 -5.716751813888549805e-01
9.839696437120437622e-02 4.646323025226593018e-01
-1.013943031430244446e-01 8.470184803009033203e-01
-7.621233165264129639e-02 2.828253805637359619e-01
-3.655962646007537842e-02 -2.479158937931060791e-01
-3.691175878047943115e-01 -4.318674504756927490e-01
-9.326138496398925781e-01 -8.917727470397949219e-01
-4.010775387287139893e-01 -9.138568043708801270e-01
-7.819345593452453613e-02 9.221850633621215820e-01
-3.105557262897491455e-01 -5.253739953041076660e-01
-6.983048319816589355e-01 -1.666064113378524780e-01
-6.845095157623291016e-01 -8.384868502616882324e-01
6.739768385887145996e-01 1.056606546044349670e-01
5.963969230651855469e-01 -5.942022204399108887e-01
-9.759054183959960938e-01 -9.367748498916625977e-01
-6.266929209232330322e-02 1.570639610290527344e-01
-9.933592677116394043e-01 3.593697845935821533e-01
-7.950290441513061523e-01 -7.409307956695556641e-01
-2.968607544898986816e-01 6.909629702568054199e-01
-1.192990988492965698e-01 9.253937005996704102e-01
-4.868127703666687012e-01 -6.531952619552612305e-01
4.630037844181060791e-01 -5.715425610542297363e-01
-5.431186780333518982e-02 3.083499073982238770e-01
9.501240402460098267e-02 4.846886694431304932e-01
6.130371093750000000e-01 2.143697291612625122e-01
-5.761559586971998215e-03 3.581401109695434570e-01
-2.270217752084136009e-03 -8.531897664070129395e-01
2.064738571643829346e-01 -3.194563984870910645e-01
-9.387699514627456665e-02 -3.000780344009399414e-01
7.068373560905456543e-01 -9.960351884365081787e-02
-7.610030770301818848e-01 8.420939445495605469e-01
-9.020283073186874390e-02 1.276786774396896362e-01
-1.080669313669204712e-01 3.536219596862792969e-01
8.958614617586135864e-02 2.105270624160766602e-01
5.679379105567932129e-01 5.183894038200378418e-01
-3.458193317055702209e-02 -7.375229150056838989e-02
4.015699028968811035e-02 4.499908089637756348e-01
-5.641985535621643066e-01 -4.213469624519348145e-01
2.220376133918762207e-01 -3.090308010578155518e-01
-2.515964806079864502e-01 1.092580184340476990e-01
7.053875327110290527e-01 -8.406854420900344849e-02
1.239603906869888306e-01 5.699666738510131836e-01
-4.741401970386505127e-01 -4.963568150997161865e-01
-8.135762065649032593e-02 8.233628422021865845e-02
4.344279412180185318e-03 2.532352805137634277e-01
4.285532534122467041e-01 2.872096002101898193e-01
9.797200560569763184e-02 5.471369624137878418e-01
-4.003401473164558411e-02 -4.351000860333442688e-02
-9.882248640060424805e-01 -7.609096169471740723e-01
1.743350178003311157e-01 4.180268049240112305e-01
-5.454767867922782898e-02 2.811382710933685303e-01
7.296811938285827637e-01 6.580711603164672852e-01
2.898979783058166504e-01 8.455023765563964844e-01
2.955888211727142334e-01 -3.794105947017669678e-01
-9.449291974306106567e-02 9.665546566247940063e-02
-6.982451304793357849e-03 -2.254811376333236694e-01
3.654257655143737793e-01 -4.883641600608825684e-01
7.621973752975463867e-02 6.433781385421752930e-01
-4.151010811328887939e-01 9.121799468994140625e-02
6.414090394973754883e-01 1.030381321907043457e-01
-9.086687862873077393e-02 6.617583632469177246e-01
3.633159771561622620e-02 5.782974958419799805e-01
2.012108266353607178e-01 -3.023028373718261719e-01
-8.389092981815338135e-02 2.167405635118484497e-01
-9.234627485275268555e-01 1.938207633793354034e-02
-5.945959687232971191e-01 7.209846973419189453e-01
-3.279644846916198730e-01 -4.476684033870697021e-01
9.580129384994506836e-01 -9.956144094467163086e-01
2.706397771835327148e-01 3.325610458850860596e-01
2.363966852426528931e-01 -2.971596419811248779e-01
2.546825110912322998e-01 -3.450084328651428223e-01
-9.145398736000061035e-01 8.053233027458190918e-01
-1.133148595690727234e-01 7.957431077957153320e-01
6.733380556106567383e-01 6.646300554275512695e-01
-1.016902029514312744e-01 -2.229351252317428589e-01
7.609664797782897949e-01 2.694252692162990570e-02
3.745657801628112793e-01 2.993507683277130127e-01
-6.618816256523132324e-01 -8.340842127799987793e-01
1.098934281617403030e-02 3.494139611721038818e-01
-1.458069086074829102e-01 3.401528894901275635e-01
-7.178168892860412598e-01 -7.251644134521484375e-01
-4.693178236484527588e-01 -6.278234124183654785e-01
4.170019030570983887e-01 -3.799177408218383789e-01
-1.276175826787948608e-01 7.673152685165405273e-01
-3.912836313247680664e-01 -5.584157705307006836e-01
-3.862258791923522949e-02 3.202740550041198730e-01
-7.985859364271163940e-02 9.117319434881210327e-02
-2.713528573513031006e-01 3.608570098876953125e-01
1.904191225767135620e-01 3.763759136199951172e-01
2.400476783514022827e-01 -3.627462685108184814e-01
2.480470985174179077e-01 2.548520565032958984e-01
-3.775363042950630188e-02 5.485762953758239746e-01
-1.115866377949714661e-01 -3.257393538951873779e-01
-3.297265619039535522e-02 3.830788135528564453e-01
6.186062470078468323e-02 3.126510381698608398e-01
-2.061180472373962402e-01 -2.664090506732463837e-02
-7.386773228645324707e-01 -1.803222149610519409e-01
5.451838374137878418e-01 9.943115115165710449e-01
2.259452193975448608e-01 -3.209233880043029785e-01
2.487932704389095306e-02 -1.518451571464538574e-01
-1.030638441443443298e-01 3.934166431427001953e-01
1.156721413135528564e-01 3.460921943187713623e-01
-6.871336698532104492e-02 8.675112575292587280e-02
-5.016961693763732910e-01 -7.059771418571472168e-01
-5.877084136009216309e-01 6.989645957946777344e-01
-3.364032506942749023e-01 -6.428258121013641357e-02
6.306311488151550293e-01 -3.144099414348602295e-01
5.087570287287235260e-03 5.445821285247802734e-01
-2.474520914256572723e-02 6.844202280044555664e-01
-6.330008506774902344e-01 -7.370436787605285645e-01
-4.482240676879882812e-01 -4.940000772476196289e-01
3.068499825894832611e-02 5.747352838516235352e-01
9.762235879898071289e-01 5.818880200386047363e-01
-1.347408741712570190e-01 5.751656368374824524e-02
7.519434690475463867e-01 6.580474972724914551e-01
3.394410014152526855e-01 9.215652942657470703e-01
-1.119218319654464722e-01 9.765495359897613525e-02
1.036084741353988647e-01 4.205111563205718994e-01
-1.104163900017738342e-01 1.144481897354125977e-01
-4.277718067169189453e-01 5.308720469474792480e-01
2.237149477005004883e-01 8.634666204452514648e-01
6.787837296724319458e-02 5.000523328781127930e-01
-7.687486708164215088e-02 3.822933137416839600e-01
2.251867651939392090e-01 3.067184984683990479e-01
-3.556935489177703857e-01 -3.600648045539855957e-01
-4.626300651580095291e-03 -4.363906681537628174e-01
8.135584741830825806e-02 -5.849080085754394531e-01
3.206036686897277832e-01 1.310618221759796143e-01
-3.293223083019256592e-01 4.570733308792114258e-01
-8.320706337690353394e-02 3.208023607730865479e-01
-1.895130276679992676e-01 4.009389877319335938e-01
-9.826816916465759277e-01 -9.624564647674560547e-01
1.693916767835617065e-01 -2.643112540245056152e-01
-5.523280501365661621e-01 -7.094030380249023438e-01
-6.020111963152885437e-02 -7.516732215881347656e-01
-1.738320589065551758e-01 -3.077548742294311523e-01
-3.018873929977416992e-01 -2.104342430830001831e-01
-1.182751357555389404e-02 -3.001122176647186279e-02
-6.024910509586334229e-02 7.653998732566833496e-01
5.975533649325370789e-02 -6.379343271255493164e-01
2.021307498216629028e-01 -3.160441219806671143e-01
-5.723413228988647461e-01 3.909051120281219482e-01
1.364879310131072998e-01 5.211996436119079590e-01
-6.732969880104064941e-01 -7.304152250289916992e-01
4.164971113204956055e-01 -2.832372486591339111e-01
-5.858125686645507812e-01 -9.938428401947021484e-01
1.502792090177536011e-01 6.163541078567504883e-01
-7.468334585428237915e-02 -2.097875773906707764e-01
-7.304379343986511230e-02 2.479903995990753174e-01
4.107492864131927490e-01 2.944051325321197510e-01
-1.002891436219215393e-01 9.013012051582336426e-01
3.881567120552062988e-01 -4.856438338756561279e-01
-5.979076027870178223e-01 -7.318695783615112305e-01
1.483496576547622681e-01 -2.462351173162460327e-01
2.569477260112762451e-01 -3.775759041309356689e-01
8.935471773147583008e-01 8.098500967025756836e-01
-6.195811629295349121e-01 -9.573343396186828613e-01
-8.945065736770629883e-01 -1.227390095591545105e-01
-9.881800413131713867e-02 2.177573740482330322e-02
6.099070310592651367e-01 -1.791853010654449463e-01
1.626593321561813354e-01 6.531255245208740234e-01
6.897037029266357422e-01 1.498089581727981567e-01
2.519880235195159912e-01 -5.046191811561584473e-01
4.801699519157409668e-02 -5.359762310981750488e-01
-8.225057721138000488e-01 -1.357646286487579346e-01
2.958935201168060303e-01 2.668261826038360596e-01
1.912124156951904297e-01 6.962834000587463379e-01
8.037666678428649902e-01 8.390909433364868164e-01
6.332667917013168335e-02 4.294321238994598389e-01
-4.814194142818450928e-01 -9.015210270881652832e-01
3.223521113395690918e-01 2.121382653713226318e-01
1.960885673761367798e-01 5.746921896934509277e-01
-4.896955564618110657e-02 1.112966760993003845e-01
-7.840339839458465576e-02 6.856464743614196777e-01
-7.481981813907623291e-02 1.265615671873092651e-01
5.702468380331993103e-02 -4.309127032756805420e-01
-9.128534793853759766e-02 1.657761633396148682e-01
-9.170532971620559692e-02 1.748195141553878784e-01
-4.965093731880187988e-02 -9.769194573163986206e-02
2.401795089244842529e-01 -3.495206534862518311e-01
7.236668467521667480e-01 1.961927711963653564e-01
-2.780808135867118835e-02 -1.029842272400856018e-01
-4.044822230935096741e-02 -1.948279738426208496e-01
-3.044843859970569611e-02 3.907611072063446045e-01
-1.620084494352340698e-01 4.110052585601806641e-01
-4.788322150707244873e-01 -4.938628375530242920e-01
-8.485615998506546021e-02 7.788565754890441895e-01
6.630070805549621582e-01 6.823385357856750488e-01
-6.527408957481384277e-01 -7.624551057815551758e-01
2.028958946466445923e-01 -2.631440758705139160e-01
1.942990124225616455e-01 4.006169736385345459e-01
4.986191987991333008e-01 2.931182086467742920e-01
-7.934573888778686523e-01 -1.658395230770111084e-01
2.080923467874526978e-01 3.797553181648254395e-01
-9.211083501577377319e-02 6.029928848147392273e-02
3.014555871486663818e-01 3.555301725864410400e-01
-6.061867475509643555e-01 -1.881139129400253296e-01
4.488317072391510010e-01 7.646679282188415527e-01
-2.268252521753311157e-01 5.095989108085632324e-01
-5.131023526191711426e-01 -5.837423801422119141e-01
1.564403474330902100e-01 2.612248659133911133e-01
-1.046813353896141052e-01 4.271662533283233643e-01
-1.003511324524879456e-01 2.690190449357032776e-02
-6.479364633560180664e-01 -9.277206659317016602e-01
-1.553273051977157593e-01 4.377676546573638916e-01
-7.102846354246139526e-02 3.181019127368927002e-01
-4.513128474354743958e-02 -3.507797047495841980e-02
-2.119299490004777908e-03 -4.626467823982238770e-02
4.222991317510604858e-02 3.885875344276428223e-01
-5.719661130569875240e-04 -8.612684607505798340e-01
2.126431912183761597e-01 -3.060272634029388428e-01
-2.783428691327571869e-02 -5.992662161588668823e-02
-2.296083420515060425e-01 -3.304435908794403076e-01
2.199954688549041748e-01 3.839150369167327881e-01
-7.573727983981370926e-03 -1.643998362123966217e-02
-1.291151493787765503e-01 8.209966421127319336e-01
2.635784447193145752e-01 -3.234568238258361816e-01
-2.120736837387084961e-01 -3.314958214759826660e-01
-8.252021670341491699e-01 -7.094389945268630981e-02
-5.167966336011886597e-02 -2.751984000205993652e-01
9.830074757337570190e-02 -6.378542780876159668e-01
6.057862043380737305e-01 8.604157567024230957e-01
-1.510737538337707520e-01 3.503091931343078613e-01
2.282862514257431030e-01 -4.280999004840850830e-01
1.033323928713798523e-01 -2.404925525188446045e-01
-3.092189431190490723e-01 -5.232389569282531738e-01
6.245587468147277832e-01 5.635411739349365234e-01
1.105116829276084900e-01 -5.755499601364135742e-01
2.291623875498771667e-02 -4.529709517955780029e-01
2.164054811000823975e-01 -5.054070949554443359e-01
-6.318553090095520020e-01 3.488720059394836426e-01
3.211520910263061523e-01 4.889090657234191895e-01
-7.108812779188156128e-02 -1.082713976502418518e-01
-8.233668804168701172e-01 -3.449109792709350586e-01
4.424166679382324219e-01 9.195086359977722168e-01
-3.542597219347953796e-02 2.375056445598602295e-01
-7.570402026176452637e-01 -8.452551364898681641e-01
1.945966631174087524e-01 2.177223116159439087e-01
-4.570733383297920227e-02 6.467978954315185547e-01
-5.208483338356018066e-02 -1.134051159024238586e-01
-7.450615763664245605e-01 -6.003566980361938477e-01
3.939899504184722900e-01 2.927426099777221680e-01
-1.441416740417480469e-01 6.969766318798065186e-02
-1.535810977220535278e-01 2.634160220623016357e-02
-6.912725567817687988e-01 -1.667046248912811279e-01
-4.032244384288787842e-01 5.933893322944641113e-01
-3.383766114711761475e-01 -4.864903688430786133e-01
1.584037244319915771e-01 7.327017188072204590e-01
2.178080007433891296e-02 -5.192036032676696777e-01
4.564600810408592224e-02 4.326536655426025391e-01
-5.797773227095603943e-02 5.897189378738403320e-01
-7.701168209314346313e-02 -1.964232027530670166e-01
-2.115082442760467529e-01 -3.798308074474334717e-01
-9.583311080932617188e-01 -7.195956707000732422e-01
-1.298330128192901611e-01 -2.377258799970149994e-02
8.212660551071166992e-01 5.246436968445777893e-02
4.161494076251983643e-01 6.650035977363586426e-01
-6.933680772781372070e-01 -1.635949462652206421e-01
-1.107438877224922180e-01 7.075226306915283203e-02
-3.993049561977386475e-01 -6.491088271141052246e-01
6.675766408443450928e-02 3.871189057826995850e-01
-3.907022774219512939e-01 -1.680501699447631836e-01
3.048736751079559326e-01 4.625665843486785889e-01
3.314768373966217041e-01 3.723499774932861328e-01
3.116400241851806641e-01 2.832489311695098877e-01
9.434311985969543457e-01 -9.224412441253662109e-01
4.870468676090240479e-01 8.154925107955932617e-01
-7.921153306961059570e-02 -2.755802311003208160e-02
-8.826780319213867188e-02 3.166867792606353760e-02
-1.041387692093849182e-01 1.160441413521766663e-01
-1.030024513602256775e-01 7.945906370878219604e-03
-6.871926784515380859e-02 1.504087895154953003e-01
-6.568829715251922607e-02 4.234585762023925781e-01
-5.228788256645202637e-01 -2.067384272813796997e-01
7.399185560643672943e-03 5.344386696815490723e-01
2.831759750843048096e-01 3.383880555629730225e-01
1.795260012149810791e-01 6.751015186309814453e-01
-9.198141843080520630e-02 -2.957057654857635498e-01
2.882045805454254150e-01 3.593420684337615967e-01
-1.657412052154541016e-01 -1.894249916076660156e-01
-4.898926988244056702e-02 2.713089585304260254e-01
1.193558573722839355e-01 -6.656138896942138672e-01
-7.645928859710693359e-01 7.142489552497863770e-01
-7.955066114664077759e-02 9.425444155931472778e-02
-6.734125614166259766e-01 -5.586271882057189941e-01
8.381718397140502930e-02 4.171195328235626221e-01
4.632215797901153564e-01 -5.206462144851684570e-01
-3.661104291677474976e-02 -4.761293902993202209e-02
-3.168347775936126709e-01 -9.168227910995483398e-01
-6.001530885696411133e-01 -8.497391939163208008e-01
-1.356966793537139893e-01 -2.950930893421173096e-01
-3.580407053232192993e-02 2.413511276245117188e-01
-9.944178909063339233e-02 -3.280034363269805908e-01
4.903859272599220276e-02 5.151515007019042969e-01
-4.651100635528564453e-01 -5.582592487335205078e-01
-4.624775797128677368e-02 2.634045779705047607e-01
4.672568440437316895e-01 3.551231622695922852e-01
6.754957437515258789e-01 6.556035876274108887e-01
2.091128379106521606e-01 2.757833898067474365e-01
5.124039947986602783e-03 -4.776547253131866455e-01
2.687493562698364258e-01 3.567760884761810303e-01
-7.692938297986984253e-02 3.320976197719573975e-01
-9.993672370910644531e-02 3.082621656358242035e-02
-7.557485997676849365e-02 -5.950552970170974731e-02
-1.350511163473129272e-01 2.945326268672943115e-01
-4.374415874481201172e-01 -1.507031768560409546e-01
-2.879425883293151855e-01 -1.204118877649307251e-01
8.278239965438842773e-01 3.599034249782562256e-01
4.000552929937839508e-03 -1.889782696962356567e-01
-1.228610575199127197e-01 3.497213125228881836e-01
2.801365256309509277e-01 -4.219266772270202637e-01
6.220060586929321289e-01 -6.884382963180541992e-01
-6.738627701997756958e-02 1.207976117730140686e-01
-1.362082064151763916e-01 -3.128139674663543701e-01
-4.370965957641601562e-01 -1.938745528459548950e-01
-3.632424771785736084e-02 4.451036453247070312e-01
-9.482596069574356079e-02 6.778260469436645508e-01
2.407096475362777710e-01 -3.325034976005554199e-01
-5.235850438475608826e-02 4.746197760105133057e-01
4.056587517261505127e-01 2.243241667747497559e-01
-4.800214469432830811e-01 -6.183764934539794922e-01
-3.245905786752700806e-02 5.607157945632934570e-02
-2.225693315267562866e-03 -5.139075219631195068e-02
1.992297619581222534e-01 2.732859253883361816e-01
5.008915662765502930e-01 -5.385037660598754883e-01
2.967608571052551270e-01 -4.256016314029693604e-01
2.492518573999404907e-01 1.613559573888778687e-01
1.205011978745460510e-01 -6.950570344924926758e-01
-9.899799712002277374e-03 -2.238245494663715363e-02
6.064855456352233887e-01 9.215953946113586426e-01
6.737079024314880371e-01 4.155482724308967590e-02
2.335399985313415527e-01 3.424215614795684814e-01
-3.915167227387428284e-02 -4.193783178925514221e-02
1.488917768001556396e-01 -7.024177908897399902e-01
7.139658331871032715e-01 4.270258545875549316e-01
-1.301850080490112305e-01 -1.938689053058624268e-01
1.823065876960754395e-01 -3.017735779285430908e-01
-1.816118210554122925e-01 -3.522739047184586525e-03
3.295623958110809326e-01 3.074322044849395752e-01
1.202852055430412292e-01 -1.878405660390853882e-01
5.358981490135192871e-01 4.209798276424407959e-01
-1.152343600988388062e-01 3.964952528476715088e-01
-6.638956069946289062e-01 3.916115462779998779e-01
-4.278344288468360901e-02 5.469028353691101074e-01
8.157549425959587097e-03 -4.588113725185394287e-01
-2.301845103502273560e-01 7.612881660461425781e-01
-9.104658961296081543e-01 -8.489364385604858398e-01
5.510895848274230957e-01 -6.519457101821899414e-01
8.950150012969970703e-01 8.402581214904785156e-01
5.330255627632141113e-01 5.264351367950439453e-01
-2.216335386037826538e-03 -5.313784480094909668e-01
-8.066079616546630859e-01 -1.744771897792816162e-01
4.793603718280792236e-01 -5.511130094528198242e-01
6.708374023437500000e-01 3.010840117931365967e-01
-4.442543685436248779e-01 -7.480226159095764160e-01
9.044184535741806030e-02 2.611699104309082031e-01
4.302264750003814697e-01 -7.836912274360656738e-01
-1.064533740282058716e-01 4.651464819908142090e-01
-4.040815830230712891e-01 8.895758539438247681e-03
6.493254303932189941e-01 8.051452785730361938e-02
-2.781082689762115479e-01 -4.788014292716979980e-01
-1.594830602407455444e-01 -3.753828629851341248e-02
-9.461241960525512695e-01 -1.963912248611450195e-01
-1.278492063283920288e-01 1.036953851580619812e-01
8.751714229583740234e-02 7.912715673446655273e-01
-3.692494630813598633e-01 -3.360954821109771729e-01
3.324786722660064697e-01 -4.146464467048645020e-01
-4.922490715980529785e-01 1.324089467525482178e-01
-4.157329797744750977e-01 -4.513797461986541748e-01
2.716163396835327148e-01 4.599113166332244873e-01
-4.297102093696594238e-01 -7.019767165184020996e-01
-5.490521714091300964e-02 1.350428909063339233e-01
9.078873693943023682e-02 -4.829199016094207764e-01
9.798174351453781128e-02 6.861071586608886719e-01
1.487491428852081299e-01 1.475782692432403564e-01
-9.339096546173095703e-01 7.579070925712585449e-01
1.665740758180618286e-01 3.433881402015686035e-01
5.870785117149353027e-01 -6.464991569519042969e-01
1.259165108203887939e-01 7.971184253692626953e-01
-2.600679360330104828e-02 3.249396383762359619e-01
7.682106643915176392e-02 -5.975949391722679138e-02
-2.773538976907730103e-02 6.729390025138854980e-01
-5.845718551427125931e-03 -8.495935201644897461e-01
-1.147960871458053589e-01 -2.035586386919021606e-01
6.950015574693679810e-02 7.430029101669788361e-03
3.992432355880737305e-01 -3.416597247123718262e-01
-1.431440711021423340e-01 2.363872826099395752e-01
-3.356048464775085449e-01 1.905542910099029541e-01
1.818754076957702637e-01 4.386040866374969482e-01
6.012626290321350098e-01 -2.972893714904785156e-01
1.373575478792190552e-01 -2.871048152446746826e-01
4.478739202022552490e-01 2.153626680374145508e-01
-7.193636298179626465e-01 -3.591316938400268555e-01
-4.899203195236623287e-04 4.866821467876434326e-01
-6.293848752975463867e-01 -7.044650912284851074e-01
-2.400361597537994385e-01 -6.713874936103820801e-01
1.107797995209693909e-01 2.522134184837341309e-01
7.136458754539489746e-01 6.134353280067443848e-01
-5.877099037170410156e-01 4.763906002044677734e-01
-7.842522859573364258e-02 3.947684466838836670e-01
5.690454840660095215e-01 3.103047311305999756e-01
-9.460929632186889648e-01 -8.420619964599609375e-01
1.307324916124343872e-01 -2.316505908966064453e-01
1.799765378236770630e-01 6.583811640739440918e-01
-2.171500176191329956e-01 -2.988163940608501434e-02
-1.250588744878768921e-01 3.884176723659038544e-03
1.235432997345924377e-01 3.097530901432037354e-01
-9.538018703460693359e-01 -2.519707381725311279e-01
-3.335058391094207764e-01 -3.729368150234222412e-01
1.020878851413726807e-01 4.745543003082275391e-01
1.830461323261260986e-01 4.447540044784545898e-01
5.536767244338989258e-01 -6.365729570388793945e-01
9.360880255699157715e-01 -3.609056174755096436e-01
-5.252831429243087769e-02 2.966755069792270660e-02
1.990475505590438843e-01 3.972743451595306396e-01
3.477315232157707214e-02 -5.069769620895385742e-01
6.597945094108581543e-02 1.407857090234756470e-01
-8.254049718379974365e-02 4.147481024265289307e-01
3.360817432403564453e-01 -6.395123004913330078e-01
2.782874703407287598e-01 5.070813298225402832e-01
2.323995232582092285e-01 3.163960576057434082e-01
7.381512969732284546e-02 2.397245019674301147e-01
-9.730858355760574341e-02 8.609475195407867432e-02
1.616293936967849731e-01 3.453449904918670654e-01
-1.331163048744201660e-01 4.681518301367759705e-02
4.452553689479827881e-01 4.668810069561004639e-01
5.473778396844863892e-02 3.380303829908370972e-02
-1.516319215297698975e-01 8.104997873306274414e-01
-3.578659892082214355e-02 7.832465767860412598e-01
-1.075628474354743958e-01 -1.332535743713378906e-01
-5.435977578163146973e-01 -1.777676641941070557e-01
-3.135928511619567871e-01 1.326586902141571045e-01
-7.132273912429809570e-01 -1.638267338275909424e-01
-2.611311525106430054e-02 1.713362634181976318e-01
-9.798351526260375977e-01 -1.181156933307647705e-01
-1.617597788572311401e-01 4.029547870159149170e-01
-3.044911623001098633e-01 3.247832357883453369e-01
2.474333941936492920e-01 -2.670018374919891357e-01
-1.428429186344146729e-01 -1.099116876721382141e-01
-4.501219093799591064e-01 -5.142377614974975586e-01
1.926249712705612183e-01 6.505761146545410156e-01
-1.849073618650436401e-01 -4.432964920997619629e-01
-1.884223222732543945e-01 4.230982363224029541e-01
3.509030044078826904e-01 -6.425248384475708008e-01
3.365754783153533936e-01 -6.031147241592407227e-01
-8.904823660850524902e-01 -4.171227514743804932e-01
3.451079130172729492e-02 9.244330227375030518e-02
9.631786942481994629e-01 -5.456518530845642090e-01
-6.465917080640792847e-02 -6.108881160616874695e-02
4.779115021228790283e-01 3.139747679233551025e-01
1.202267557382583618e-01 8.832012414932250977e-01
-3.525687456130981445e-01 -1.574235409498214722e-01
1.471976190805435181e-01 -2.048084139823913574e-01
3.221235573291778564e-01 5.517914295196533203e-01
-3.484487533569335938e-04 6.160252094268798828e-01
5.514655113220214844e-01 2.778247296810150146e-01
-5.545121431350708008e-01 1.891871839761734009e-01
-1.654493063688278198e-01 2.257639914751052856e-01
-9.116748720407485962e-02 -5.353376865386962891e-01
-1.757288724184036255e-01 2.383060306310653687e-01
-6.738544702529907227e-01 -6.727325320243835449e-01
-6.730574183166027069e-03 7.561528682708740234e-01
-1.146735996007919312e-01 -3.859262168407440186e-01
-2.685926258563995361e-01 -8.925343304872512817e-02
2.455474287271499634e-01 4.033274352550506592e-01
4.397125449031591415e-03 2.075547724962234497e-01
-1.821674033999443054e-02 -6.138694286346435547e-01
-1.602505147457122803e-01 7.702311873435974121e-02
6.568817794322967529e-02 3.906481564044952393e-01
4.359219670295715332e-01 8.585799336433410645e-01
-1.792890876531600952e-01 8.195330500602722168e-01
-2.622904069721698761e-02 1.189000084996223450e-01
-7.175845503807067871e-01 -7.846854329109191895e-01
3.976529240608215332e-01 4.934517443180084229e-01
4.420020282268524170e-01 -4.777900576591491699e-01
3.928780257701873779e-01 -5.454964041709899902e-01
8.872833847999572754e-01 -1.901737041771411896e-02
-1.126867905259132385e-01 -2.316635102033615112e-01
-3.425140082836151123e-01 8.929491043090820312e-02
-9.086040258407592773e-01 5.245201587677001953e-01
8.012240380048751831e-02 6.221758946776390076e-02
-3.128635287284851074e-01 7.729850411415100098e-01
2.348752170801162720e-01 -1.431658715009689331e-01
-2.748629450798034668e-01 -5.992626547813415527e-01
-9.594944119453430176e-02 -2.989872694015502930e-01
1.836641691625118256e-02 6.871923208236694336e-01
-5.576432347297668457e-01 -3.603640198707580566e-01
2.660067081451416016e-01 7.553373277187347412e-02
4.224942997097969055e-02 -1.644711643457412720e-01
-2.411870956420898438e-01 -3.095720708370208740e-01
2.666634023189544678e-01 -4.663435220718383789e-01
-2.459529042243957520e-01 2.430250644683837891e-01
1.583524793386459351e-01 3.956480622291564941e-01
2.615201175212860107e-01 -5.496828556060791016e-01
-2.822413146495819092e-01 -5.999879240989685059e-01
-3.360638618469238281e-01 -4.333780109882354736e-01
-6.476817131042480469e-01 -6.576482057571411133e-01
5.497169494628906250e-01 4.429451823234558105e-01
1.290327217429876328e-02 2.609588503837585449e-01
-7.616919279098510742e-01 4.700486660003662109e-01
6.056878715753555298e-02 3.753235340118408203e-01
4.478749632835388184e-02 1.628934219479560852e-02
7.066193222999572754e-01 -8.957324028015136719e-01
4.891156568191945553e-04 2.900153696537017822e-01
-1.403704732656478882e-01 2.843749225139617920e-01
-8.951599150896072388e-02 7.774043083190917969e-01
7.379593849182128906e-01 7.773877978324890137e-01
-7.152718305587768555e-01 -7.976745367050170898e-01
-4.948090016841888428e-01 -2.944778800010681152e-01
5.317261815071105957e-01 7.229487299919128418e-01
-2.909861207008361816e-01 2.299069464206695557e-01
2.829874157905578613e-01 -6.506522893905639648e-01
