# Epoch   training loss   validation loss
0 0.015694433823227882 0.015701111406087875
1000 6.370041774061974e-07 6.269048640206165e-07
2000 3.008799467352219e-07 3.0152929753057833e-07
3000 3.6687097804133373e-07 3.670732269256405e-07
4000 3.4546218330433476e-07 3.469080809281877e-07
5000 2.3521481296029378e-07 2.3515811164998013e-07
6000 1.9292798469905392e-07 1.9219871205677919e-07
7000 1.7565557186571823e-07 1.7355179693367973e-07
8000 7.272974755778705e-08 7.1306558879769e-08
9000 1.0020194451954012e-07 9.9360320859887e-08
10000 8.156976605278032e-08 8.042357535487099e-08
11000 2.4894515604501066e-07 2.536044974021934e-07
12000 6.889868586767989e-08 6.938133623179965e-08
13000 6.632492954850022e-08 6.588365408788377e-08
14000 6.301532096131268e-08 6.261223717274333e-08
15000 3.502998779936206e-08 3.4203267773591506e-08
16000 4.367746342381906e-08 4.338327386221863e-08
17000 5.184364937349528e-08 5.16440366027382e-08
18000 5.438072392394133e-08 5.3958650880758796e-08
19000 2.607605154025805e-08 2.513125529901572e-08
20000 5.226390342727427e-08 5.1663796796219685e-08
21000 3.348516131040924e-08 3.32933502988908e-08
22000 3.0586729593551354e-08 3.024932482276199e-08
23000 5.109291478788691e-08 5.1047791771452466e-08
24000 3.0050340882326054e-08 2.9759126718431617e-08
25000 2.5290317395842976e-08 2.4943753729189666e-08
26000 3.157551020649407e-08 3.116618785270475e-08
27000 1.4654357727295064e-08 1.445862185533997e-08
28000 2.039937463393926e-08 2.005612920186195e-08
29000 3.1491182994614064e-08 3.108823776187819e-08
30000 1.9015617525042217e-08 1.913573477452246e-08
31000 1.7111632999444737e-08 1.689869399967847e-08
32000 2.0900628783238062e-08 2.0946883338979205e-08
33000 2.8934557860793575e-08 2.8847512822949284e-08
34000 1.5288549093384063e-08 1.5213018400572764e-08
35000 1.676583494258921e-08 1.6610712805231742e-08
36000 1.483702405380427e-08 1.4591878816361259e-08
37000 2.1348276035837443e-08 2.116234121274374e-08
38000 2.316427760717943e-08 2.3254568048969304e-08
39000 1.1807876454383859e-08 1.1853471981737584e-08
40000 7.463781592775831e-09 7.218966313615738e-09
41000 3.3032460322601764e-08 3.314647756269551e-08
42000 1.3881781057989429e-08 1.3770124596135247e-08
43000 2.1642939884713996e-08 2.185008440847014e-08
44000 2.5555340954497296e-08 2.607367655116377e-08
45000 1.249676628845009e-08 1.257083948047466e-08
46000 1.5020267696286282e-08 1.4984927076966414e-08
47000 8.636633630487722e-09 8.642824234073032e-09
48000 6.505786132038338e-09 6.388325424211416e-09
49000 1.9302950349242565e-08 1.937022275910749e-08
50000 7.886662878320294e-09 7.855804895484653e-09
51000 1.3920118391297365e-08 1.4074744036918219e-08
52000 8.91223894683435e-09 8.878162205405715e-09
53000 1.1014837930645172e-08 1.1094214436013772e-08
54000 9.549603774416937e-09 9.499117936684343e-09
55000 1.2184744768717337e-08 1.2111211589171944e-08
56000 5.496942012683803e-09 5.510093714633513e-09
57000 1.2916298253173863e-08 1.2687646488984683e-08
58000 8.908812354491147e-09 8.977641741125808e-09
59000 1.087675993716175e-08 1.0969956498740885e-08
60000 8.785077554307463e-09 8.569223552967742e-09
61000 1.0939677608234888e-08 1.0963255192564247e-08
62000 9.508124954038522e-09 9.63365298645158e-09
63000 8.189308786654692e-09 8.259119610443122e-09
64000 4.596667935174992e-09 4.573295520060583e-09
65000 6.648653627649992e-09 6.667641994084761e-09
66000 8.435065090850458e-09 8.354605007809823e-09
67000 6.31142427209852e-09 6.318448875219929e-09
68000 6.573075861382449e-09 6.411907449432874e-09
69000 5.875985031877917e-09 5.894474242040815e-09
70000 8.32425595120867e-09 8.390568240201901e-09
71000 8.26780421903095e-09 8.453025834853634e-09
72000 1.0337890543610229e-08 1.0512472670143325e-08
73000 6.439838884375604e-09 6.449927258955768e-09
74000 7.732853468667145e-09 7.910387900267324e-09
75000 4.718426982464052e-09 4.743650805494326e-09
76000 4.207135084755009e-09 4.25366364353863e-09
77000 3.4369775914200318e-09 3.447639285170112e-09
78000 4.701035116738694e-09 4.803414999088318e-09
79000 4.1595051847309605e-09 4.239339101985706e-09
80000 4.474726367220683e-09 4.462549885175804e-09
81000 5.242462020049743e-09 5.3404081157282235e-09
82000 2.3631374634902613e-09 2.379638708305265e-09
83000 2.8390589879023764e-09 2.9207365415118147e-09
84000 4.283806642746413e-09 4.2678873768409176e-09
85000 3.6472838083057013e-09 3.7079124215466663e-09
86000 3.742249621296878e-09 3.8161815929527165e-09
87000 1.6523763468612174e-09 1.694694606868552e-09
88000 3.6554468341165602e-09 3.7085066129094457e-09
89000 6.518065642779902e-09 6.662788987199519e-09
90000 2.9434403803207942e-09 3.016829452917591e-09
91000 2.373406582378834e-09 2.399083376403155e-09
92000 2.062539472547087e-09 2.0662667132853585e-09
93000 2.294415324399779e-09 2.331168813540785e-09
94000 6.707109090342556e-09 6.79002809533813e-09
95000 8.146847640944088e-09 8.307607046731391e-09
96000 4.628918581772723e-09 4.780481344113241e-09
97000 2.71160138787252e-09 2.7387709877757516e-09
98000 4.130839670324349e-09 4.187434399227641e-09
99000 9.013669810542524e-09 9.216054586147493e-09
100000 2.638459006831795e-09 2.6257955809683153e-09
101000 6.662379092858828e-09 6.733332558184202e-09
102000 3.6020355587140784e-09 3.570001405606149e-09
103000 4.269386622013371e-09 4.186001323347455e-09
104000 2.2045545389204335e-09 2.235747365020302e-09
105000 3.4710638807666783e-09 3.564726291926945e-09
106000 3.0180029586546198e-09 3.085544042491506e-09
107000 5.077376297180081e-09 5.206105324617738e-09
108000 1.5167337386046142e-09 1.541195948639995e-09
109000 7.456249839776774e-09 7.603709661907487e-09
110000 3.642616430710177e-09 3.6097567157611365e-09
111000 1.3417157385120504e-09 1.3489460659599217e-09
112000 2.346688399157415e-09 2.3544168836764356e-09
113000 1.3777723406604991e-09 1.3759111627820175e-09
114000 2.482713590268304e-09 2.5302413497740872e-09
115000 3.792278047143327e-09 3.741456477968086e-09
116000 6.676259989291111e-09 6.779282468727388e-09
117000 1.339464317240413e-09 1.3848920898951178e-09
118000 3.375486334888933e-09 3.4186857789109126e-09
119000 4.590032354201412e-09 4.691739885487323e-09
120000 1.915727132484335e-09 1.9640593595937617e-09
121000 2.5897231026306144e-09 2.6496405070020046e-09
122000 1.790129267043028e-09 1.8040888782877573e-09
123000 6.499098592627206e-09 6.655942019762051e-09
124000 3.1146609735799302e-09 3.1885289963895502e-09
125000 1.4837077122464848e-09 1.5181319534818272e-09
126000 3.034005047197752e-09 3.1146063506071187e-09
127000 5.215949450132484e-09 5.315194950838986e-09
128000 2.790898179227952e-09 2.824064981865604e-09
129000 3.3639162566601044e-09 3.354560629276193e-09
130000 3.2360203405801258e-09 3.2655214088350704e-09
131000 1.904093327453893e-09 1.912638047940618e-09
132000 3.4403666582250025e-09 3.485008948089785e-09
133000 2.2630892715369555e-09 2.287386946520087e-09
134000 2.818615119082324e-09 2.8517981309761353e-09
135000 2.8672559881925963e-09 2.917400987456631e-09
136000 4.655305474443594e-09 4.708323064761544e-09
137000 2.267859677829165e-09 2.2683384059973832e-09
138000 2.0327837191302933e-09 2.0911172793347532e-09
139000 2.602123183592653e-09 2.67853206281643e-09
140000 1.052448128646688e-09 1.0733195443535237e-09
141000 2.337160243115477e-09 2.3530022374984583e-09
142000 1.9377550675159227e-09 1.941127258930919e-09
143000 1.7675785279891443e-09 1.8080413832777253e-09
144000 1.8917669653006897e-09 1.8939321222433136e-09
145000 2.8481625946596978e-09 2.908334018059122e-09
146000 3.2269040772803237e-09 3.273708637507866e-09
147000 1.3224336070649656e-09 1.3656685782237332e-09
148000 2.5396618141826366e-09 2.6161535160440508e-09
149000 3.259916336872948e-09 3.2436002772584516e-09
150000 3.256556579955827e-09 3.3115974407138538e-09
151000 5.016401960489247e-09 5.0547748209339716e-09
152000 4.248937202078196e-09 4.2789709553403554e-09
153000 5.168693473223129e-09 5.237669853386251e-09
154000 3.2772624614096912e-09 3.327682129850018e-09
155000 1.200486376973231e-09 1.2117566949854108e-09
156000 1.4046874774464868e-09 1.4273752180216093e-09
157000 2.301191903697486e-09 2.375569074786199e-09
158000 2.1110226899878626e-09 2.1685737650045667e-09
159000 2.4061486136872645e-09 2.452307024114475e-09
160000 1.242308811377768e-09 1.249232051137028e-09
161000 1.3412642108079353e-09 1.3561201051004446e-09
162000 2.338492954834237e-09 2.389810127567671e-09
163000 2.1389772175695043e-09 2.18777196359099e-09
164000 1.6767170984977042e-09 1.6745150821506627e-09
165000 4.037721712535358e-09 4.088365646026659e-09
166000 1.411823435937265e-09 1.4388503721818324e-09
167000 5.901400701446846e-09 6.022286225260132e-09
168000 1.1975551661436157e-09 1.2268616123023435e-09
169000 1.700282248329188e-09 1.748222566710922e-09
170000 1.6230137234174435e-09 1.6673716851656195e-09
171000 1.220157641590447e-09 1.2478676980620662e-09
172000 1.0910534697927687e-09 1.1164306146227432e-09
173000 1.1909233599283198e-09 1.2111012193116721e-09
174000 2.247271702060516e-09 2.2762716156421448e-09
175000 5.478252074198053e-09 5.494090515867356e-09
176000 2.0963346614166767e-09 2.140924326710092e-09
177000 1.1648806363950825e-09 1.196200694053573e-09
178000 7.584099459556626e-10 7.729681339441186e-10
179000 3.5982139490187137e-09 3.6592897600939978e-09
180000 2.2086625861561515e-09 2.2520534326275765e-09
181000 3.4182303654262114e-09 3.4834115592019543e-09
182000 1.1844002445471347e-09 1.2107446156761625e-09
183000 8.584459809668488e-10 8.650578031677014e-10
184000 2.756215256027872e-09 2.8239675042840418e-09
185000 1.035525776238444e-09 1.0591409971283383e-09
186000 8.218772329371404e-10 8.266415330027144e-10
187000 9.437363113207198e-10 9.54720857926361e-10
188000 2.5766171418695194e-09 2.6236337546947652e-09
189000 1.0520723181528524e-09 1.0723034682413868e-09
190000 1.6786502188281816e-09 1.6654562173812337e-09
191000 2.94069857353918e-09 2.961513922983272e-09
192000 3.794498937281787e-09 3.850141094829951e-09
193000 1.4526198022224435e-09 1.4753271937451018e-09
194000 2.4048929514464135e-09 2.4372812656991982e-09
195000 2.5970714467860034e-09 2.6530975194560824e-09
196000 2.4106887597241666e-09 2.4368029816201897e-09
197000 9.876396367403117e-10 1.0156263607896676e-09
198000 2.8202666868537563e-09 2.833039358662859e-09
199000 1.3724040792695291e-09 1.381374348241593e-09
200000 1.369516389182479e-09 1.4073283649551627e-09
201000 1.5946239884101487e-09 1.630181434286726e-09
202000 1.752001321797536e-09 1.794130954912987e-09
203000 2.7088720155887813e-09 2.7261619628404787e-09
204000 4.599856051612505e-09 4.650022589203218e-09
205000 9.57158685643833e-10 9.771129461100259e-10
206000 1.2113550162951014e-09 1.2463765575176922e-09
207000 1.7208094948983899e-09 1.7573387189884215e-09
208000 1.7008214836522484e-09 1.736525923057286e-09
209000 1.0124054927729276e-09 1.0191857358066159e-09
210000 1.1404630573252916e-09 1.1813390266013357e-09
211000 1.3157626099769004e-09 1.3338372628624029e-09
212000 8.720624777858177e-10 8.966317688319236e-10
213000 1.2595119391889398e-09 1.2963325968229356e-09
214000 1.493974499666706e-09 1.5241633510854058e-09
215000 8.102375437246678e-10 8.181061939005474e-10
216000 2.6384219253827723e-09 2.6375439610148987e-09
217000 1.3529297682168817e-09 1.387816528364283e-09
218000 1.1742913308410152e-09 1.193463994297872e-09
219000 1.6379952949563403e-09 1.6690751003523019e-09
220000 2.120674302830139e-09 2.112910957308145e-09
221000 1.1286652723541124e-09 1.1347672801420572e-09
222000 1.4258917380161051e-09 1.4626424515995495e-09
223000 1.935995586066497e-09 2.003069043965411e-09
224000 1.882691336163589e-09 1.9248056482013e-09
225000 1.4806548209733705e-09 1.4881257337506781e-09
226000 1.891079293159237e-09 1.9363195491450824e-09
227000 1.194182419617107e-09 1.2202326926669116e-09
228000 2.48467957320031e-09 2.5050581609065148e-09
229000 1.4784952151458697e-09 1.51773127399224e-09
230000 1.276803995864384e-09 1.3112017027694378e-09
231000 1.5071626169316232e-09 1.5453825996658566e-09
232000 1.0305911679608926e-09 1.0456505661338156e-09
233000 2.4767174977569084e-09 2.5196873476573955e-09
234000 1.4506461587515673e-09 1.4912515666765103e-09
235000 2.0326003102866252e-09 2.064518112021574e-09
236000 2.31049490651003e-09 2.3325297249243704e-09
237000 1.460739751379947e-09 1.50754975170031e-09
238000 1.297212670614556e-09 1.3305201385094279e-09
239000 1.1501788410583913e-09 1.1783947151400298e-09
240000 1.4695877847969996e-09 1.4810165316347934e-09
241000 7.65200292018875e-10 7.816358116308209e-10
242000 1.4123332503501729e-09 1.461767151766935e-09
243000 8.636323878263852e-10 8.980948762449259e-10
244000 1.7666631491053408e-09 1.8023760262053656e-09
245000 1.3379031216231851e-09 1.3342454918685576e-09
246000 5.037106287630877e-10 5.137810732414039e-10
247000 2.1110622139275392e-09 2.1359611857008076e-09
248000 1.860974929712711e-09 1.8715404781488587e-09
249000 1.6422647686198388e-09 1.6651918732790705e-09
250000 7.585247430164088e-10 7.719767602942795e-10
250000 6.485079695472962e-10 6.550415210249128e-10
