# Epoch   training loss   validation loss
0 0.014177719131112099 0.014179728925228119
1000 4.4034311486029765e-07 4.4158088030599174e-07
2000 2.1155764784452913e-07 2.1339465661185386e-07
3000 1.8095111897764582e-07 1.819920925072438e-07
4000 7.924549549898074e-08 8.06473323677892e-08
5000 1.0490816038100093e-07 1.0503387670723896e-07
6000 9.471605011412976e-08 9.421594882041973e-08
7000 4.8716504608137257e-08 4.815375120870158e-08
8000 4.811686338257459e-08 4.7966540961397186e-08
9000 2.970524271006525e-08 2.965554379841251e-08
10000 1.9823637842364406e-08 1.9576363641249372e-08
11000 1.0763174174144297e-07 1.0850647669258251e-07
12000 5.040343253881474e-08 5.014348047893691e-08
13000 1.7798130969026715e-08 1.7437033150713432e-08
14000 3.3801676124767255e-08 3.348836230543384e-08
15000 1.5389666430110083e-08 1.4741994291966876e-08
16000 1.5988868895533415e-08 1.5465040803519514e-08
17000 1.3280442523466718e-08 1.2703100793487465e-08
18000 2.989681036069669e-08 2.9615090824108847e-08
19000 1.0032607633547741e-08 9.697531666574832e-09
20000 3.299915007914933e-08 3.278608673440431e-08
21000 8.301841880609118e-09 8.000117901474368e-09
22000 2.168969359672701e-08 2.1274582095998085e-08
23000 1.0519598525604579e-08 1.0287220852944756e-08
24000 1.2809850957751223e-08 1.2540072980016248e-08
25000 2.3537516824490012e-08 2.3289105754997763e-08
26000 1.4210870702413558e-08 1.3901902740087735e-08
27000 8.523755035128033e-09 8.46775716212278e-09
28000 7.855614825302837e-09 7.667594559279678e-09
29000 1.0153883955865695e-08 9.955650526194404e-09
30000 7.955399894399307e-09 7.869296325679898e-09
31000 1.2377585179024209e-08 1.214584965936183e-08
32000 1.7053771728114953e-08 1.6794137636111373e-08
33000 3.948881222015643e-09 3.891419630974724e-09
34000 9.05005492768396e-09 9.027529834781944e-09
35000 1.0767538860534387e-08 1.0615160306315374e-08
36000 8.239791959852028e-09 8.116615823894335e-09
37000 6.379346384477458e-09 6.225734150433482e-09
38000 2.3314803421214947e-09 2.2770307861463834e-09
39000 4.1565284547573356e-09 4.118370089400969e-09
40000 6.604753188810264e-09 6.535011642938571e-09
41000 7.653468081514347e-09 7.586220540645172e-09
42000 5.311961093212858e-09 5.355420995556415e-09
43000 7.525251533024857e-09 7.372311650044594e-09
44000 3.081433330720529e-09 3.1007747480771286e-09
45000 5.006949521657589e-09 4.8706350064264825e-09
46000 4.734086456181785e-09 4.646124818208364e-09
47000 1.2763784695835056e-08 1.2783931246929114e-08
48000 5.468808073061382e-09 5.411167069979683e-09
49000 9.580379156659546e-09 9.432151060195793e-09
50000 6.757043813365726e-09 6.783736239412974e-09
51000 7.3130292932432894e-09 7.349227004738168e-09
52000 9.453124505398591e-09 9.423845703793177e-09
53000 2.9010596147571732e-09 2.907297957932542e-09
54000 2.736320725560404e-09 2.694321210583439e-09
55000 2.731199488792413e-09 2.7245596889713397e-09
56000 4.407195941524833e-09 4.432963329747963e-09
57000 2.8699300713697085e-09 2.858036474151504e-09
58000 2.9968287851289688e-09 2.9624755981672024e-09
59000 3.513110247155282e-09 3.5165665934755452e-09
60000 3.1192606275709522e-09 3.0770903602928e-09
61000 2.0265316091894192e-09 1.9768067183179028e-09
62000 4.6678652054765735e-09 4.696849131846648e-09
63000 4.238098760822595e-09 4.218710270009751e-09
64000 2.10226347441278e-09 2.0301293979230195e-09
65000 2.153316192021748e-09 2.1530837113203916e-09
66000 2.169689983233525e-09 2.152454436910034e-09
67000 5.563874250213985e-09 5.560403693039007e-09
68000 4.798954567064584e-09 4.862890978785117e-09
69000 2.405552201878436e-09 2.416934208326893e-09
70000 3.251145352933804e-09 3.2137148497923818e-09
71000 4.513899032332347e-09 4.566140354711479e-09
72000 3.7053791146490767e-09 3.70317732034664e-09
73000 9.324065075588805e-09 9.329465200380582e-09
74000 3.2160871743514008e-09 3.238516121939483e-09
75000 2.4217345906407672e-09 2.4222666095141676e-09
76000 3.2625706580802216e-09 3.2591651599744864e-09
77000 2.3606852028734693e-09 2.3424870931876285e-09
78000 2.4134518827878537e-09 2.4168846923799947e-09
79000 1.5312607848372295e-09 1.5083833071471986e-09
80000 3.0772344672413965e-09 3.0420621577320617e-09
81000 2.7976201355528474e-09 2.8195727974633655e-09
82000 1.4759342636949668e-09 1.462142074082351e-09
83000 3.0171114495658458e-09 3.013751692648725e-09
84000 2.139105781395756e-09 2.1618868917272493e-09
85000 2.5754385291065773e-09 2.552426048296752e-09
86000 1.9611001711439258e-09 1.9638912718278334e-09
87000 3.016837890612578e-09 3.03164160442293e-09
88000 1.4582164364895789e-09 1.4491593480769893e-09
89000 3.3753724260066065e-09 3.39151884354294e-09
90000 1.3190386560779643e-09 1.3053567116116938e-09
91000 2.018822664595632e-09 2.016965483520039e-09
92000 2.265069021234467e-09 2.226464790311411e-09
93000 2.749308114502469e-09 2.7852751216528304e-09
94000 1.7870419588561504e-09 1.8080956731836295e-09
95000 2.4967043987800253e-09 2.528142362123731e-09
96000 4.375983131410521e-09 4.387674223949034e-09
97000 3.2225835333576924e-09 3.2083899981216746e-09
98000 1.9572126142008983e-09 1.941796723414768e-09
99000 3.02642888527771e-09 3.019791083858081e-09
100000 1.2550941397293514e-09 1.2440957153359022e-09
101000 2.6522497531544786e-09 2.651991293234346e-09
102000 1.834509544273999e-09 1.8468259144199806e-09
103000 1.8472217089282594e-09 1.8485124542166886e-09
104000 3.4291600670144362e-09 3.4282705563271065e-09
105000 1.812070604678695e-09 1.8284486147379653e-09
106000 2.5223705346633096e-09 2.544793709091664e-09
107000 1.4534571324276158e-09 1.4690687555329873e-09
108000 1.2965675200149462e-09 1.3129308751302915e-09
109000 2.9076667740213225e-09 2.933874254651414e-09
110000 2.2720214598592747e-09 2.306028479281963e-09
111000 3.888925625972206e-09 3.898522837886276e-09
112000 6.810087493924755e-10 6.867086899120523e-10
113000 3.401547932213589e-09 3.4594376252528036e-09
114000 1.8722545735982976e-09 1.8941301860309068e-09
115000 2.2129487131650194e-09 2.222448669542132e-09
116000 3.1477440654015254e-09 3.166507944740715e-09
117000 1.4309624596364756e-09 1.4571355233528038e-09
118000 1.4934833370006118e-09 1.505781832555897e-09
119000 1.510265579263148e-09 1.5378515128006143e-09
120000 1.4657344227231306e-09 1.473775879112793e-09
121000 7.195574136531491e-10 7.186390926783304e-10
122000 2.509561891628209e-09 2.528432130333158e-09
123000 1.956357076338122e-09 1.9707986353978413e-09
124000 2.7086914933249773e-09 2.7109445799311516e-09
125000 1.4371643874966367e-09 1.453633879933136e-09
126000 1.3492386097269105e-09 1.371288083085176e-09
127000 1.39274913824039e-09 1.3861849446072938e-09
128000 1.286391437815837e-09 1.297560503488171e-09
129000 2.3446440344798702e-09 2.336700832827887e-09
130000 6.229292082160498e-10 6.251750228614128e-10
131000 3.696266348551802e-10 3.735059206366742e-10
132000 9.374712117704576e-10 9.470850770298966e-10
133000 9.626329733336547e-10 9.744360873753521e-10
134000 1.141978511753905e-09 1.128733329025522e-09
135000 5.514231737890896e-09 5.575738981633549e-09
136000 1.1216492179499937e-09 1.1349907680369142e-09
137000 1.0095426716816291e-09 1.0219467494465562e-09
138000 7.310063110388398e-10 7.40344396898962e-10
139000 2.9113538246861026e-09 2.9564153347649835e-09
140000 6.677335351312763e-10 6.711438627071686e-10
141000 4.874912140628851e-10 4.945662768207626e-10
142000 9.275435974842594e-10 9.44781253231497e-10
143000 2.2492274709406956e-09 2.2459756277015686e-09
144000 1.031305152388029e-09 1.0524350280149974e-09
145000 9.770712017243e-10 9.806248035815202e-10
146000 1.0959809726429626e-09 1.0996171750932149e-09
147000 2.2456887460720054e-09 2.2521089437788078e-09
148000 4.845203127601394e-10 4.883236037755978e-10
149000 7.489643349956054e-10 7.526698153625944e-10
150000 8.182802213596574e-10 8.284837260674749e-10
151000 1.1656691167871713e-09 1.155315398904122e-09
152000 5.830094740311154e-10 5.841252481708636e-10
153000 1.142607897186565e-09 1.1479979189488176e-09
154000 2.626199702149279e-09 2.6639910277737044e-09
155000 5.289572668765175e-10 5.294143456957556e-10
156000 1.0849073861507463e-09 1.103868552121412e-09
157000 1.418623551963094e-09 1.4303195294829152e-09
158000 9.65451607548573e-10 9.508792642165531e-10
159000 3.470417841988649e-10 3.46059930711462e-10
160000 6.731308843654915e-10 6.755287440540769e-10
161000 1.5222721971852593e-09 1.5305700040713077e-09
162000 3.956456828824173e-10 3.9134748219815663e-10
163000 3.2367912794484255e-09 3.281726890236314e-09
164000 8.995379441323337e-10 9.019451296943259e-10
165000 3.716520702301551e-10 3.743533538713706e-10
166000 8.217536651144997e-10 8.209013468984949e-10
167000 5.361798227632164e-10 5.390747848110777e-10
168000 9.86932757740533e-10 9.994939320634444e-10
169000 5.066930208741383e-10 5.056038365758297e-10
170000 3.7053332624381596e-10 3.7079472825496396e-10
171000 4.3909309521694695e-10 4.365053041244238e-10
172000 6.220678971935456e-10 6.201855695664449e-10
173000 4.451989610299023e-10 4.5144937788066386e-10
174000 5.968602834194314e-10 6.023797016752042e-10
175000 1.6290303550547947e-09 1.6338874697652273e-09
176000 7.04723390754225e-10 7.214759900620038e-10
177000 1.344631628263926e-09 1.3597974968249105e-09
178000 3.808638404656506e-10 3.7725833568202916e-10
179000 2.041305569022711e-09 2.0540433798288404e-09
180000 6.946889730130579e-10 7.006373259343945e-10
181000 9.498966058174574e-10 9.514582455238951e-10
182000 6.64347465928472e-10 6.668963714595577e-10
183000 1.125267878876457e-09 1.152335782350633e-09
184000 1.4877602483309715e-09 1.4935170877805604e-09
185000 6.467059665560271e-10 6.501257310276287e-10
186000 1.6746547482071605e-09 1.6879228015298509e-09
187000 8.293696285299745e-10 8.231954562454291e-10
188000 4.122433228115341e-10 4.1177031229189254e-10
189000 7.40747907457262e-10 7.502780619006444e-10
190000 5.523465573809005e-10 5.648276291125853e-10
191000 1.1748134687294964e-09 1.1896023055513183e-09
192000 5.256252655350124e-10 5.342110642736486e-10
193000 4.472895942519983e-10 4.50768783410993e-10
194000 1.8917503119553203e-09 1.914355562959713e-09
195000 2.2544212330277702e-10 2.2830790036287851e-10
196000 6.374369365680366e-10 6.43352593421298e-10
197000 6.655755391271612e-10 6.773530070169897e-10
198000 5.73656233626707e-10 5.914200795764657e-10
199000 5.528076330030274e-10 5.608777331467252e-10
200000 9.64936242020542e-10 9.667820988212839e-10
201000 5.447509110467763e-10 5.533270508450983e-10
202000 9.048290450230922e-10 9.258943611811787e-10
203000 5.13553310987902e-10 5.216290732690254e-10
204000 4.4263642751118937e-10 4.432541556020908e-10
205000 7.067432750140767e-10 7.161842785485817e-10
206000 1.4384423652202827e-09 1.470491173272137e-09
207000 1.1518409559485576e-09 1.1527336862826587e-09
208000 4.0624939523503656e-10 4.1598277600307654e-10
209000 1.4097806255719547e-09 1.4316441365735955e-09
210000 6.216860359842258e-10 6.265942209537911e-10
211000 7.882862140817792e-10 7.738289453662617e-10
212000 8.189544598025122e-10 8.493675762721864e-10
213000 7.981140193180636e-10 8.01048616327904e-10
214000 1.0882293954850297e-09 1.1191348958661251e-09
215000 6.664206408935058e-10 6.778106409477402e-10
216000 3.834087491938476e-10 3.903127820947816e-10
217000 8.130561224284349e-10 8.427588071846515e-10
218000 5.671442204757682e-10 5.757074261758532e-10
219000 8.164452447445569e-10 8.353998603993773e-10
220000 2.491092665479755e-09 2.570306856242155e-09
221000 3.0295863040485926e-10 3.0332675260424935e-10
222000 6.801899044006632e-10 6.830165322213588e-10
223000 9.800866784814843e-10 9.721879967727887e-10
224000 1.6924859291833627e-09 1.729787757476231e-09
225000 5.095632249485504e-10 5.17513976117101e-10
226000 4.277319887169284e-10 4.327812830329236e-10
227000 9.476995854740267e-10 9.572949100089545e-10
228000 5.053815699262998e-10 5.128404922949414e-10
229000 4.0823805447232075e-10 4.126068653409476e-10
230000 5.768635569225466e-10 5.976166228549573e-10
231000 4.594066238539085e-10 4.691592669914257e-10
232000 7.813042435245166e-10 8.091092240647413e-10
233000 1.2805432270113215e-09 1.3171104207287954e-09
234000 7.21379067591954e-10 7.193184936582497e-10
235000 4.716520507486166e-10 4.774475814706136e-10
236000 9.02700081351071e-10 9.180389781704434e-10
237000 3.8905928478882856e-10 3.9822045660997674e-10
238000 6.826150200645031e-10 6.735904056753839e-10
239000 6.298566113116522e-10 6.468661717384805e-10
240000 4.019123645004896e-10 4.095166150630547e-10
241000 7.751966291102974e-10 7.944577773422168e-10
242000 4.8323001156092e-10 4.916836382484746e-10
243000 3.260622605250063e-10 3.2817959461084456e-10
244000 4.887104609885284e-10 4.910902240418125e-10
245000 9.462821637384877e-10 9.476354145832033e-10
246000 4.165061073813092e-10 4.217984572729705e-10
247000 7.259113310453813e-10 7.294422288417479e-10
248000 6.471612690184259e-10 6.549535913613624e-10
249000 5.180567641538403e-10 5.20347154253642e-10
250000 4.911678286312338e-10 4.980266754550655e-10
250000 4.850294055280813e-10 4.934227471053987e-10
