-3.107008635997772217e-01 5.445656925439834595e-02
-3.585895001888275146e-01 1.881889253854751587e-01
-6.931551545858383179e-02 2.798039019107818604e-01
-6.945555657148361206e-02 2.809439301490783691e-01
-5.318783968687057495e-02 3.113675303757190704e-02
-5.446809902787208557e-02 1.427619606256484985e-01
-2.526907324790954590e-01 -4.291139915585517883e-02
-3.530526161193847656e-01 1.688411086797714233e-01
-2.954126298427581787e-01 2.413762733340263367e-02
-2.309705317020416260e-01 -6.983008980751037598e-02
-3.515511453151702881e-01 1.637865751981735229e-01
-5.254428088665008545e-02 1.053602695465087891e-01
-3.458254933357238770e-01 1.452628225088119507e-01
-3.499294519424438477e-01 1.584192514419555664e-01
-6.144210696220397949e-02 2.156025767326354980e-01
-2.430004179477691650e-01 -5.542694032192230225e-02
-6.543703377246856689e-02 -6.205807998776435852e-02
-3.553079068660736084e-01 1.765875667333602905e-01
-5.413649231195449829e-02 1.626671478152275085e-02
-2.052455693483352661e-01 -9.668532758951187134e-02
-5.599589645862579346e-02 1.625059694051742554e-01
-6.231161579489707947e-02 2.229997217655181885e-01
-6.976666301488876343e-02 2.834842205047607422e-01
-6.657604128122329712e-02 2.577752768993377686e-01
-3.536362648010253906e-01 1.708279401063919067e-01
-6.790453940629959106e-02 -7.173509150743484497e-02
-1.416503041982650757e-01 -1.376983076333999634e-01
-7.051539421081542969e-02 -8.064312487840652466e-02
-6.771638989448547363e-02 2.669118046760559082e-01
-5.240472778677940369e-02 5.001240223646163940e-02
-3.603554069995880127e-01 1.945940405130386353e-01
-3.541498184204101562e-01 1.725861877202987671e-01
-6.464076042175292969e-02 2.421992719173431396e-01
-3.343472778797149658e-01 1.115817427635192871e-01
-6.179576367139816284e-02 2.186306118965148926e-01
-2.868978679180145264e-01 8.942502550780773163e-03
-2.767479121685028076e-01 -7.851394824683666229e-03
-6.911181658506393433e-02 2.781510651111602783e-01
-2.341470867395401001e-01 -6.614419072866439819e-02
-6.835769116878509521e-02 2.720621526241302490e-01
-7.007721066474914551e-02 2.860342264175415039e-01
-6.228327378630638123e-02 2.227609306573867798e-01
-3.108057677745819092e-01 5.468030646443367004e-02
-1.709984242916107178e-01 -1.239399611949920654e-01
-3.340177237987518311e-01 1.106781363487243652e-01
-3.147939443588256836e-01 6.335125118494033813e-02
-5.870699882507324219e-02 1.909143179655075073e-01
-2.381199002265930176e-01 -6.141696497797966003e-02
-6.925223767757415771e-02 2.792909741401672363e-01
-3.596316874027252197e-01 1.919557303190231323e-01
-3.595089912414550781e-01 1.915106326341629028e-01
-3.581258952617645264e-01 1.865260154008865356e-01
-3.216056525707244873e-01 7.900419086217880249e-02
-3.590398430824279785e-01 1.898115128278732300e-01
-6.925155967473983765e-02 2.792854011058807373e-01
-6.185982376337051392e-02 2.191756814718246460e-01
-3.299386203289031982e-01 9.977985173463821411e-02
-6.966774165630340576e-02 2.826748788356781006e-01
-1.820695698261260986e-01 -1.162730157375335693e-01
-1.452156305313110352e-01 -1.366253197193145752e-01
-6.705643236637115479e-02 2.616232335567474365e-01
-1.848191320896148682e-01 -1.141912490129470825e-01
-3.473189473152160645e-01 1.499809771776199341e-01
-2.512590587139129639e-01 -4.481422528624534607e-02
-2.253444641828536987e-01 -7.615537196397781372e-02
-2.419780492782592773e-01 -5.669829249382019043e-02
-3.380261957645416260e-01 1.218950673937797546e-01
-6.748982518911361694e-02 2.650953531265258789e-01
-3.485122621059417725e-01 1.538078337907791138e-01
-3.454586863517761230e-01 1.441159099340438843e-01
-2.905137538909912109e-01 1.526457257568836212e-02
-2.088241130113601685e-01 -9.326537698507308960e-02
-3.133502900600433350e-01 6.017251685261726379e-02
-6.431198120117187500e-02 -5.715808644890785217e-02
-2.518883347511291504e-01 -4.398019984364509583e-02
-6.694463640451431274e-02 2.607282400131225586e-01
-2.716071307659149170e-01 -1.586855389177799225e-02
-2.589506208896636963e-01 -3.436334058642387390e-02
-3.454759418964385986e-01 1.441708505153656006e-01
-6.506577879190444946e-02 2.456378936767578125e-01
-6.729349493980407715e-02 2.635221779346466064e-01
-2.089844197034835815e-01 -9.310981631278991699e-02
-3.076036870479583740e-01 4.796054586768150330e-02
-3.595549464225769043e-01 1.916774064302444458e-01
-3.408266603946685791e-01 1.300449669361114502e-01
-6.857591122388839722e-02 -7.414548099040985107e-02
-6.058675050735473633e-02 2.081490904092788696e-01
-3.543626368045806885e-01 1.733178496360778809e-01
-2.679049372673034668e-01 -2.145570516586303711e-02
-1.385111510753631592e-01 -1.384814083576202393e-01
-3.454239666461944580e-01 1.440080404281616211e-01
-3.550997376441955566e-01 1.758639067411422729e-01
-3.108345568180084229e-01 5.474109202623367310e-02
-6.191326305270195007e-02 2.196312844753265381e-01
-3.511808216571807861e-01 1.625524312257766724e-01
-8.930931985378265381e-02 -1.200588271021842957e-01
-6.128823012113571167e-02 -4.206553101539611816e-02
-6.458892673254013062e-02 2.417789697647094727e-01
-3.408434391021728516e-01 1.300942599773406982e-01
-6.037223339080810547e-02 2.062474340200424194e-01
-1.060688346624374390e-01 -1.349341571331024170e-01
-7.010240107774734497e-02 2.862418591976165771e-01
-3.503320813179016113e-01 1.597429364919662476e-01
-6.965154409408569336e-02 2.825427353382110596e-01
-3.484697937965393066e-01 1.536706984043121338e-01
-1.577686220407485962e-01 -1.314467936754226685e-01
-2.091533392667770386e-01 -9.294561296701431274e-02
-3.456641137599945068e-01 1.447580605745315552e-01
-3.476708233356475830e-01 1.511045247316360474e-01
-3.475294411182403564e-01 1.506524533033370972e-01
-3.590402007102966309e-01 1.898126751184463501e-01
-5.731086060404777527e-02 -1.584265194833278656e-02
-7.001325488090515137e-02 2.855076789855957031e-01
-6.298060715198516846e-02 2.285922914743423462e-01
-6.446741521358489990e-02 2.407929152250289917e-01
-3.236569762229919434e-01 8.394411206245422363e-02
-6.376998126506805420e-02 2.351028919219970703e-01
-1.195240542292594910e-01 -1.394142359495162964e-01
-2.701805531978607178e-01 -1.803954131901264191e-02
-3.359202146530151367e-01 1.159372255206108093e-01
-3.429237306118011475e-01 1.363233178853988647e-01
-5.323425680398941040e-02 3.027965687215328217e-02
-6.919324398040771484e-02 2.788115143775939941e-01
-3.596035540103912354e-01 1.918534785509109497e-01
-6.345072388648986816e-02 2.324798852205276489e-01
-3.589513003826141357e-01 1.894917935132980347e-01
-3.597665727138519287e-01 1.924455016851425171e-01
-6.428713351488113403e-02 2.393269985914230347e-01
-3.548218905925750732e-01 1.749027371406555176e-01
-3.379661440849304199e-01 1.217232942581176758e-01
-2.948385477066040039e-01 2.307879179716110229e-02
-6.685252487659454346e-02 2.599906027317047119e-01
-2.806036770343780518e-01 -1.628364901989698410e-03
-6.689667701721191406e-02 2.603441178798675537e-01
-6.957247853279113770e-02 2.818970382213592529e-01
-6.943113356828689575e-02 2.807445526123046875e-01
-3.333073258399963379e-01 1.087435632944107056e-01
-5.279092490673065186e-02 1.121376976370811462e-01
-1.550414711236953735e-01 -1.327448338270187378e-01
-6.805413216352462769e-02 2.696218788623809814e-01
-3.290821611881256104e-01 9.755524247884750366e-02
-3.548473417758941650e-01 1.749903261661529541e-01
-5.395245179533958435e-02 1.881041564047336578e-02
-6.451393663883209229e-02 -5.806295573711395264e-02
-5.487033352255821228e-02 1.483896970748901367e-01
-3.294646739959716797e-01 9.854654222726821899e-02
-1.961822360754013062e-01 -1.048834845423698425e-01
-3.591714501380920410e-01 1.902871131896972656e-01
-5.882442370057106018e-02 1.920339912176132202e-01
-5.274853855371475220e-02 1.110604330897331238e-01
-3.524659276008605957e-01 1.668565869331359863e-01
-6.333512812852859497e-02 -5.261462554335594177e-02
-5.890994891524314880e-02 -2.754686772823333740e-02
-8.182622492313385010e-02 -1.083252802491188049e-01
-3.591900765895843506e-01 1.903544962406158447e-01
-2.311393767595291138e-01 -6.963606178760528564e-02
-1.243720576167106628e-01 -1.398718953132629395e-01
-5.465660244226455688e-02 1.454471498727798462e-01
-6.920003145933151245e-02 2.788668274879455566e-01
-3.523722290992736816e-01 1.665411144495010376e-01
-1.467969119548797607e-01 -1.360898017883300781e-01
-3.549030721187591553e-01 1.751830726861953735e-01
-6.875278800725936890e-02 -7.476589083671569824e-02
-6.813304126262664795e-02 2.702559232711791992e-01
-9.504622966051101685e-02 -1.266386955976486206e-01
-5.495182052254676819e-02 6.260004825890064240e-03
-1.226258650422096252e-01 -1.397684812545776367e-01
-3.447704911231994629e-01 1.419786661863327026e-01
-3.327770531177520752e-01 1.073102056980133057e-01
-3.349283635616302490e-01 1.131808981299400330e-01
-3.355562090873718262e-01 1.149217635393142700e-01
-2.298829853534698486e-01 -7.107273489236831665e-02
-3.579544126987457275e-01 1.859126836061477661e-01
-5.209845304489135742e-02 6.488452851772308350e-02
-5.921019986271858215e-02 1.956681907176971436e-01
-5.224347859621047974e-02 9.424238651990890503e-02
-2.452248930931091309e-01 -5.262807384133338928e-02
-7.471961528062820435e-02 -9.271274507045745850e-02
-6.452186405658721924e-02 -5.809815973043441772e-02
-3.186189830303192139e-01 7.200355827808380127e-02
-5.316415429115295410e-02 1.206019818782806396e-01
-6.623896211385726929e-02 2.550742030143737793e-01
-3.521775901317596436e-01 1.658851951360702515e-01
-3.565348386764526367e-01 1.808788478374481201e-01
-3.384503126144409180e-01 1.231127455830574036e-01
-3.490935266017913818e-01 1.556903719902038574e-01
-3.409564197063446045e-01 1.304291188716888428e-01
-5.345055088400840759e-02 2.650964073836803436e-02
-3.496302664279937744e-01 1.574398279190063477e-01
-3.354513347148895264e-01 1.146298870444297791e-01
-3.601252436637878418e-01 1.937524378299713135e-01
-5.490627884864807129e-02 1.488754153251647949e-01
-6.759452074766159058e-02 2.659343481063842773e-01
-2.828968167304992676e-01 2.162280026823282242e-03
-5.222207307815551758e-02 9.320498257875442505e-02
-3.565161526203155518e-01 1.808131039142608643e-01
-1.953605413436889648e-01 -1.055935099720954895e-01
-6.680007278919219971e-02 2.595697343349456787e-01
-3.457059264183044434e-01 1.448883712291717529e-01
-2.622584104537963867e-01 -2.969144098460674286e-02
-3.180157840251922607e-01 7.061576098203659058e-02
-3.437899351119995117e-01 1.389610320329666138e-01
-1.127682179212570190e-01 -1.378142535686492920e-01
-2.512933313846588135e-01 -4.476882517337799072e-02
-6.401938945055007935e-02 2.371436357498168945e-01
-6.912375986576080322e-02 2.782477438449859619e-01
-2.098824083805084229e-01 -9.223452210426330566e-02
-6.527220457792282104e-02 2.473034858703613281e-01
-3.082117438316345215e-01 4.922021180391311646e-02
-1.155641227960586548e-01 -1.386223286390304565e-01
-6.699019670486450195e-02 2.610931694507598877e-01
-2.394886463880538940e-01 -5.975740775465965271e-02
-6.340250372886657715e-02 -5.293720588088035583e-02
-1.231041401624679565e-01 -1.398035436868667603e-01
-5.882801488041877747e-02 1.920679807662963867e-01
-3.566099703311920166e-01 1.811434328556060791e-01
-3.549946546554565430e-01 1.754999458789825439e-01
-5.279428139328956604e-02 1.122217327356338501e-01
-1.413698643445968628e-01 -1.377746015787124634e-01
-3.571416139602661133e-01 1.830217987298965454e-01
-8.718328922986984253e-02 -1.171274930238723755e-01
-5.492193996906280518e-02 6.596803665161132812e-03
-3.588205873966217041e-01 1.890208572149276733e-01
-6.965216249227523804e-02 2.825476229190826416e-01
-3.283697068691253662e-01 9.572048485279083252e-02
-3.193015158176422119e-01 7.358420640230178833e-02
-6.712456792593002319e-02 2.621688246726989746e-01
-3.107410073280334473e-01 5.454204231500625610e-02
-6.093566492199897766e-02 2.112136930227279663e-01
-5.352742969989776611e-02 1.276261210441589355e-01
-3.528044223785400391e-01 1.679997742176055908e-01
-5.299111828207969666e-02 1.168753355741500854e-01
-6.945738941431045532e-02 2.809588015079498291e-01
-6.860553473234176636e-02 2.740581333637237549e-01
-3.471087813377380371e-01 1.493115872144699097e-01
-6.760288029909133911e-02 2.660017013549804688e-01
-3.586636185646057129e-01 1.884553879499435425e-01
-2.929581701755523682e-01 1.964545063674449921e-02
-3.372572958469390869e-01 1.197028905153274536e-01
-6.319367140531539917e-02 2.303582876920700073e-01
-1.429253220558166504e-01 -1.373363882303237915e-01
-3.572943508625030518e-01 1.835635602474212646e-01
-3.512363433837890625e-01 1.627372354269027710e-01
-5.839692801237106323e-02 1.879233717918395996e-01
-3.522306978702545166e-01 1.660642027854919434e-01
-2.760471105575561523e-01 -8.962240070104598999e-03
-5.747563019394874573e-02 -1.714201457798480988e-02
-2.213068008422851562e-01 -8.053771406412124634e-02
-2.953404784202575684e-01 2.400352060794830322e-02
-3.394229114055633545e-01 1.259270906448364258e-01
-1.262537389993667603e-01 -1.399097144603729248e-01
-6.968731433153152466e-02 2.828348875045776367e-01
-1.001690402626991272e-01 -1.311191171407699585e-01
-2.331715524196624756e-01 -6.728501617908477783e-02
-3.070728778839111328e-01 4.686654731631278992e-02
-1.351448893547058105e-01 -1.391425877809524536e-01
-3.183472752571105957e-01 7.137753069400787354e-02
-2.043754756450653076e-01 -9.750130027532577515e-02
-5.342061072587966919e-02 2.701235376298427582e-02
-1.470006257295608521e-01 -1.360181421041488647e-01
-6.937007606029510498e-02 2.802481353282928467e-01
-1.463526785373687744e-01 -1.362437754869461060e-01
-2.183421999216079712e-01 -8.367269486188888550e-02
-5.238886550068855286e-02 1.002182364463806152e-01
-3.437683284282684326e-01 1.388936042785644531e-01
-8.549789339303970337e-02 -1.145888641476631165e-01
-1.024430170655250549e-01 -1.327466070652008057e-01
-6.819238513708114624e-02 2.707330286502838135e-01
-6.797352433204650879e-02 2.689746916294097900e-01
-3.560468256473541260e-01 1.791652292013168335e-01
-3.049512505531311035e-01 4.254889488220214844e-02
-6.723902374505996704e-02 2.630859911441802979e-01
-5.237089842557907104e-02 5.118573457002639771e-02
-1.229299232363700867e-01 -1.397912949323654175e-01
-6.698509305715560913e-02 2.610520124435424805e-01
-7.134145498275756836e-02 -8.321847766637802124e-02
-5.409448221325874329e-02 1.371438503265380859e-01
-1.086739227175712585e-01 -1.362226456403732300e-01
-1.419582217931747437e-01 -1.376131474971771240e-01
-2.815554141998291016e-01 -6.302632391452789307e-05
-6.628477573394775391e-02 2.554415166378021240e-01
-9.110159426927566528e-02 -1.223122924566268921e-01
-2.218319326639175415e-01 -7.997520267963409424e-02
-2.126713842153549194e-01 -8.947457373142242432e-02
-3.351897001266479492e-01 1.139039322733879089e-01
-3.381571173667907715e-01 1.222706884145736694e-01
-5.231784284114837646e-02 9.749320894479751587e-02
-6.951265782117843628e-02 2.814085483551025391e-01
-3.480261266231536865e-01 1.522422432899475098e-01
-6.851584464311599731e-02 2.733355462551116943e-01
-3.592388927936553955e-01 1.905311048030853271e-01
-3.567140996456146240e-01 1.815107017755508423e-01
-1.516170650720596313e-01 -1.342431455850601196e-01
-6.639324873685836792e-02 -6.597126275300979614e-02
-5.259217321872711182e-02 1.067859977483749390e-01
-3.570849895477294922e-01 1.828214973211288452e-01
-6.611230969429016113e-02 2.540580332279205322e-01
-5.727102980017662048e-02 -1.552498620003461838e-02
-1.227196156978607178e-01 -1.397756338119506836e-01
-1.222049817442893982e-01 -1.397334188222885132e-01
-6.923134624958038330e-02 2.791211903095245361e-01
-3.538638353347778320e-01 1.716059297323226929e-01
-1.408282220363616943e-01 -1.379183530807495117e-01
-3.418728113174438477e-01 1.331580281257629395e-01
-6.082005426287651062e-02 2.102018147706985474e-01
-3.447438478469848633e-01 1.418951153755187988e-01
-3.490830361843109131e-01 1.556559950113296509e-01
-7.833823561668395996e-02 -1.013080254197120667e-01
-3.542010784149169922e-01 1.727622300386428833e-01
-3.382629752159118652e-01 1.225739493966102600e-01
-6.813400238752365112e-02 2.702636718750000000e-01
-1.125829666852951050e-01 -1.377529799938201904e-01
-3.277325928211212158e-01 9.409246593713760376e-02
-3.497519195079803467e-01 1.578369587659835815e-01
-2.322813868522644043e-01 -6.831881403923034668e-02
-9.217341244220733643e-02 -1.235709264874458313e-01
-2.408325821161270142e-01 -5.811281129717826843e-02
-1.018720045685768127e-01 -1.323575377464294434e-01
-5.425450578331947327e-02 1.469927467405796051e-02
-3.533241450786590576e-01 1.697635650634765625e-01
-5.298426747322082520e-02 1.167226806282997131e-01
-5.560893937945365906e-02 1.578756272792816162e-01
-6.566969305276870728e-02 2.505037784576416016e-01
-2.060041278600692749e-01 -9.596906602382659912e-02
-3.584021925926208496e-01 1.875157505273818970e-01
-5.402989685535430908e-02 1.361272186040878296e-01
-3.568556606769561768e-01 1.820102035999298096e-01
-6.068772822618484497e-02 2.090393155813217163e-01
-1.574519276618957520e-01 -1.316022574901580811e-01
-5.263535678386688232e-02 4.319677129387855530e-02
-5.479397997260093689e-02 1.473505795001983643e-01
-8.198057115077972412e-02 -1.086103394627571106e-01
-6.805375218391418457e-02 2.696190476417541504e-01
-6.936187297105789185e-02 2.801814973354339600e-01
-2.925933301448822021e-01 1.898527704179286957e-02
-5.323878303170204163e-02 1.221234723925590515e-01
-3.483417928218841553e-01 1.532577276229858398e-01
-3.526967167854309082e-01 1.676350682973861694e-01
-6.999206542968750000e-02 2.853332757949829102e-01
-3.462725579738616943e-01 1.466670483350753784e-01
-2.886836826801300049e-01 1.204172149300575256e-02
-6.990018486976623535e-02 2.845781743526458740e-01
-3.345200419425964355e-01 1.120554059743881226e-01
-6.218490377068519592e-02 2.219315022230148315e-01
-5.670717358589172363e-02 1.705502271652221680e-01
-6.779488176107406616e-02 2.675412893295288086e-01
-3.246624767780303955e-01 8.640578389167785645e-02
-5.564909800887107849e-02 -1.106122042983770370e-03
-6.078987941145896912e-02 2.099368274211883545e-01
-6.185619533061981201e-02 2.191450148820877075e-01
-7.017322629690170288e-02 2.868262529373168945e-01
-3.578390181064605713e-01 1.855011284351348877e-01
-8.202852308750152588e-02 -1.086983978748321533e-01
-5.389630421996116638e-02 1.339751631021499634e-01
-6.134545803070068359e-02 2.147695422172546387e-01
-5.613818764686584473e-02 1.641598194837570190e-01
-1.587885320186614990e-01 -1.309383660554885864e-01
-6.477051973342895508e-02 2.432508468627929688e-01
-2.361186444759368896e-01 -6.381487101316452026e-02
-6.990260630846023560e-02 2.845982015132904053e-01
-8.390759676694869995e-02 -1.120053157210350037e-01
-3.418585062026977539e-01 1.331151574850082397e-01
-6.437083333730697632e-02 2.400082796812057495e-01
-7.009103149175643921e-02 2.861479520797729492e-01
-5.588411539793014526e-02 1.611885130405426025e-01
-6.686151772737503052e-02 2.600623667240142822e-01
-5.628994479775428772e-02 1.658983379602432251e-01
-3.412704765796661377e-01 1.313604265451431274e-01
-3.371270298957824707e-01 1.193331852555274963e-01
-3.017564713954925537e-01 3.620458766818046570e-02
-6.963216513395309448e-02 2.823842465877532959e-01
-5.286224931478500366e-02 3.773342072963714600e-02
-3.526647686958312988e-01 1.675275117158889771e-01
-6.852463632822036743e-02 2.734064757823944092e-01
-6.905928999185562134e-02 2.777251005172729492e-01
-5.258583649992942810e-02 1.066005080938339233e-01
-6.776895374059677124e-02 2.673327624797821045e-01
-3.300199210643768311e-01 9.999243170022964478e-02
-6.894690543413162231e-02 2.768155038356781006e-01
-1.573542952537536621e-01 -1.316498368978500366e-01
-6.656683981418609619e-02 2.577015757560729980e-01
-6.492245197296142578e-02 2.444795668125152588e-01
-3.570016920566558838e-01 1.825266182422637939e-01
-2.702736556529998779e-01 -1.789791136980056763e-02
-2.712677717208862305e-01 -1.638744026422500610e-02
-3.526706993579864502e-01 1.675472855567932129e-01
-6.033791229128837585e-02 2.059416770935058594e-01
-3.551028966903686523e-01 1.758748739957809448e-01
-6.440242379903793335e-02 2.402652204036712646e-01
-5.553593114018440247e-02 1.569785773754119873e-01
-3.562551438808441162e-01 1.798954159021377563e-01
-5.212047696113586426e-02 6.316099315881729126e-02
-3.446514904499053955e-01 1.416102945804595947e-01
-6.681054830551147461e-02 2.596538960933685303e-01
-3.142734766006469727e-01 6.219980865716934204e-02
-5.209270492196083069e-02 6.538768857717514038e-02
-6.936013698577880859e-02 2.801673710346221924e-01
-1.333090513944625854e-01 -1.394213438034057617e-01
-2.240629643201828003e-01 -7.756023854017257690e-02
-6.921409815549850464e-02 2.789809703826904297e-01
-3.527669608592987061e-01 1.678728014230728149e-01
-5.508479848504066467e-02 1.512452363967895508e-01
-3.323518037796020508e-01 1.061658263206481934e-01
-5.326408147811889648e-02 2.974117919802665710e-02
-6.899770349264144897e-02 2.772270143032073975e-01
-3.389858901500701904e-01 1.246581003069877625e-01
-3.472045958042144775e-01 1.496168076992034912e-01
-2.584998905658721924e-01 -3.499206900596618652e-02
-3.451197445392608643e-01 1.430614292621612549e-01
-1.087730079889297485e-01 -1.362672001123428345e-01
-3.044549822807312012e-01 4.155055060982704163e-02
-6.287067383527755737e-02 2.276783585548400879e-01
-6.367449462413787842e-02 2.343199700117111206e-01
-6.205946207046508789e-02 2.208708375692367554e-01
-2.188175171613693237e-01 -8.317475765943527222e-02
-5.360946059226989746e-02 1.290964931249618530e-01
-6.784433126449584961e-02 2.679378688335418701e-01
-3.466393053531646729e-01 1.478238701820373535e-01
-6.074460595846176147e-02 2.095394134521484375e-01
-2.041687816381454468e-01 -9.769397228956222534e-02
-5.211021751165390015e-02 6.393443793058395386e-02
-2.759847342967987061e-01 -9.060775861144065857e-03
-9.800909459590911865e-02 -1.293747574090957642e-01
-2.334705293178558350e-01 -6.693621724843978882e-02
-6.811340898275375366e-02 2.700976133346557617e-01
-6.857653707265853882e-02 2.738251686096191406e-01
-1.195610985159873962e-01 -1.394198983907699585e-01
-5.361028015613555908e-02 2.391880378127098083e-02
-5.815982446074485779e-02 -2.229487150907516479e-02
-6.101955845952033997e-02 2.119451314210891724e-01
-3.354562520980834961e-01 1.146447509527206421e-01
-5.491673201322555542e-02 1.490155458450317383e-01
-5.493331700563430786e-02 6.468595936894416809e-03
-3.572707474231719971e-01 1.834800243377685547e-01
-1.093076840043067932e-01 -1.365025490522384644e-01
-1.426037102937698364e-01 -1.374300569295883179e-01
-5.560086295008659363e-02 1.577769219875335693e-01
-1.034698933362960815e-01 -1.334151923656463623e-01
-3.581599295139312744e-01 1.866479068994522095e-01
-1.000024750828742981e-01 -1.309916228055953979e-01
-3.193193376064300537e-01 7.362507283687591553e-02
-5.276117473840713501e-02 1.113838925957679749e-01
-6.306339800357818604e-02 -5.129814147949218750e-02
-6.765373051166534424e-02 2.664093375205993652e-01
-3.542669415473937988e-01 1.729890406131744385e-01
-5.588399618864059448e-02 -3.401946276426315308e-03
-2.821441888809204102e-01 9.110316168516874313e-04
-6.828469783067703247e-02 2.714750170707702637e-01
-2.851440310478210449e-01 5.944713950157165527e-03
-3.596131503582000732e-01 1.918881386518478394e-01
-3.458912968635559082e-01 1.454683691263198853e-01
-2.309087365865707397e-01 -6.990078836679458618e-02
-9.332496672868728638e-02 -1.248526573181152344e-01
-6.088530272245407104e-02 2.107733488082885742e-01
-6.696473807096481323e-02 2.608889043331146240e-01
-7.121177762746810913e-02 -8.282108604907989502e-02
-7.543648779392242432e-02 -9.453452378511428833e-02
-3.355325460433959961e-01 1.148559749126434326e-01
-3.171438276767730713e-01 6.862651556730270386e-02
-3.520196378231048584e-01 1.653548628091812134e-01
-1.842681765556335449e-01 -1.146134436130523682e-01
-6.447593122720718384e-02 -5.789340287446975708e-02
-5.868397280573844910e-02 1.906946301460266113e-01
-1.975240558385848999e-01 -1.037121787667274475e-01
-6.940900534391403198e-02 2.805649638175964355e-01
-6.857942789793014526e-02 2.738485336303710938e-01
-5.372917279601097107e-02 1.311801820993423462e-01
-7.023797184228897095e-02 2.873606383800506592e-01
-5.205974355340003967e-02 8.117979019880294800e-02
-2.128415852785110474e-01 -8.930418640375137329e-02
-6.721595674753189087e-02 2.629012167453765869e-01
-6.348378211259841919e-02 2.327522188425064087e-01
-6.870658695697784424e-02 2.748734652996063232e-01
-2.435978204011917114e-01 -5.467929318547248840e-02
-5.526120960712432861e-02 1.535277962684631348e-01
-2.463903725147247314e-01 -5.114438757300376892e-02
-3.268550634384155273e-01 9.186878800392150879e-02
-1.185626238584518433e-01 -1.392582058906555176e-01
-3.600919544696807861e-01 1.936312466859817505e-01
-6.018154323101043701e-02 -3.566366434097290039e-02
-6.971007585525512695e-02 2.830209434032440186e-01
-9.796448796987533569e-02 -1.293361634016036987e-01
-1.351696103811264038e-01 -1.391384452581405640e-01
-3.588555157184600830e-01 1.891463398933410645e-01
-6.181915104389190674e-02 2.188300043344497681e-01
-1.483322232961654663e-01 -1.355360448360443115e-01
-5.444999784231185913e-02 1.424988061189651489e-01
-3.425776362419128418e-01 1.352757662534713745e-01
-6.267075985670089722e-02 2.260116785764694214e-01
-3.263370692729949951e-01 9.056641906499862671e-02
-6.772297620773315430e-02 -7.106806337833404541e-02
-5.610752105712890625e-02 1.638054102659225464e-01
-1.455734670162200928e-01 -1.365072727203369141e-01
-1.391409486532211304e-01 -1.383367627859115601e-01
-6.986534595489501953e-02 2.842924892902374268e-01
-3.549759984016418457e-01 1.754355579614639282e-01
-6.959100812673568726e-02 2.820480465888977051e-01
-6.692273169755935669e-02 2.605529725551605225e-01
-3.154001832008361816e-01 6.469997018575668335e-02
-5.945378541946411133e-02 1.979283690452575684e-01
-3.524883687496185303e-01 1.669323742389678955e-01
-3.597757816314697266e-01 1.924791485071182251e-01
-8.540655672550201416e-02 -1.144455596804618835e-01
-3.355475664138793945e-01 1.148978397250175476e-01
-2.093350887298583984e-01 -9.276885539293289185e-02
-2.959780991077423096e-01 2.518622577190399170e-02
-1.366734951734542847e-01 -1.388659328222274780e-01
-3.591015040874481201e-01 1.900344789028167725e-01
-3.352189362049102783e-01 1.139852330088615417e-01
-6.484901905059814453e-02 2.438861876726150513e-01
-6.339611858129501343e-02 2.320297062397003174e-01
-3.049010634422302246e-01 4.244700074195861816e-02
-3.505982160568237305e-01 1.606198400259017944e-01
-7.023345679044723511e-02 2.873232662677764893e-01
-2.663843333721160889e-01 -2.370689250528812408e-02
-1.228778883814811707e-01 -1.397875100374221802e-01
-3.494137525558471680e-01 1.567330658435821533e-01
-3.600256741046905518e-01 1.933890879154205322e-01
-6.959479302167892456e-02 2.820791602134704590e-01
-3.550137877464294434e-01 1.755663603544235229e-01
-3.179265260696411133e-01 7.041234523057937622e-02
-3.572584986686706543e-01 1.834360361099243164e-01
-6.987731903791427612e-02 2.843904495239257812e-01
-5.991087481379508972e-02 2.021062523126602173e-01
-3.444688916206359863e-01 1.410470008850097656e-01
-3.559875786304473877e-01 1.789578497409820557e-01
-2.507934570312500000e-01 -4.542900621891021729e-02
-2.628332078456878662e-01 -2.886850759387016296e-02
-6.566268950700759888e-02 2.504477500915527344e-01
-6.246217712759971619e-02 2.242650538682937622e-01
-5.624127388000488281e-02 1.653431206941604614e-01
-6.602359563112258911e-02 2.533462047576904297e-01
-2.707093656063079834e-01 -1.723755709826946259e-02
-7.026770710945129395e-02 2.876068055629730225e-01
-5.291303992271423340e-02 1.150910630822181702e-01
-6.807687878608703613e-02 2.698044180870056152e-01
-3.428810834884643555e-01 1.361940503120422363e-01
-3.479760885238647461e-01 1.520815491676330566e-01
-5.551204457879066467e-02 1.566835641860961914e-01
-6.131887808442115784e-02 2.145404070615768433e-01
-3.208910524845123291e-01 7.730957865715026855e-02
-3.233549594879150391e-01 8.320979773998260498e-02
-5.566950142383575439e-02 1.586142778396606445e-01
-3.394433557987213135e-01 1.259864717721939087e-01
-3.480890393257141113e-01 1.524436026811599731e-01
-2.016617357730865479e-01 -1.000070646405220032e-01
-2.961216568946838379e-01 2.545331418514251709e-02
-8.277774602174758911e-02 -1.100513413548469543e-01
-3.599342405796051025e-01 1.930556446313858032e-01
-1.628871262073516846e-01 -1.287721693515777588e-01
-8.365860581398010254e-02 -1.115833967924118042e-01
-2.237031757831573486e-01 -7.795245945453643799e-02
-5.876642838120460510e-02 1.914816200733184814e-01
-6.886662542819976807e-02 2.761664390563964844e-01
-5.546675249934196472e-02 1.561209559440612793e-01
-3.088257312774658203e-01 5.050028860569000244e-02
-8.346654474735260010e-02 -1.112547889351844788e-01
-6.896170973777770996e-02 2.769351005554199219e-01
-3.505542874336242676e-01 1.604758352041244507e-01
-6.022616103291511536e-02 2.049437612295150757e-01
-3.373885452747344971e-01 1.200757175683975220e-01
-2.184635400772094727e-01 -8.354584127664566040e-02
-6.938355416059494019e-02 2.803579568862915039e-01
-5.283308029174804688e-02 1.131812334060668945e-01
-2.315818220376968384e-01 -6.912707537412643433e-02
-3.570472002029418945e-01 1.826876103878021240e-01
-3.574037551879882812e-01 1.839517205953598022e-01
-3.413430452346801758e-01 1.315768212080001831e-01
-2.776970267295837402e-01 -6.336292717605829239e-03
-6.573037803173065186e-02 2.509913742542266846e-01
-3.464584648609161377e-01 1.472534686326980591e-01
-6.158772110939025879e-02 2.168521881103515625e-01
-3.117959499359130859e-01 5.680095031857490540e-02
-5.411946028470993042e-02 1.649662852287292480e-02
-2.229116857051849365e-01 -7.881142199039459229e-02
-5.555861443281173706e-02 1.572580337524414062e-01
-6.096393242478370667e-02 2.114603370428085327e-01
-5.204620584845542908e-02 7.149125635623931885e-02
-6.999227404594421387e-02 2.853348851203918457e-01
-3.232747614383697510e-01 8.301587402820587158e-02
-2.353722602128982544e-01 -6.470045447349548340e-02
-3.075088560581207275e-01 4.776465520262718201e-02
-2.111765742301940918e-01 -9.096132963895797729e-02
-3.456610143184661865e-01 1.447481811046600342e-01
-3.095504045486450195e-01 5.202072486281394958e-02
-3.591125607490539551e-01 1.900743991136550903e-01
-3.579789400100708008e-01 1.860005855560302734e-01
-3.400892019271850586e-01 1.278733909130096436e-01
-1.024212613701820374e-01 -1.327320337295532227e-01
-5.894806608557701111e-02 -2.780384570360183716e-02
-3.283938765525817871e-01 9.578237682580947876e-02
-3.585555255413055420e-01 1.880661845207214355e-01
-3.237807154655456543e-01 8.424557745456695557e-02
-6.886886805295944214e-02 2.761841714382171631e-01
-7.695706933736801147e-02 -9.819921851158142090e-02
-6.214533373713493347e-02 2.215974181890487671e-01
-3.432209193706512451e-01 1.372249871492385864e-01
-3.094777166843414307e-01 5.186777189373970032e-02
-1.667663902044296265e-01 -1.265489161014556885e-01
-6.793964654207229614e-02 2.687025368213653564e-01
-6.783775985240936279e-02 2.678853273391723633e-01
-5.521690472960472107e-02 1.529598385095596313e-01
-5.490555241703987122e-02 6.782901939004659653e-03
-2.285997420549392700e-01 -7.252666354179382324e-02
-3.534560799598693848e-01 1.702131479978561401e-01
-5.955752357840538025e-02 1.988841593265533447e-01
-2.859330773353576660e-01 7.288553286343812943e-03
-6.198094412684440613e-02 2.202060520648956299e-01
-5.494570732116699219e-02 1.494039148092269897e-01
-6.798399239778518677e-02 2.690587341785430908e-01
-2.190055400133132935e-01 -8.297728747129440308e-02
-6.964623183012008667e-02 2.824992239475250244e-01
-5.497967079281806946e-02 1.498576849699020386e-01
-1.957041174173355103e-01 -1.052972003817558289e-01
-1.337296664714813232e-01 -1.393627971410751343e-01
-5.897591635584831238e-02 -2.799094840884208679e-02
-3.588050603866577148e-01 1.889648437500000000e-01
-6.764315813779830933e-02 2.663244605064392090e-01
-5.972269549965858459e-02 2.003964036703109741e-01
-5.741617828607559204e-02 1.780916154384613037e-01
-3.595009446144104004e-01 1.914813220500946045e-01
-2.421619445085525513e-01 -5.647028237581253052e-02
-1.265528202056884766e-01 -1.399089097976684570e-01
-3.581952750682830811e-01 1.867742836475372314e-01
-6.308433413505554199e-02 2.294522523880004883e-01
-6.732723861932754517e-02 2.637924849987030029e-01
-3.029554188251495361e-01 3.856317326426506042e-02
-5.208436772227287292e-02 8.408609032630920410e-02
-3.422921001911163330e-01 1.344162225723266602e-01
-5.709871649742126465e-02 1.747670322656631470e-01
-6.356926262378692627e-02 2.334553748369216919e-01
-6.863608211278915405e-02 2.743045687675476074e-01
-3.525129258632659912e-01 1.670155525207519531e-01
-2.442300766706466675e-01 -5.388497933745384216e-02
-5.337499454617500305e-02 1.247898414731025696e-01
-1.100282073020935059e-01 -1.368056088685989380e-01
-5.306255444884300232e-02 1.184497699141502380e-01
-6.277538090944290161e-02 -4.987692460417747498e-02
-2.297184169292449951e-01 -7.126006484031677246e-02
-5.374276265501976013e-02 1.314114779233932495e-01
-3.547573089599609375e-01 1.746787726879119873e-01
-6.580399721860885620e-02 2.515833377838134766e-01
-7.051093131303787231e-02 -8.062876015901565552e-02
-3.409515917301177979e-01 1.304152905941009521e-01
-1.399212926626205444e-01 -1.381490081548690796e-01
-6.561610102653503418e-02 2.500734329223632812e-01
-3.387493491172790527e-01 1.239744722843170166e-01
-7.006497681140899658e-02 2.859331965446472168e-01
-5.450019612908363342e-02 1.157595589756965637e-02
-5.421746522188186646e-02 1.390415877103805542e-01
-6.318639963865280151e-02 2.302983850240707397e-01
-7.000064104795455933e-02 2.854037284851074219e-01
-6.646420806646347046e-02 2.568796873092651367e-01
-6.021173670887947083e-02 2.048144787549972534e-01
-3.488879203796386719e-01 1.550231426954269409e-01
-3.537419736385345459e-01 1.711887717247009277e-01
-5.938308313488960266e-02 -3.067317046225070953e-02
-3.296294510364532471e-01 9.897433966398239136e-02
-6.851737201213836670e-02 2.733477652072906494e-01
-2.777359187602996826e-01 -6.273678503930568695e-03
-2.721723616123199463e-01 -1.500215847045183182e-02
-1.107678562402725220e-01 -1.370997726917266846e-01
-7.011238485574722290e-02 2.863238155841827393e-01
-6.309464573860168457e-02 2.295379191637039185e-01
-3.486112654209136963e-01 1.541277617216110229e-01
-1.235121116042137146e-01 -1.398293524980545044e-01
-6.983490288257598877e-02 2.840425670146942139e-01
-3.356812596321105957e-01 1.152701824903488159e-01
-8.435204625129699707e-02 -1.127465739846229553e-01
-3.537787795066833496e-01 1.713142842054367065e-01
-3.398929834365844727e-01 1.272985786199569702e-01
-5.514760315418243408e-02 1.520638614892959595e-01
-1.183935478329658508e-01 -1.392283439636230469e-01
-5.222216248512268066e-02 5.726918578147888184e-02
-1.207220032811164856e-01 -1.395776420831680298e-01
-3.306514024734497070e-01 1.016480177640914917e-01
-3.491629958152770996e-01 1.559163779020309448e-01
-1.629162877798080444e-01 -1.287562400102615356e-01
-6.659426540136337280e-02 2.579214274883270264e-01
-3.564750552177429199e-01 1.806688159704208374e-01
-3.356733322143554688e-01 1.152477860450744629e-01
-3.549420833587646484e-01 1.753181517124176025e-01
-3.504940867424011230e-01 1.602768599987030029e-01
-5.317691713571548462e-02 1.208646818995475769e-01
-5.204704403877258301e-02 7.889926433563232422e-02
-6.463904678821563721e-02 2.421851307153701782e-01
-2.323602437973022461e-01 -6.822783499956130981e-02
-5.416367575526237488e-02 1.382175087928771973e-01
-3.065894842147827148e-01 4.587449505925178528e-02
-6.840965151786804199e-02 2.724804878234863281e-01
-1.342417746782302856e-01 -1.392872482538223267e-01
-2.644225656986236572e-01 -2.657432854175567627e-02
-3.586180508136749268e-01 1.882916241884231567e-01
-5.459007248282432556e-02 1.047768909484148026e-02
-8.813014626502990723e-02 -1.184688881039619446e-01
-3.505410850048065186e-01 1.604324281215667725e-01
-5.540576204657554626e-02 1.553588211536407471e-01
-3.546048402786254883e-01 1.741524189710617065e-01
-6.442788243293762207e-02 2.404717952013015747e-01
-6.496281176805496216e-02 -6.003370508551597595e-02
-3.548445105552673340e-01 1.749807000160217285e-01
-3.505533933639526367e-01 1.604731827974319458e-01
-6.446218490600585938e-02 2.407504618167877197e-01
-8.437748253345489502e-02 -1.127884536981582642e-01
-1.031619533896446228e-01 -1.332188546657562256e-01
-6.550522148609161377e-02 2.491807192564010620e-01
-3.588008284568786621e-01 1.889493763446807861e-01
-5.854592099785804749e-02 1.893672943115234375e-01
-6.226797774434089661e-02 2.226323336362838745e-01
-1.840991079807281494e-01 -1.147426217794418335e-01
-3.502814471721649170e-01 1.595765352249145508e-01
-3.592990934848785400e-01 1.907498985528945923e-01
-3.478314578533172607e-01 1.516178846359252930e-01
-5.295292288064956665e-02 3.577580675482749939e-02
-6.816869974136352539e-02 2.705423831939697266e-01
-5.364383012056350708e-02 2.339241467416286469e-02
-2.343046516180038452e-01 -6.595934927463531494e-02
-8.034904301166534424e-02 -1.054908931255340576e-01
-5.696701258420944214e-02 -1.304851751774549484e-02
-6.003382056951522827e-02 2.032166421413421631e-01
-7.009681314229965210e-02 2.861954867839813232e-01
-1.170210689306259155e-01 -1.389601230621337891e-01
-2.860774993896484375e-01 7.534967735409736633e-03
-6.855834275484085083e-02 2.736782133579254150e-01
-5.303587391972541809e-02 1.178680509328842163e-01
-1.351223886013031006e-01 -1.391463577747344971e-01
-3.296486139297485352e-01 9.902416914701461792e-02
-3.309085071086883545e-01 1.023260131478309631e-01
-3.495771288871765137e-01 1.572657823562622070e-01
-6.740383058786392212e-02 2.644059956073760986e-01
-6.715973466634750366e-02 2.624513506889343262e-01
-5.231290683150291443e-02 5.334778130054473877e-02
-2.641759216785430908e-01 -2.693248167634010315e-02
-3.189780116081237793e-01 7.283378392457962036e-02
-1.477514356374740601e-01 -1.357494443655014038e-01
-2.920136153697967529e-01 1.794133707880973816e-02
-6.053645163774490356e-02 2.077047079801559448e-01
-3.084607124328613281e-01 4.973876476287841797e-02
-1.036192700266838074e-01 -1.335092335939407349e-01
-3.553055226802825928e-01 1.765790432691574097e-01
-6.962418556213378906e-02 2.823188602924346924e-01
-1.473007202148437500e-01 -1.359116584062576294e-01
-6.373877078294754028e-02 2.348470836877822876e-01
-3.530062437057495117e-01 1.686835736036300659e-01
-6.959429383277893066e-02 2.820750176906585693e-01
-5.834812298417091370e-02 1.874476373195648193e-01
-5.203878879547119141e-02 7.496090978384017944e-02
-3.473615944385528564e-01 1.501167714595794678e-01
-2.780244946479797363e-01 -5.810780450701713562e-03
-2.834458947181701660e-01 3.080443944782018661e-03
-7.001018524169921875e-02 2.854823470115661621e-01
-7.009354233741760254e-02 2.861685156822204590e-01
-3.115172088146209717e-01 5.620159953832626343e-02
-1.501490324735641479e-01 -1.348388642072677612e-01
-5.661904066801071167e-02 1.695822924375534058e-01
-6.894321739673614502e-02 2.767857909202575684e-01
-6.954564154148101807e-02 2.816780209541320801e-01
-3.499428927898406982e-01 1.584634929895401001e-01
-7.006367295980453491e-02 2.859227061271667480e-01
-3.597427904605865479e-01 1.923591941595077515e-01
-2.814971208572387695e-01 -1.586126163601875305e-04
-5.526493117213249207e-02 1.535753011703491211e-01
-3.391177058219909668e-01 1.250406652688980103e-01
-3.473568260669708252e-01 1.501016318798065186e-01
-5.205021053552627563e-02 7.062093168497085571e-02
-3.167235851287841797e-01 6.767445057630538940e-02
-3.558869957923889160e-01 1.786058843135833740e-01
-3.566747605800628662e-01 1.813719570636749268e-01
-5.242525041103363037e-02 4.932866990566253662e-02
-3.503398895263671875e-01 1.597689539194107056e-01
-6.788212805986404419e-02 2.682411074638366699e-01
-6.925744563341140747e-02 2.793331146240234375e-01
-3.588456213474273682e-01 1.891107112169265747e-01
-5.527726188302040100e-02 2.711170120164752007e-03
-2.463247627019882202e-01 -5.122818425297737122e-02
-6.860119849443435669e-02 2.740231454372406006e-01
-3.247863054275512695e-01 8.671071380376815796e-02
-5.545300990343093872e-02 1.559496074914932251e-01
-5.435479804873466492e-02 1.340279076248407364e-02
-6.164961308240890503e-02 2.173823118209838867e-01
-2.434660941362380981e-01 -5.484442040324211121e-02
-3.596649467945098877e-01 1.920763403177261353e-01
-2.607927024364471436e-01 -3.177515417337417603e-02
-6.922458112239837646e-02 2.790663540363311768e-01
-6.408907473087310791e-02 2.377130240201950073e-01
-1.902841329574584961e-01 -1.098528206348419189e-01
-1.751630902290344238e-01 -1.211947575211524963e-01
-2.617315948009490967e-01 -3.044305741786956787e-02
-3.063349425792694092e-01 4.535436257719993591e-02
-1.165110319852828979e-01 -1.388479769229888916e-01
-3.600313663482666016e-01 1.934100687503814697e-01
-6.040479987859725952e-02 2.065365165472030640e-01
-5.256747826933860779e-02 1.060600429773330688e-01
-5.450499802827835083e-02 1.432950794696807861e-01
-7.886384427547454834e-02 -1.024393066763877869e-01
-2.868421971797943115e-01 8.847891353070735931e-03
-9.310735017061233521e-02 -1.246159821748733521e-01
-3.587346971035003662e-01 1.887114048004150391e-01
-1.452819257974624634e-01 -1.366035491228103638e-01
-3.318219780921936035e-01 1.047491356730461121e-01
-8.190903067588806152e-02 -1.084785014390945435e-01
-3.581917881965637207e-01 1.867612004280090332e-01
-6.735385954380035400e-02 2.640059292316436768e-01
-1.743987202644348145e-01 -1.217113658785820007e-01
-6.372281908988952637e-02 2.347164899110794067e-01
-8.845232427120208740e-02 -1.189120486378669739e-01
-3.545522689819335938e-01 1.739712953567504883e-01
-3.597384989261627197e-01 1.923436224460601807e-01
-2.980181574821472168e-01 2.901222929358482361e-02
-3.373111188411712646e-01 1.198551952838897705e-01
-3.601332306861877441e-01 1.937815397977828979e-01
-6.556811183691024780e-02 2.496869117021560669e-01
-6.271073222160339355e-02 2.263452857732772827e-01
-6.139444187283515930e-02 2.151919305324554443e-01
-3.592897653579711914e-01 1.907156258821487427e-01
-3.313019871711730957e-01 1.033660471439361572e-01
-2.971703410148620605e-01 2.741351351141929626e-02
-6.716766953468322754e-02 2.625147402286529541e-01
-2.775895595550537109e-01 -6.508325226604938507e-03
-5.204663425683975220e-02 7.140215486288070679e-02
-3.542306423187255859e-01 1.728639602661132812e-01
-1.044704467058181763e-01 -1.340287923812866211e-01
-6.153666973114013672e-02 2.164148539304733276e-01
-2.263965904712677002e-01 -7.499177008867263794e-02
-6.894811987876892090e-02 2.768254280090332031e-01
-3.601127266883850098e-01 1.937067508697509766e-01
-2.641924917697906494e-01 -2.690808475017547607e-02
-1.822475492954254150e-01 -1.161402836441993713e-01
-6.815127283334732056e-02 2.704024314880371094e-01
-3.517219126224517822e-01 1.643572300672531128e-01
-1.942235976457595825e-01 -1.065663769841194153e-01
-5.673518776893615723e-02 1.708568185567855835e-01
-5.246229097247123718e-02 1.027636751532554626e-01
-2.775554060935974121e-01 -6.562610622495412827e-03
-6.248828768730163574e-02 2.244843542575836182e-01
-2.797009050846099854e-01 -3.101443639025092125e-03
-6.477395445108413696e-02 -5.921144410967826843e-02
-6.791085749864578247e-02 -7.175813615322113037e-02
-6.245632097125053406e-02 2.242159247398376465e-01
-3.382368683815002441e-01 1.224988549947738647e-01
-3.443255126476287842e-01 1.406045407056808472e-01
-6.706484407186508179e-02 2.616905570030212402e-01
-2.772350013256072998e-01 -7.074600551277399063e-03
-3.568193316459655762e-01 1.818825900554656982e-01
-6.280858069658279419e-02 2.271613031625747681e-01
-3.556757569313049316e-01 1.778683364391326904e-01
-1.247833296656608582e-01 -1.398864984512329102e-01
-6.663367152214050293e-02 -6.692130118608474731e-02
-2.540451288223266602e-01 -4.109349846839904785e-02
-1.090227439999580383e-01 -1.363783776760101318e-01
-6.993195414543151855e-02 2.848390638828277588e-01
-3.269752860069274902e-01 9.217189997434616089e-02
-3.488791882991790771e-01 1.549949198961257935e-01
-5.757635831832885742e-02 1.797404289245605469e-01
-2.422931045293807983e-01 -5.630749464035034180e-02
-3.281442821025848389e-01 9.514245390892028809e-02
-7.270755618810653687e-02 -8.724890649318695068e-02
-5.327091366052627563e-02 2.961794659495353699e-02
-6.407006084918975830e-02 2.375577986240386963e-01
-3.591549992561340332e-01 1.902282387018203735e-01
-6.787582486867904663e-02 2.681905925273895264e-01
-6.886395066976547241e-02 -7.515282183885574341e-02
-6.426218152046203613e-02 2.391238063573837280e-01
-6.055616587400436401e-02 2.078790366649627686e-01
-3.213454186916351318e-01 7.838527113199234009e-02
-6.966595351696014404e-02 2.826601564884185791e-01
-5.378333106637001038e-02 2.126713469624519348e-02
-6.261131167411804199e-02 2.255150526762008667e-01
-5.207168310880661011e-02 8.271708339452743530e-02
-2.029925882816314697e-01 -9.878571331501007080e-02
-1.833224892616271973e-01 -1.153325736522674561e-01
-7.020008563995361328e-02 2.870471179485321045e-01
-3.498372435569763184e-01 1.581171005964279175e-01
-1.672644317150115967e-01 -1.262515932321548462e-01
-2.307695299386978149e-01 -7.006023079156875610e-02
-1.649396419525146484e-01 -1.276163160800933838e-01
-3.545965254306793213e-01 1.741238981485366821e-01
-3.558416664600372314e-01 1.784474998712539673e-01
-3.414718508720397949e-01 1.319595575332641602e-01
-1.575712263584136963e-01 -1.315438002347946167e-01
-6.631802767515182495e-02 2.557081878185272217e-01
-6.807158142328262329e-02 2.697617113590240479e-01
-6.955432891845703125e-02 2.817492187023162842e-01
-6.737601011991500854e-02 2.641833424568176270e-01
-3.583510518074035645e-01 1.873326450586318970e-01
-9.863716363906860352e-02 -1.299027353525161743e-01
-1.556260436773300171e-01 -1.324742585420608521e-01
-3.444737493991851807e-01 1.410612612962722778e-01
-3.395394682884216309e-01 1.262665390968322754e-01
-2.469934225082397461e-01 -5.037195608019828796e-02
-3.426932096481323242e-01 1.356252431869506836e-01
-5.740857496857643127e-02 1.780127137899398804e-01
-3.584875166416168213e-01 1.878219842910766602e-01
-6.154375150799751282e-02 2.164758443832397461e-01
-5.407157540321350098e-02 1.367851495742797852e-01
-3.226047456264495850e-01 8.139671385288238525e-02
-7.021832466125488281e-02 2.871980965137481689e-01
-6.127845495939254761e-02 2.141920477151870728e-01
-5.443393439054489136e-02 1.422650367021560669e-01
-2.956878244876861572e-01 2.464733645319938660e-02
-2.486284822225570679e-01 -4.826057329773902893e-02
-5.204414576292037964e-02 7.817070931196212769e-02
-6.625653803348541260e-02 2.552147209644317627e-01
-3.569492399692535400e-01 1.823415458202362061e-01
-2.621841430664062500e-01 -2.979762293398380280e-02
-5.620317161083221436e-02 1.649073809385299683e-01
-6.649057567119598389e-02 -6.635754555463790894e-02
-6.112739816308021545e-02 2.128827720880508423e-01
-3.570732176303863525e-01 1.827800869941711426e-01
-3.483713865280151367e-01 1.533531397581100464e-01
-2.418204993009567261e-01 -5.689421296119689941e-02
-6.904665380716323853e-02 2.776224017143249512e-01
-2.953055500984191895e-01 2.393985912203788757e-02
-2.864669263362884521e-01 8.202715776860713959e-03
-3.560073375701904297e-01 1.790271252393722534e-01
-6.820635497570037842e-02 2.708448469638824463e-01
-6.494112312793731689e-02 -5.993961915373802185e-02
-3.540014028549194336e-01 1.720772981643676758e-01
-3.469930291175842285e-01 1.489448249340057373e-01
-6.798762828111648560e-02 2.690878510475158691e-01
-6.171443313360214233e-02 2.179363071918487549e-01
-2.716696560382843018e-01 -1.577297411859035492e-02
-6.948059797286987305e-02 2.811476886272430420e-01
-9.378562867641448975e-02 -1.253456622362136841e-01
-3.545628786087036133e-01 1.740083247423171997e-01
-3.580002784729003906e-01 1.860768944025039673e-01
-3.018045723438262939e-01 3.629876673221588135e-02
-6.787750869989395142e-02 2.682039141654968262e-01
-3.588645756244659424e-01 1.891792118549346924e-01
-6.358527392148971558e-02 2.335871160030364990e-01
-5.600544065237045288e-02 1.626177728176116943e-01
-3.593876659870147705e-01 1.910702884197235107e-01
-3.374089598655700684e-01 1.201338171958923340e-01
-6.321139633655548096e-02 2.305049151182174683e-01
-5.865175649523735046e-02 1.903854757547378540e-01
-6.955674290657043457e-02 2.817687988281250000e-01
-9.551444649696350098e-02 -1.270990073680877686e-01
-3.251841068267822266e-01 8.769323676824569702e-02
-3.600079715251922607e-01 1.933246105909347534e-01
-2.658151090145111084e-01 -2.454379387199878693e-02
-2.338085770606994629e-01 -6.654118001461029053e-02
-1.735098063945770264e-01 -1.223050430417060852e-01
-6.798313558101654053e-02 2.690518498420715332e-01
-5.307837203145027161e-02 1.187914609909057617e-01
-3.489332497119903564e-01 1.551705300807952881e-01
-1.719221919775009155e-01 -1.233458966016769409e-01
-3.422875404357910156e-01 1.344027519226074219e-01
-1.609173268079757690e-01 -1.298374384641647339e-01
-5.393410101532936096e-02 1.345913261175155640e-01
-2.290830016136169434e-01 -7.198056578636169434e-02
-6.897492706775665283e-02 2.770425081253051758e-01
-2.591668367385864258e-01 -3.406139835715293884e-02
-5.476076900959014893e-02 8.448804728686809540e-03
-3.188271522521972656e-01 7.248463481664657593e-02
-3.069251179695129395e-01 4.656301066279411316e-02
-7.228234410285949707e-02 -8.602371066808700562e-02
-1.546917408704757690e-01 -1.329047083854675293e-01
-3.598630726337432861e-01 1.927966773509979248e-01
-3.543318212032318115e-01 1.732120662927627563e-01
-6.468589603900909424e-02 2.425649762153625488e-01
-6.324556469917297363e-02 2.307872623205184937e-01
-5.790001526474952698e-02 1.830182224512100220e-01
-1.717756688594818115e-01 -1.234407797455787659e-01
-6.926624476909637451e-02 2.794042229652404785e-01
-6.920313835144042969e-02 2.788918912410736084e-01
-5.871158838272094727e-02 1.909580081701278687e-01
-6.417421996593475342e-02 2.384073436260223389e-01
-8.488754928112030029e-02 -1.136196404695510864e-01
-3.587200641632080078e-01 1.886583566665649414e-01
-6.632882356643676758e-02 2.557947039604187012e-01
-1.037174984812736511e-01 -1.335704922676086426e-01
-5.390985310077667236e-02 1.341969817876815796e-01
-2.408791333436965942e-01 -5.805547535419464111e-02
-6.778327375650405884e-02 2.674482464790344238e-01
-3.548483252525329590e-01 1.749936044216156006e-01
-6.006819382309913635e-02 2.035260647535324097e-01
-3.479495644569396973e-01 1.519963890314102173e-01
-3.572640717029571533e-01 1.834558695554733276e-01
-6.239956244826316833e-02 2.237397730350494385e-01
-3.586217761039733887e-01 1.883049905300140381e-01
-3.458440005779266357e-01 1.453201025724411011e-01
-2.956774830818176270e-01 2.462853491306304932e-02
-6.320328265428543091e-02 2.304378449916839600e-01
-6.205302104353904724e-02 2.208163142204284668e-01
-3.394524455070495605e-01 1.260131001472473145e-01
-3.533798158168792725e-01 1.699533164501190186e-01
-6.754115223884582520e-02 2.655064761638641357e-01
-5.911068245768547058e-02 1.947373449802398682e-01
-3.115153610706329346e-01 5.619777366518974304e-02
-6.976062804460525513e-02 2.834348082542419434e-01
-1.030775383114814758e-01 -1.331644505262374878e-01
-2.289078235626220703e-01 -7.217878103256225586e-02
-1.716103553771972656e-01 -1.235474646091461182e-01
-3.233422040939331055e-01 8.317873626947402954e-02
-5.867740884423255920e-02 -2.595945075154304504e-02
-3.569044768810272217e-01 1.821831762790679932e-01
-6.985994428396224976e-02 2.842481136322021484e-01
-7.024466246366500854e-02 2.874159514904022217e-01
-2.662824392318725586e-01 -2.385697700083255768e-02
-3.600712716579437256e-01 1.935553997755050659e-01
