-4.283574223518371582e-01
2.546650767326354980e-01
-4.434765577316284180e-01
-2.894251644611358643e-01
-4.388477206230163574e-01
8.825597167015075684e-02
2.042028754949569702e-01
2.934688627719879150e-01
-3.656234145164489746e-01
-1.867688745260238647e-01
-2.058220505714416504e-01
-4.430132806301116943e-01
-1.133743003010749817e-01
-5.201098695397377014e-02
-3.836209177970886230e-01
1.973940581083297729e-01
2.811583876609802246e-01
2.550529241561889648e-01
-4.477529227733612061e-01
2.746577858924865723e-01
1.177014410495758057e-01
-4.462956786155700684e-01
-2.935785651206970215e-01
-4.474233686923980713e-01
-2.035646587610244751e-01
-3.454922735691070557e-01
2.893814742565155029e-01
-1.755914688110351562e-01
1.393083184957504272e-01
-1.858479529619216919e-01
2.662992477416992188e-01
2.844990789890289307e-01
2.770161628723144531e-01
-1.008230224251747131e-01
2.564144730567932129e-01
-7.529721409082412720e-02
1.736600399017333984e-01
-4.086719751358032227e-01
-8.317176252603530884e-03
-4.243187606334686279e-01
-2.251139283180236816e-01
2.598700821399688721e-01
-7.300172001123428345e-02
-3.858442902565002441e-01
2.730386853218078613e-01
-3.333598375320434570e-01
1.533076167106628418e-01
1.591957919299602509e-02
-3.488942682743072510e-01
-4.773265682160854340e-03
2.841057777404785156e-01
-4.344284534454345703e-01
-1.912543177604675293e-01
2.730473577976226807e-01
2.698104083538055420e-01
-2.427397817373275757e-01
2.974766790866851807e-01
2.513042688369750977e-01
-3.677364289760589600e-01
1.168778538703918457e-01
-2.558783888816833496e-01
2.099050730466842651e-01
2.115826010704040527e-01
-4.492325782775878906e-01
2.927098274230957031e-01
-6.033065542578697205e-02
-4.275810718536376953e-01
-1.702700108289718628e-01
-1.898718923330307007e-01
-3.344405591487884521e-01
-8.838827908039093018e-02
2.778099179267883301e-01
2.778930366039276123e-01
2.164682000875473022e-01
2.762085795402526855e-01
-2.959728538990020752e-01
1.246875151991844177e-02
-4.366523027420043945e-01
-3.477025032043457031e-01
-1.430204510688781738e-01
2.887196242809295654e-01
-2.581036090850830078e-01
-4.408456087112426758e-01
2.907568216323852539e-01
-2.612117864191532135e-02
2.797439098358154297e-01
1.222070455551147461e-01
-2.898263335227966309e-01
-1.146048754453659058e-01
2.974534332752227783e-01
5.723515525460243225e-02
2.905254662036895752e-01
-2.172596603631973267e-01
-3.788276016712188721e-02
-4.512671828269958496e-01
-4.361453056335449219e-01
2.332486510276794434e-01
2.965562045574188232e-01
2.850705087184906006e-01
-2.638394534587860107e-01
-1.914682239294052124e-01
-4.480002224445343018e-01
-4.394551515579223633e-01
1.254749000072479248e-01
-2.985542714595794678e-01
-2.718773782253265381e-01
-4.507832229137420654e-01
1.728002429008483887e-01
-1.850135624408721924e-01
-1.200986653566360474e-02
-2.678715586662292480e-01
-2.022921442985534668e-01
-4.507449567317962646e-01
-4.158245921134948730e-01
2.922545373439788818e-01
-4.464372396469116211e-01
2.293017953634262085e-01
2.624649107456207275e-01
2.938822507858276367e-01
-3.479650616645812988e-01
-2.345801144838333130e-01
2.932904064655303955e-01
-2.581840157508850098e-01
-1.611512899398803711e-01
2.078838273882865906e-02
-3.179676532745361328e-01
-8.663966320455074310e-03
2.535619437694549561e-01
-3.844345510005950928e-01
-3.936333060264587402e-01
-4.138639569282531738e-01
2.878877222537994385e-01
-4.014797210693359375e-01
-3.356968462467193604e-01
-3.952558338642120361e-01
-7.582770287990570068e-02
-3.755873739719390869e-01
2.260573357343673706e-01
2.782563865184783936e-01
-4.504826366901397705e-01
1.575929820537567139e-01
-3.993645012378692627e-01
-4.395651817321777344e-01
1.729315966367721558e-01
-3.777522444725036621e-01
-1.502318494021892548e-02
2.258071452379226685e-01
-7.588294893503189087e-02
-4.466902911663055420e-01
-4.511978328227996826e-01
1.240751743316650391e-01
2.907797098159790039e-01
1.260823607444763184e-01
-1.803907752037048340e-01
-2.040165960788726807e-01
1.402766555547714233e-01
2.662758231163024902e-01
-4.098533689975738525e-01
2.486988008022308350e-01
-4.495261013507843018e-01
1.963992267847061157e-01
1.381630897521972656e-01
2.919882535934448242e-01
-3.817493915557861328e-01
2.683913409709930420e-01
2.475593686103820801e-01
-4.060715436935424805e-01
2.625212967395782471e-01
-1.771713942289352417e-01
2.119533419609069824e-01
-7.734224945306777954e-02
6.908509135246276855e-02
-4.139351844787597656e-01
-4.385863244533538818e-01
-4.217082560062408447e-01
-4.296942055225372314e-01
2.548842728137969971e-01
-1.852439343929290771e-01
2.600884139537811279e-01
-2.161242626607418060e-02
4.651205986738204956e-02
2.962594628334045410e-01
-4.430623352527618408e-01
-2.450075447559356689e-01
-4.515684545040130615e-01
-3.984410315752029419e-02
-4.346645176410675049e-01
-4.081420898437500000e-01
2.834230661392211914e-01
2.504737973213195801e-01
1.319689005613327026e-01
2.956235110759735107e-01
1.036844495683908463e-02
-4.345852509140968323e-02
-1.396859064698219299e-02
2.614499330520629883e-01
-2.458572834730148315e-01
2.836005389690399170e-01
-3.504913747310638428e-01
2.823503315448760986e-01
2.692541480064392090e-01
1.544426679611206055e-01
-7.091762870550155640e-02
2.135754525661468506e-01
-3.930958807468414307e-01
-2.369186133146286011e-01
7.988411933183670044e-03
-4.188725650310516357e-01
-3.505401015281677246e-01
-4.709312692284584045e-02
-4.487187266349792480e-01
-4.294744133949279785e-01
-1.870062351226806641e-01
3.154769167304039001e-02
-4.483294188976287842e-01
-4.206084012985229492e-01
1.579736545681953430e-02
-2.645894289016723633e-01
-2.576232850551605225e-01
1.369337439537048340e-01
-4.039072692394256592e-01
1.969879418611526489e-01
-2.274271994829177856e-01
1.360046956688165665e-02
-1.741143316030502319e-01
-2.585622668266296387e-01
-3.541965782642364502e-01
-2.914543449878692627e-01
-3.115791976451873779e-01
-4.334090054035186768e-01
2.464202493429183960e-01
-4.372683167457580566e-01
-2.332231104373931885e-01
2.947005033493041992e-01
2.824411094188690186e-01
1.506382077932357788e-01
2.929138541221618652e-01
-4.083143174648284912e-01
-2.982267737388610840e-01
2.783993482589721680e-01
-3.389572799205780029e-01
-3.738677501678466797e-01
-4.294729530811309814e-01
1.341473460197448730e-01
-4.065973460674285889e-01
1.855046004056930542e-01
1.928031742572784424e-01
-4.462908506393432617e-01
-2.665423452854156494e-01
1.273377537727355957e-01
-3.837619125843048096e-01
-4.507868736982345581e-02
-3.974410593509674072e-01
5.892456322908401489e-02
-4.212097227573394775e-01
-3.181498050689697266e-01
-3.927235603332519531e-01
-2.943201959133148193e-01
-3.983657062053680420e-01
1.203722730278968811e-01
-4.343168437480926514e-01
-4.306139647960662842e-01
-3.592028915882110596e-01
2.123318463563919067e-01
-2.504391968250274658e-01
-3.328025937080383301e-01
-4.458237886428833008e-01
-4.469603002071380615e-01
-3.860969245433807373e-01
1.084915921092033386e-01
2.935891151428222656e-01
2.884342968463897705e-01
2.704958021640777588e-01
2.953175604343414307e-01
-4.622516781091690063e-02
2.109940648078918457e-01
-4.473113417625427246e-01
-2.192635685205459595e-01
1.775849312543869019e-01
-1.110104843974113464e-01
1.580414772033691406e-01
-1.031093522906303406e-01
-4.257287383079528809e-01
-2.485181391239166260e-01
2.809915542602539062e-01
2.210897356271743774e-01
-3.453673124313354492e-01
2.947925329208374023e-01
-3.373456001281738281e-01
-8.965019881725311279e-02
1.900317370891571045e-01
2.512642741203308105e-01
-3.997179567813873291e-01
2.966893315315246582e-01
2.746302485466003418e-01
2.963553667068481445e-01
2.166460454463958740e-01
-4.332978725433349609e-01
1.097654737532138824e-02
2.538682818412780762e-01
-3.661445677280426025e-01
2.955031692981719971e-01
2.789804041385650635e-01
-4.295680224895477295e-01
2.848642170429229736e-01
2.702980116009712219e-02
9.899172931909561157e-02
2.829755246639251709e-01
-4.184317588806152344e-01
-4.103363454341888428e-01
1.327715367078781128e-01
-4.161500036716461182e-01
-3.782324790954589844e-01
-4.512498974800109863e-01
-1.912969164550304413e-02
2.355576902627944946e-01
2.943175733089447021e-01
-4.365932643413543701e-01
1.253623366355895996e-01
-3.752522468566894531e-01
-4.421879649162292480e-01
2.941738367080688477e-01
6.503895670175552368e-02
1.414802223443984985e-01
1.753103137016296387e-01
1.551676541566848755e-01
-4.500283300876617432e-01
2.966594994068145752e-01
-4.407237172126770020e-01
2.344999015331268311e-01
-4.393537938594818115e-01
-4.161477684974670410e-01
-1.225117966532707214e-01
-4.392797648906707764e-01
2.801390886306762695e-01
2.859881520271301270e-01
2.015784382820129395e-01
2.219798564910888672e-01
-1.779446564614772797e-02
-3.277380466461181641e-01
-3.400596678256988525e-01
1.148875951766967773e-01
-9.130395203828811646e-02
-3.499443531036376953e-01
2.842884063720703125e-01
2.923004627227783203e-01
2.661429047584533691e-01
1.443023085594177246e-01
2.966422736644744873e-01
-3.411945104598999023e-01
4.759528487920761108e-02
-3.997052013874053955e-01
2.916819155216217041e-01
-7.473474740982055664e-02
1.097068861126899719e-01
-1.023625880479812622e-01
2.501934766769409180e-01
3.376406058669090271e-02
4.452259093523025513e-02
2.696416079998016357e-01
2.813417017459869385e-01
-4.434659779071807861e-01
2.942897677421569824e-01
2.754849791526794434e-01
-4.426991939544677734e-01
-4.372614920139312744e-01
2.554281353950500488e-01
4.390794783830642700e-02
-2.732965946197509766e-01
2.886095941066741943e-01
2.863982915878295898e-01
-1.930809915065765381e-01
-4.360715448856353760e-01
-1.940622627735137939e-01
-3.928509652614593506e-01
9.601613134145736694e-02
-2.375797778367996216e-01
-2.029027231037616730e-02
2.887809276580810547e-01
-1.257544606924057007e-01
-4.045534133911132812e-01
2.943207323551177979e-01
-4.323323667049407959e-01
-4.460785686969757080e-01
-4.430820941925048828e-01
1.997839659452438354e-01
-1.908944845199584961e-01
-3.944389820098876953e-01
1.883461922407150269e-01
-4.351658523082733154e-01
1.818818747997283936e-01
-7.128136605024337769e-02
2.914373874664306641e-01
-2.701648473739624023e-01
1.584769785404205322e-02
-4.314135313034057617e-01
1.881730258464813232e-01
2.173720598220825195e-01
-4.337534308433532715e-01
2.854019701480865479e-01
-4.414320886135101318e-01
2.776700854301452637e-01
-3.983584344387054443e-01
-4.286155104637145996e-01
2.501840293407440186e-01
-1.593339256942272186e-02
-3.261772096157073975e-01
1.066028922796249390e-01
2.322180271148681641e-01
-3.503818213939666748e-01
6.405355408787727356e-03
5.663401447236537933e-03
-4.339982569217681885e-01
2.633458971977233887e-01
2.883885502815246582e-01
-3.615766763687133789e-01
2.856238186359405518e-01
-4.490972161293029785e-01
-4.361862242221832275e-01
2.619748413562774658e-01
-4.350351989269256592e-01
4.879554361104965210e-02
2.284604869782924652e-02
2.947077453136444092e-01
-3.976132429670542479e-04
-3.804487586021423340e-01
1.507348865270614624e-01
-3.538275361061096191e-01
-4.140440821647644043e-01
-4.284279644489288330e-01
-2.914109230041503906e-01
2.344653457403182983e-01
-4.092068076133728027e-01
2.809804677963256836e-01
-3.629962205886840820e-01
2.855694591999053955e-01
-3.132666945457458496e-01
-3.886615037918090820e-01
-7.662456482648849487e-02
1.747299730777740479e-01
-4.023112356662750244e-01
-4.474167525768280029e-01
1.606474518775939941e-01
-4.168788194656372070e-01
2.925574183464050293e-01
-4.226499199867248535e-01
8.259651064872741699e-02
2.648481428623199463e-01
1.826477050781250000e-01
-4.422848224639892578e-01
2.694996595382690430e-01
-4.422988593578338623e-01
1.588690727949142456e-01
-4.028211534023284912e-01
-2.486220151185989380e-01
2.900030910968780518e-01
2.727260813117027283e-02
-7.987427711486816406e-02
-9.701899439096450806e-02
1.189779713749885559e-01
2.047997564077377319e-01
-3.693398833274841309e-01
-3.631126582622528076e-01
2.939029932022094727e-01
-9.310831874608993530e-02
2.974872291088104248e-01
1.617500334978103638e-01
2.833232879638671875e-01
2.915139496326446533e-01
2.604073882102966309e-01
2.813063859939575195e-01
2.939999401569366455e-01
-4.476197957992553711e-01
-2.006993144750595093e-01
-3.685199916362762451e-01
1.152741350233554840e-02
2.856425940990447998e-01
2.952837049961090088e-01
7.210660725831985474e-02
1.351780146360397339e-01
2.954118847846984863e-01
-1.902852952480316162e-01
-4.485114514827728271e-01
2.912100851535797119e-01
1.351732760667800903e-02
6.393850594758987427e-02
-4.477818906307220459e-01
-4.479466676712036133e-01
-3.989259302616119385e-01
2.663852274417877197e-01
2.687211632728576660e-01
2.797468006610870361e-01
2.700086534023284912e-01
2.864032387733459473e-01
-4.485442042350769043e-01
1.621557325124740601e-01
-3.909799158573150635e-01
2.888631522655487061e-01
-3.646072149276733398e-01
-2.089164555072784424e-01
2.907687723636627197e-01
2.962353825569152832e-01
-4.267086684703826904e-01
2.795706391334533691e-01
-3.830039501190185547e-01
2.723689377307891846e-01
-1.876285374164581299e-01
2.895761728286743164e-01
-4.593259096145629883e-02
7.004012912511825562e-02
2.961073219776153564e-01
-2.156027704477310181e-01
-2.400721311569213867e-01
-1.580603867769241333e-01
-2.123487591743469238e-01
-7.817221432924270630e-02
7.103597372770309448e-02
2.931624352931976318e-01
2.098736613988876343e-01
-3.899787962436676025e-01
-4.517578184604644775e-01
-4.343843162059783936e-01
-1.516040880233049393e-02
-3.574224412441253662e-01
-3.550917804241180420e-01
2.766388952732086182e-01
-1.932661398313939571e-03
1.143735870718955994e-01
-2.588052153587341309e-01
2.373423427343368530e-01
-3.811405003070831299e-01
-4.330033957958221436e-01
-4.226719737052917480e-01
-2.281313836574554443e-01
7.791725546121597290e-02
1.832803934812545776e-01
-4.326689839363098145e-01
-4.381363689899444580e-01
-4.355718195438385010e-01
2.054180577397346497e-02
-4.487741887569427490e-01
-2.286462485790252686e-01
2.861061394214630127e-01
-4.509820044040679932e-01
-1.748361885547637939e-01
2.562857270240783691e-01
-4.363983571529388428e-01
2.714844048023223877e-01
-2.655065655708312988e-01
-3.807392716407775879e-01
-2.898991405963897705e-01
1.764094680547714233e-01
7.973210513591766357e-02
2.298671007156372070e-01
2.238676697015762329e-01
2.445854097604751587e-01
2.966291010379791260e-01
2.864375710487365723e-01
2.220723927021026611e-01
-1.566626280546188354e-01
-1.505540609359741211e-01
-3.957055807113647461e-01
-1.542440354824066162e-01
-4.126266837120056152e-01
-2.484517171978950500e-02
5.305969715118408203e-02
1.635679602622985840e-01
-4.434709846973419189e-01
1.781223267316818237e-01
-2.375559657812118530e-01
-4.097187519073486328e-01
-3.316199481487274170e-01
-1.126596182584762573e-01
8.507804572582244873e-02
2.952799797058105469e-01
1.122395843267440796e-01
2.954403460025787354e-01
2.502706944942474365e-01
-3.222613930702209473e-01
-4.239817261695861816e-01
-4.232943654060363770e-01
2.928003668785095215e-01
-1.707308180630207062e-02
2.949627637863159180e-01
-4.478090405464172363e-01
-4.204543530941009521e-01
2.927913069725036621e-01
-4.432002007961273193e-01
4.290422052145004272e-02
-9.182544052600860596e-02
-2.008542716503143311e-01
2.779671549797058105e-01
-4.413155019283294678e-01
-2.899983823299407959e-01
5.471365526318550110e-02
2.894793152809143066e-01
2.922237813472747803e-01
-2.924372255802154541e-01
2.537522614002227783e-01
-4.469933509826660156e-01
8.664057403802871704e-02
-3.594758212566375732e-01
-1.434630155563354492e-01
-4.431522190570831299e-01
-2.479544579982757568e-01
-3.960171937942504883e-01
-4.159685075283050537e-01
2.955321073532104492e-01
2.928433418273925781e-01
2.973812818527221680e-01
-4.419966340065002441e-01
2.516935169696807861e-01
-4.703357815742492676e-02
-2.854307591915130615e-01
2.964916825294494629e-01
-1.326788216829299927e-01
-1.037325933575630188e-01
2.922275066375732422e-01
2.935031056404113770e-01
-6.719332933425903320e-02
-4.288543760776519775e-01
-1.285401880741119385e-01
2.500336170196533203e-01
2.871100902557373047e-01
2.933519184589385986e-01
2.754673361778259277e-01
2.538806200027465820e-01
-3.692449927330017090e-01
2.912195920944213867e-01
2.892521619796752930e-01
1.802401542663574219e-01
2.158634811639785767e-01
-2.470295727252960205e-01
2.478487044572830200e-01
2.527185678482055664e-01
1.879148483276367188e-01
-1.884687095880508423e-01
-7.105046510696411133e-02
-2.426653169095516205e-03
-3.195087313652038574e-01
-4.363418519496917725e-01
-2.785810232162475586e-01
-3.843409121036529541e-01
-4.462858140468597412e-01
2.041102200746536255e-01
2.572339475154876709e-01
3.681235015392303467e-02
2.879419624805450439e-01
-4.292425811290740967e-01
-2.588724792003631592e-01
1.603226214647293091e-01
-1.700152307748794556e-01
2.962189912796020508e-01
-3.098575472831726074e-01
-4.145399630069732666e-01
-2.909255921840667725e-01
-1.841258704662322998e-01
9.432881325483322144e-02
-1.914780884981155396e-01
-4.110229909420013428e-01
2.974333763122558594e-01
-4.280441105365753174e-01
2.069001942873001099e-01
-9.523221850395202637e-02
-3.878151178359985352e-01
-3.517028987407684326e-01
-2.703391611576080322e-01
2.886503934860229492e-01
1.094659417867660522e-01
1.623669713735580444e-01
2.817534804344177246e-01
-3.362124562263488770e-01
2.965888679027557373e-01
2.781817615032196045e-01
1.990762501955032349e-01
2.765474319458007812e-01
2.384065240621566772e-01
2.555848360061645508e-01
2.159247696399688721e-01
-3.906214535236358643e-01
-4.078942537307739258e-01
2.882765829563140869e-01
-4.418519437313079834e-01
-4.229100942611694336e-01
-2.742611169815063477e-01
2.942159175872802734e-01
-1.115465834736824036e-01
2.127387821674346924e-01
-2.390325218439102173e-01
-2.559384517371654510e-02
-4.156591296195983887e-01
2.922752797603607178e-01
1.321975290775299072e-01
2.288822680711746216e-01
2.659430205821990967e-01
-4.415392875671386719e-01
2.489688843488693237e-01
-1.118843108415603638e-01
-1.158149689435958862e-01
1.640769392251968384e-01
-4.437176585197448730e-01
-3.171945810317993164e-01
-2.688454687595367432e-01
-9.688517451286315918e-02
2.833312749862670898e-01
2.804601788520812988e-01
2.946246862411499023e-01
-4.005132317543029785e-01
-2.816785275936126709e-01
-1.014615148305892944e-01
2.933869063854217529e-01
-4.486237764358520508e-01
2.735345065593719482e-01
2.948901653289794922e-01
1.891759932041168213e-01
-1.597750186920166016e-01
-8.218939602375030518e-02
1.711966544389724731e-01
-3.878594040870666504e-01
1.837585121393203735e-01
2.973011136054992676e-01
2.956636846065521240e-01
-3.755166232585906982e-01
2.944024205207824707e-01
-3.883751630783081055e-01
-4.017812311649322510e-01
-3.998504579067230225e-01
1.120093092322349548e-01
-3.617376685142517090e-01
-3.896382451057434082e-01
2.842337191104888916e-01
2.376605272293090820e-01
1.480598598718643188e-01
5.302479024976491928e-03
-1.049557477235794067e-01
1.785840243101119995e-01
-3.688157498836517334e-01
-6.122897937893867493e-02
-4.505101144313812256e-01
-4.326049089431762695e-01
-4.403798580169677734e-01
-1.838812977075576782e-01
-1.989063471555709839e-01
-3.581980764865875244e-01
-4.504122734069824219e-01
-4.169642329216003418e-01
2.141511738300323486e-01
-3.395806252956390381e-01
-4.496960341930389404e-01
-8.955429494380950928e-02
-4.356407225131988525e-01
2.906398177146911621e-01
-1.693721413612365723e-01
-7.933496683835983276e-02
2.784906625747680664e-01
2.074551880359649658e-01
-1.395893394947052002e-01
2.759753167629241943e-01
-4.393659532070159912e-01
-4.232582747936248779e-01
-4.054157733917236328e-01
-5.759570375084877014e-02
-2.095750272274017334e-01
2.288086712360382080e-01
2.668889760971069336e-01
-7.634264230728149414e-02
1.988400220870971680e-01
2.804333865642547607e-01
-3.034766018390655518e-01
-3.880217075347900391e-01
2.605034708976745605e-01
-1.733977049589157104e-01
-4.489187300205230713e-01
-4.289565682411193848e-01
-2.112007737159729004e-01
1.677023768424987793e-01
-2.920132577419281006e-01
-3.599008619785308838e-01
2.089090645313262939e-01
-4.380557537078857422e-01
1.631719768047332764e-01
8.812222629785537720e-02
2.157899141311645508e-01
2.681432366371154785e-01
-4.491913616657257080e-01
2.732905745506286621e-01
2.667210102081298828e-01
-4.276461601257324219e-01
-2.873990684747695923e-02
2.147808223962783813e-01
-2.883371710777282715e-01
2.540613710880279541e-01
2.907104790210723877e-01
-6.801644712686538696e-02
2.533752620220184326e-01
-1.921749860048294067e-01
-2.855661809444427490e-01
-3.088555335998535156e-01
-4.822353273630142212e-02
1.288561969995498657e-01
-4.369328320026397705e-01
2.024514973163604736e-01
2.341518998146057129e-01
-4.430459737777709961e-01
-3.322842717170715332e-01
2.489450424909591675e-01
-4.380543828010559082e-01
-3.805080354213714600e-01
2.674281597137451172e-01
-3.840980827808380127e-01
1.484713405370712280e-01
2.083030715584754944e-02
-4.417439699172973633e-01
-3.886452317237854004e-01
-4.457902908325195312e-01
2.936834096908569336e-01
-7.855620235204696655e-02
2.933001220226287842e-01
2.939372360706329346e-01
4.184775799512863159e-02
-3.237365186214447021e-01
2.026094794273376465e-01
5.558254942297935486e-02
-2.432463467121124268e-01
2.397438585758209229e-01
2.961458861827850342e-01
-2.298686057329177856e-01
-3.549134433269500732e-01
-3.143895268440246582e-01
2.155047208070755005e-01
2.630887329578399658e-01
-4.509791731834411621e-01
-9.937285631895065308e-02
-1.655476167798042297e-02
-4.470322728157043457e-01
-2.009220719337463379e-01
-4.199804067611694336e-01
-2.749409675598144531e-01
2.447752356529235840e-01
-4.155561029911041260e-01
-4.258610904216766357e-01
1.135043278336524963e-01
-4.114708602428436279e-01
3.563699126243591309e-02
-4.520052075386047363e-01
-4.394123852252960205e-01
2.465036362409591675e-01
8.588510565459728241e-03
-6.821936368942260742e-02
6.116073578596115112e-02
2.888324260711669922e-01
-2.048928737640380859e-01
-1.091694459319114685e-01
2.336715906858444214e-01
2.364717870950698853e-01
-4.058337211608886719e-01
2.437426447868347168e-01
2.656744420528411865e-01
-4.454605877399444580e-01
2.957906723022460938e-01
-3.863597214221954346e-01
-4.646732658147811890e-02
-4.503992199897766113e-01
1.004278510808944702e-01
-1.907739192247390747e-01
-4.511739015579223633e-01
-1.499134749174118042e-01
2.703439891338348389e-01
-1.568740457296371460e-01
-4.497050940990447998e-01
2.816337347030639648e-01
2.893810570240020752e-01
-6.903430074453353882e-02
-1.529544144868850708e-01
2.343555092811584473e-01
-4.109398424625396729e-01
-4.437671601772308350e-01
2.919707894325256348e-01
2.678779661655426025e-01
2.845064997673034668e-01
-2.862544357776641846e-01
2.872035801410675049e-01
1.673095487058162689e-02
2.369992136955261230e-01
2.865835726261138916e-01
2.573240995407104492e-01
2.522629201412200928e-01
2.461615204811096191e-01
2.735711634159088135e-01
-3.985129892826080322e-01
2.530761957168579102e-01
-3.179167211055755615e-01
2.289683520793914795e-01
-4.471943080425262451e-01
2.284092903137207031e-01
-4.351901113986968994e-01
-1.043166294693946838e-01
2.949218451976776123e-01
-1.225038096308708191e-01
2.079035639762878418e-01
2.583129405975341797e-01
-4.288906157016754150e-01
2.951858341693878174e-01
-3.842164576053619385e-01
-3.297762572765350342e-01
-1.864868551492691040e-01
-2.664669156074523926e-01
-8.600387722253799438e-02
2.882003486156463623e-01
2.646635770797729492e-01
-4.231215715408325195e-01
2.354680597782135010e-01
2.672059834003448486e-01
-3.098746836185455322e-01
2.506324350833892822e-01
-1.619890630245208740e-01
-2.163583636283874512e-01
1.560382097959518433e-01
-3.797594308853149414e-01
2.888549864292144775e-01
2.954720556735992432e-01
-1.695360243320465088e-01
-2.574375644326210022e-02
2.794013917446136475e-01
-7.791143655776977539e-02
1.493203639984130859e-01
-6.089003384113311768e-02
2.407383769750595093e-01
-4.176568984985351562e-01
-2.750413417816162109e-01
-2.364245802164077759e-01
-4.304782748222351074e-01
-5.081089958548545837e-02
2.027789354324340820e-01
-3.842051327228546143e-01
-9.284130483865737915e-02
-1.379671096801757812e-01
-1.136169582605361938e-01
2.940199673175811768e-01
-6.021633371710777283e-02
-2.535060644149780273e-01
-9.775804355740547180e-03
-8.794663101434707642e-02
2.681526243686676025e-01
-3.200502097606658936e-01
2.334817051887512207e-01
-3.219754993915557861e-01
4.181161150336265564e-02
-3.166682720184326172e-01
2.970741987228393555e-01
-4.091982841491699219e-01
1.986810117959976196e-01
2.187840342521667480e-01
-3.750498406589031219e-03
2.908986806869506836e-01
2.325311303138732910e-01
2.850946187973022461e-01
-1.065159291028976440e-01
6.147007271647453308e-02
-4.038464725017547607e-01
2.606883645057678223e-01
-9.142688661813735962e-02
2.847748398780822754e-01
-3.578379005193710327e-02
-3.952022790908813477e-01
2.483291476964950562e-01
2.771570384502410889e-01
3.097846545279026031e-02
6.262979656457901001e-02
2.716859579086303711e-01
-8.738084696233272552e-03
-6.157002970576286316e-02
-4.522387683391571045e-01
-4.425315558910369873e-01
-4.467990100383758545e-01
2.541883885860443115e-01
2.801092565059661865e-01
1.863705813884735107e-01
-4.472126364707946777e-01
-4.490699172019958496e-01
1.520954668521881104e-01
-4.308432638645172119e-01
-3.189098462462425232e-02
2.370158135890960693e-01
2.727086246013641357e-01
1.869793981313705444e-01
-3.859525024890899658e-01
-4.468477666378021240e-01
-4.119141995906829834e-01
-7.776951533742249012e-04
2.916333079338073730e-01
2.149217724800109863e-01
-9.188888221979141235e-02
-9.828866273164749146e-02
-3.736801147460937500e-01
-1.106850430369377136e-01
-3.813553750514984131e-01
-2.713192403316497803e-01
2.565582096576690674e-01
-4.493759572505950928e-01
-4.453257024288177490e-01
1.556851416826248169e-01
-4.522269666194915771e-01
-4.063361287117004395e-01
2.132255434989929199e-01
-2.670201659202575684e-01
-2.654042840003967285e-01
2.875660359859466553e-01
2.560700774192810059e-01
-2.989920377731323242e-01
-6.608234345912933350e-02
-4.207730889320373535e-01
-6.600839644670486450e-02
2.936119139194488525e-01
-2.367930114269256592e-01
2.264772802591323853e-01
1.973195225000381470e-01
2.911533117294311523e-01
-4.425628781318664551e-01
2.755367457866668701e-01
2.868071794509887695e-01
-2.948472797870635986e-01
2.136388234794139862e-02
2.860786318778991699e-01
-4.232968688011169434e-01
-4.945046827197074890e-02
-4.124111831188201904e-01
1.895351409912109375e-01
8.910571038722991943e-02
-3.275412917137145996e-01
2.964848279953002930e-01
2.353159189224243164e-01
-4.242550730705261230e-01
2.892721593379974365e-01
-4.507673084735870361e-01
-1.902949661016464233e-01
2.887848913669586182e-01
-2.205451130867004395e-01
-3.459174633026123047e-01
-4.407067596912384033e-01
-4.467327892780303955e-01
-4.361921250820159912e-01
1.675130426883697510e-01
1.095788627862930298e-01
2.575892210006713867e-01
8.312413841485977173e-02
-2.284694015979766846e-01
2.624351084232330322e-01
2.765916287899017334e-01
-1.490208208560943604e-01
2.904571592807769775e-01
-3.823830187320709229e-01
-7.345832884311676025e-02
2.769599258899688721e-01
-9.157703816890716553e-02
-4.243954122066497803e-01
-4.327821433544158936e-01
-3.894062936305999756e-01
-4.105113446712493896e-01
2.851306498050689697e-01
-4.252879023551940918e-01
-4.433338940143585205e-01
2.701037824153900146e-01
-3.464856147766113281e-01
1.185922510921955109e-02
-3.773697614669799805e-01
-1.519612520933151245e-01
1.588303446769714355e-01
-4.321849346160888672e-01
-1.932923197746276855e-01
4.945702478289604187e-02
-4.437812864780426025e-01
2.974050641059875488e-01
2.951982617378234863e-01
2.212917357683181763e-01
-3.506524562835693359e-01
6.584699451923370361e-02
2.471840381622314453e-01
2.632603645324707031e-01
2.645744681358337402e-01
-1.079424694180488586e-01
2.925745546817779541e-01
-2.144545912742614746e-01
-3.960037231445312500e-01
1.958332806825637817e-01
-3.496608436107635498e-01
-1.396022289991378784e-01
1.257438808679580688e-01
-4.130004644393920898e-01
2.414341419935226440e-01
2.675968110561370850e-01
-4.435705542564392090e-01
2.915559709072113037e-01
2.961525022983551025e-01
-1.698361188173294067e-01
6.498627364635467529e-02
9.436105377972126007e-03
2.274879366159439087e-01
2.068079710006713867e-01
2.430158555507659912e-01
-3.500453233718872070e-01
-1.987850069999694824e-01
2.114697694778442383e-01
-4.421291351318359375e-01
-4.251255393028259277e-01
1.779446154832839966e-01
1.557442843914031982e-01
2.919545769691467285e-01
-4.452454745769500732e-01
-2.494586557149887085e-01
-1.755912788212299347e-02
2.058029323816299438e-01
2.324592471122741699e-01
1.573694869875907898e-02
-2.342543601989746094e-01
2.064064703881740570e-02
2.706561982631683350e-01
-3.514060974121093750e-01
7.984331250190734863e-02
2.864930629730224609e-01
-9.651473909616470337e-02
-4.515449702739715576e-01
1.121518909931182861e-01
-4.421705007553100586e-01
2.835655808448791504e-01
1.344970464706420898e-01
2.920830249786376953e-01
2.598139047622680664e-01
-1.377047747373580933e-01
-3.817281424999237061e-01
-4.185607433319091797e-01
-4.290284514427185059e-01
1.971341073513031006e-01
-1.617622077465057373e-01
-2.783395648002624512e-01
-3.419028520584106445e-01
2.920280396938323975e-01
9.501113742589950562e-02
-4.209622442722320557e-01
-1.296677738428115845e-01
2.703976333141326904e-01
1.516989320516586304e-01
-7.974060624837875366e-02
4.134084284305572510e-02
-4.409008026123046875e-01
2.672338485717773438e-01
3.509407117962837219e-02
2.507848143577575684e-01
1.332802921533584595e-01
2.592588961124420166e-01
9.580790251493453979e-02
2.856194078922271729e-01
-4.271156489849090576e-01
2.630009353160858154e-01
2.444642186164855957e-01
1.909336149692535400e-01
1.791541129350662231e-01
-3.139673173427581787e-01
2.670238614082336426e-01
-4.234252870082855225e-01
-2.734196484088897705e-01
2.758859694004058838e-01
-3.627222478389739990e-01
-4.474993050098419189e-01
2.652204930782318115e-01
-1.147240772843360901e-01
-2.735569477081298828e-01
2.962029278278350830e-01
1.156354472041130066e-01
2.782128751277923584e-01
2.802230715751647949e-01
1.513652056455612183e-01
2.885940074920654297e-01
2.794704437255859375e-01
-4.338467717170715332e-01
2.742744088172912598e-01
-4.172484576702117920e-01
-2.907869219779968262e-01
-2.072885036468505859e-01
-4.392355680465698242e-01
1.625008732080459595e-01
2.845281362533569336e-01
2.267022281885147095e-01
-4.468921422958374023e-01
2.456576526165008545e-01
-3.412998914718627930e-01
-2.397882044315338135e-01
-2.461558580398559570e-01
9.671984612941741943e-02
-4.153392910957336426e-01
-2.548954486846923828e-01
2.808042466640472412e-01
1.790628731250762939e-01
-4.513850510120391846e-01
-4.580208286643028259e-02
-3.918674588203430176e-01
2.824654281139373779e-01
2.566164433956146240e-01
1.776144951581954956e-01
-3.250713944435119629e-01
2.299256324768066406e-01
-6.308873742818832397e-02
2.528495192527770996e-01
-1.215780526399612427e-01
1.532622724771499634e-01
-2.029823511838912964e-01
-4.493597447872161865e-01
-3.379464149475097656e-01
2.843316644430160522e-02
-4.615278169512748718e-02
2.799736857414245605e-01
2.754227221012115479e-01
-4.183945357799530029e-01
2.939811944961547852e-01
2.515513598918914795e-01
2.922551333904266357e-01
-4.448074698448181152e-01
2.826097607612609863e-01
1.479223463684320450e-02
1.245049061253666878e-03
2.474686950445175171e-01
-4.262087345123291016e-01
-7.251593470573425293e-02
1.282804012298583984e-01
5.503899231553077698e-02
2.902264595031738281e-01
2.681055665016174316e-01
1.956851631402969360e-01
-4.195097386837005615e-01
-4.326441287994384766e-01
9.867507964372634888e-02
2.586517930030822754e-01
-1.096259579062461853e-01
2.458352744579315186e-01
1.205454841256141663e-01
-1.250588297843933105e-01
2.252584546804428101e-01
2.838533818721771240e-01
-4.451094567775726318e-01
2.095968648791313171e-02
1.845132559537887573e-01
6.600492447614669800e-02
-4.327679574489593506e-01
2.735143303871154785e-01
-5.546404421329498291e-02
-1.254266202449798584e-01
-2.184782177209854126e-01
2.791398465633392334e-01
-2.922899127006530762e-01
-3.309317231178283691e-01
-3.352603912353515625e-01
2.361922264099121094e-01
2.473737448453903198e-01
-3.623736500740051270e-01
-3.756068944931030273e-01
8.843959867954254150e-02
2.172559946775436401e-01
5.502017587423324585e-02
-1.958796232938766479e-01
-1.093762889504432678e-01
-4.476320445537567139e-01
-2.559846043586730957e-01
2.914938032627105713e-01
-2.882586419582366943e-01
-2.252719700336456299e-01
-3.985529243946075439e-01
-2.458209097385406494e-01
-4.858857393264770508e-02
-1.222876906394958496e-01
-4.118097424507141113e-01
1.722872816026210785e-02
-4.013607203960418701e-01
2.611833214759826660e-01
2.443843781948089600e-01
2.784864604473114014e-01
2.873073220252990723e-01
-3.143103793263435364e-02
-2.586207389831542969e-01
4.224115982651710510e-02
-3.570269346237182617e-01
1.177584975957870483e-01
2.951042652130126953e-01
2.064877748489379883e-01
2.260053008794784546e-01
-6.117317453026771545e-02
2.619643211364746094e-01
-2.914346158504486084e-01
-4.496004283428192139e-01
-6.478247046470642090e-02
2.783042788505554199e-01
-4.333579838275909424e-01
2.882080674171447754e-01
-3.861789405345916748e-01
1.857160925865173340e-01
8.957199007272720337e-02
-7.596818357706069946e-02
-4.470888078212738037e-01
2.480372488498687744e-01
6.979554146528244019e-02
-4.191637635231018066e-01
2.859864234924316406e-01
1.707857549190521240e-01
2.322471737861633301e-01
2.877362966537475586e-01
2.314522266387939453e-01
1.985207051038742065e-01
-4.154079556465148926e-01
2.239339053630828857e-02
2.558503448963165283e-01
-3.670830428600311279e-01
-4.086230397224426270e-01
2.970761060714721680e-01
-3.193534612655639648e-01
2.082459777593612671e-01
-1.600728183984756470e-01
2.582281269133090973e-02
1.937724351882934570e-01
-1.766771227121353149e-01
-2.090135961771011353e-01
2.771424651145935059e-01
2.434728145599365234e-01
-4.093257188796997070e-01
-3.203535825014114380e-02
-4.515078663825988770e-01
2.962421178817749023e-01
-2.256659269332885742e-01
-3.872261568903923035e-02
2.271431386470794678e-01
1.739373505115509033e-01
-4.103022813796997070e-01
-2.463096678256988525e-01
-1.391613036394119263e-01
-4.480658471584320068e-01
-3.783378899097442627e-01
2.851473689079284668e-01
-4.184236824512481689e-01
2.929879128932952881e-01
2.965128719806671143e-01
-1.788529157638549805e-01
-1.887253671884536743e-01
-3.821451365947723389e-01
-9.092514961957931519e-02
-7.021426409482955933e-02
-1.538361459970474243e-01
1.790589094161987305e-01
-3.968453407287597656e-01
-1.866820901632308960e-01
9.217426180839538574e-02
2.124011367559432983e-01
2.890140116214752197e-01
2.970632314682006836e-01
-4.008356928825378418e-01
-1.256540417671203613e-01
2.468928098678588867e-01
-3.884650394320487976e-02
-1.671704202890396118e-01
2.911859452724456787e-01
2.935645878314971924e-01
2.428809702396392822e-01
-4.508085846900939941e-01
-3.613499999046325684e-01
-4.258185923099517822e-01
-4.384766817092895508e-01
3.099965164437890053e-03
-1.472907364368438721e-01
2.862959504127502441e-01
-4.400720596313476562e-01
-3.757915794849395752e-01
-3.237326145172119141e-01
2.094994187355041504e-01
-2.083202749490737915e-01
-4.249481260776519775e-01
-4.497200250625610352e-01
-2.763387188315391541e-02
4.182184115052223206e-02
-1.072368174791336060e-01
-4.066724479198455811e-01
-4.188308864831924438e-02
-2.622671723365783691e-01
-4.119879603385925293e-01
2.604592144489288330e-01
-5.122011154890060425e-02
2.833709716796875000e-01
-3.670929670333862305e-01
-3.217191398143768311e-01
1.533158402889966965e-02
-3.614400625228881836e-01
2.866103649139404297e-01
2.500653564929962158e-01
2.972045242786407471e-01
1.856155097484588623e-01
-3.465297520160675049e-01
-1.330978423357009888e-01
2.391151338815689087e-01
2.538061738014221191e-01
2.878361940383911133e-01
-4.185878038406372070e-01
-4.298848807811737061e-01
2.418628931045532227e-01
6.434818357229232788e-02
-2.027906030416488647e-01
2.809470295906066895e-01
2.447853684425354004e-01
1.236423030495643616e-01
2.116415649652481079e-01
-4.067339003086090088e-01
2.693959176540374756e-01
-4.447673261165618896e-01
2.407326698303222656e-01
-1.392579525709152222e-01
2.937152683734893799e-01
-4.501817822456359863e-01
-3.170390799641609192e-02
1.260183472186326981e-02
-2.363976836204528809e-01
2.894084453582763672e-01
2.961083054542541504e-01
-3.378224372863769531e-01
2.846414744853973389e-01
-4.020563662052154541e-01
2.352591305971145630e-01
-3.518640100955963135e-01
2.120657861232757568e-01
-1.170905679464340210e-01
2.956363260746002197e-01
-4.359070062637329102e-01
2.204521298408508301e-01
-3.863050043582916260e-01
1.616954058408737183e-01
-2.639790177345275879e-01
-3.033800125122070312e-01
-3.192084729671478271e-01
-9.825203567743301392e-02
-3.971421420574188232e-01
-3.092127442359924316e-01
-4.140577018260955811e-01
-3.219733536243438721e-01
2.553438544273376465e-01
-3.837422430515289307e-01
-1.419415175914764404e-01
-7.208770513534545898e-02
-3.885907828807830811e-01
2.031303495168685913e-01
-4.333659112453460693e-01
2.497189640998840332e-01
-4.444314241409301758e-01
-4.456175565719604492e-01
-1.226244568824768066e-01
-3.965489268302917480e-01
2.935754954814910889e-01
-4.150091111660003662e-02
-4.499999284744262695e-01
-4.315775632858276367e-01
2.504613399505615234e-01
-4.424966275691986084e-01
-3.793572783470153809e-01
-4.383566379547119141e-01
-3.237404525279998779e-01
2.904429733753204346e-01
2.617964744567871094e-01
-3.856030106544494629e-01
-4.214777052402496338e-01
2.467488199472427368e-01
-1.196045204997062683e-01
2.412782460451126099e-01
-8.102843165397644043e-02
-2.783002257347106934e-01
1.606766730546951294e-01
5.937428027391433716e-02
-1.948221027851104736e-01
2.830567359924316406e-01
-1.290189623832702637e-01
1.407818496227264404e-01
-1.402160227298736572e-01
2.530559897422790527e-01
-4.058200418949127197e-01
2.651189267635345459e-01
5.282394587993621826e-02
2.970481812953948975e-01
-3.921295106410980225e-01
2.681605815887451172e-01
-3.436997830867767334e-01
2.592506408691406250e-01
-2.233974784612655640e-01
2.003270685672760010e-01
2.181412577629089355e-01
-1.802288293838500977e-01
2.943929731845855713e-01
2.451653182506561279e-01
-7.913248986005783081e-02
2.427963763475418091e-01
-3.220602273941040039e-01
2.968550026416778564e-01
-4.362867474555969238e-01
-4.470777809619903564e-01
-1.942894309759140015e-01
1.984062492847442627e-01
-3.668772280216217041e-01
2.541526257991790771e-01
-2.086176574230194092e-01
2.563821673393249512e-01
-4.037950634956359863e-01
-2.163064479827880859e-01
2.930673062801361084e-01
-1.573370397090911865e-01
2.864354848861694336e-01
-4.458136856555938721e-01
2.856688201427459717e-01
-1.527703702449798584e-01
1.069552600383758545e-01
2.929350733757019043e-01
-1.394055634737014771e-01
2.795887887477874756e-01
2.388828098773956299e-01
2.945050895214080811e-01
1.239974275231361389e-01
-3.823421299457550049e-01
-4.522089958190917969e-01
1.707345545291900635e-01
-2.181017100811004639e-01
-3.937196433544158936e-01
2.934215068817138672e-01
-2.248371094465255737e-01
-4.204571545124053955e-01
-3.746726810932159424e-01
3.263301029801368713e-02
2.873192131519317627e-01
-3.662973344326019287e-01
2.560855746269226074e-01
2.950678169727325439e-01
-4.190213978290557861e-01
-3.445125520229339600e-01
-3.647194206714630127e-01
9.586203843355178833e-02
-4.257780015468597412e-01
-3.448513448238372803e-01
-3.381980061531066895e-01
-2.370310574769973755e-01
-4.133323132991790771e-01
-8.898857235908508301e-02
2.859362661838531494e-01
-1.228043157607316971e-02
2.867068648338317871e-01
-3.805260360240936279e-01
2.434163689613342285e-01
6.772451102733612061e-02
4.537070542573928833e-02
2.498048990964889526e-01
2.967417240142822266e-01
-1.556667536497116089e-01
-4.424193799495697021e-01
1.751639842987060547e-01
-4.144375324249267578e-01
-3.741411864757537842e-01
2.635803818702697754e-01
2.437283396720886230e-01
-4.549248609691858292e-03
2.881767451763153076e-01
-4.215168952941894531e-01
-8.912602066993713379e-02
-3.585608005523681641e-01
2.678809463977813721e-01
-2.907204329967498779e-01
-4.492107331752777100e-01
-1.103402748703956604e-01
-4.389819204807281494e-01
-4.280108809471130371e-01
-3.660962879657745361e-01
-4.237725436687469482e-01
2.795251309871673584e-01
2.696406245231628418e-01
-4.350667297840118408e-01
2.519402503967285156e-01
2.575555443763732910e-01
2.141607552766799927e-01
-3.813950717449188232e-01
5.968171730637550354e-02
2.436435371637344360e-01
1.166930720210075378e-01
2.376280575990676880e-01
2.955946624279022217e-01
-2.399531304836273193e-01
-4.318360984325408936e-01
-3.876765072345733643e-01
1.667847111821174622e-02
-1.929970383644104004e-01
-2.951602935791015625e-01
-8.626262098550796509e-02
2.942064404487609863e-01
1.024901047348976135e-01
-3.980279341340065002e-02
-1.349832117557525635e-02
1.053723245859146118e-01
2.792392075061798096e-01
2.518993616104125977e-01
-4.313815012574195862e-02
2.603681683540344238e-01
-4.184569418430328369e-01
2.836441993713378906e-01
-6.273636966943740845e-02
-4.297745525836944580e-01
-1.117576509714126587e-01
1.951457858085632324e-01
2.180250436067581177e-01
2.657720744609832764e-01
2.848983407020568848e-01
-3.788837790489196777e-01
-3.243412971496582031e-01
-4.327525198459625244e-01
2.820586860179901123e-01
-4.012653529644012451e-01
1.204835847020149231e-01
-8.405451476573944092e-02
2.666610777378082275e-01
2.820366024971008301e-01
2.903564274311065674e-01
1.789404898881912231e-01
1.221676915884017944e-01
1.393700242042541504e-01
-3.591799736022949219e-01
2.146335095167160034e-01
9.647925198078155518e-02
1.952926665544509888e-01
-4.465777277946472168e-01
-1.886142641305923462e-01
-2.046994715929031372e-01
-3.985526859760284424e-01
-3.153887093067169189e-01
-4.483284354209899902e-01
-3.379945456981658936e-01
2.723607718944549561e-01
2.547727823257446289e-01
2.808480560779571533e-01
-2.310228496789932251e-01
-2.829388678073883057e-01
-7.293168455362319946e-02
-3.918114900588989258e-01
-4.069637879729270935e-02
-4.197109937667846680e-01
5.222515761852264404e-02
-6.046477705240249634e-02
1.997262686491012573e-01
2.360534518957138062e-01
-1.675328165292739868e-01
-4.252316355705261230e-01
-3.811534643173217773e-01
2.938079833984375000e-01
2.003437280654907227e-01
2.168795913457870483e-01
2.425929754972457886e-01
2.852489650249481201e-01
-4.157483279705047607e-01
-2.460965961217880249e-01
-4.425339400768280029e-01
2.555185854434967041e-01
1.463089436292648315e-01
1.289269477128982544e-01
2.756166160106658936e-01
-7.168041169643402100e-02
2.915719449520111084e-01
-4.190791547298431396e-01
2.930818498134613037e-01
-1.508238911628723145e-01
-1.332026124000549316e-01
-3.814180493354797363e-01
2.770587205886840820e-01
-3.942477107048034668e-01
6.657125055789947510e-02
2.925610542297363281e-01
-4.512298405170440674e-01
2.738887071609497070e-01
2.918067574501037598e-01
-3.142761290073394775e-01
1.601655930280685425e-01
6.251356750726699829e-02
-2.424236238002777100e-01
-3.730419278144836426e-01
-3.956593275070190430e-01
-1.320715178735554218e-03
-4.358986020088195801e-01
3.684455528855323792e-02
2.110802978277206421e-01
-1.579108298756182194e-03
1.462943572551012039e-02
2.960939407348632812e-01
-4.173709750175476074e-01
-2.844769060611724854e-01
-4.407592117786407471e-01
1.952982246875762939e-01
2.871863543987274170e-01
-4.265160262584686279e-01
-3.656808733940124512e-01
-3.918921947479248047e-01
1.188221350312232971e-01
-3.433010280132293701e-01
2.635133266448974609e-01
-1.977104693651199341e-01
-4.423710703849792480e-01
1.761410012841224670e-02
-4.473801851272583008e-01
1.845396906137466431e-01
2.603648900985717773e-01
-3.132551908493041992e-01
1.057462617754936218e-01
-3.647838532924652100e-02
-3.562744557857513428e-01
5.435503646731376648e-02
2.878981232643127441e-01
-1.248455420136451721e-01
-2.132049500942230225e-01
-4.457189738750457764e-01
2.797906100749969482e-01
2.807503044605255127e-01
-5.559615790843963623e-02
-3.221737444400787354e-01
2.479464411735534668e-01
-4.464764595031738281e-01
-7.297459244728088379e-02
2.859210073947906494e-01
3.715160489082336426e-02
2.687687575817108154e-01
-3.939607739448547363e-01
2.794241346418857574e-02
6.442128866910934448e-02
2.861587107181549072e-01
2.782836556434631348e-01
1.832479834556579590e-01
-4.362149536609649658e-01
-2.212851196527481079e-01
2.345286160707473755e-01
2.755201458930969238e-01
-4.879095777869224548e-02
-8.895354717969894409e-02
-2.108002752065658569e-01
-4.486697614192962646e-01
-3.151895701885223389e-01
-1.570971757173538208e-01
-4.340856671333312988e-01
2.886814475059509277e-01
2.867792248725891113e-01
-4.496315419673919678e-01
2.880158424377441406e-01
2.604594528675079346e-01
2.183275967836380005e-01
-3.097715675830841064e-01
-3.517895191907882690e-02
-1.238660663366317749e-01
-4.144850745797157288e-02
-4.222336411476135254e-01
-3.579064607620239258e-01
2.717775106430053711e-01
-4.096660315990447998e-01
2.492667287588119507e-01
-4.149459302425384521e-01
-4.136071503162384033e-01
-1.799200624227523804e-01
-4.318422377109527588e-01
1.992470026016235352e-01
-4.116597771644592285e-01
-4.498557746410369873e-01
-4.507684111595153809e-01
-4.474296048283576965e-02
1.437009423971176147e-01
-3.127367794513702393e-01
1.825922876596450806e-01
-4.189359545707702637e-01
2.757252454757690430e-01
2.869624793529510498e-01
2.850619852542877197e-01
-2.690794467926025391e-01
-4.333435371518135071e-02
-1.050563380122184753e-01
-3.686852157115936279e-01
-4.194989204406738281e-01
2.974404990673065186e-01
-4.013415575027465820e-01
-3.057987987995147705e-01
2.930469810962677002e-01
-2.537513375282287598e-01
-4.466612935066223145e-01
2.744266092777252197e-01
-2.455125153064727783e-01
2.839082777500152588e-01
-4.514460563659667969e-01
2.940172851085662842e-01
2.748038470745086670e-01
-3.970847129821777344e-01
1.553250849246978760e-01
-4.397808611392974854e-01
-1.589880324900150299e-02
-3.541269898414611816e-01
2.470098137855529785e-01
2.352892905473709106e-01
-1.511214375495910645e-01
-3.985716700553894043e-01
-4.462310373783111572e-01
-4.521534964442253113e-02
2.615018784999847412e-01
2.612445354461669922e-01
-4.363000392913818359e-01
4.760758951306343079e-02
1.377804577350616455e-02
-3.641453981399536133e-01
-4.085245728492736816e-01
1.867541074752807617e-01
-3.411536514759063721e-01
2.406117133796215057e-02
-1.651946604251861572e-01
2.655789852142333984e-01
-4.192533493041992188e-01
2.352368533611297607e-01
-3.055607676506042480e-01
2.822119891643524170e-01
-1.969321370124816895e-01
2.954839169979095459e-01
-3.448156714439392090e-01
2.944045960903167725e-01
2.777219712734222412e-01
6.587420403957366943e-02
2.384409606456756592e-01
-4.281998872756958008e-01
-4.476781785488128662e-01
-4.318021237850189209e-01
2.401293665170669556e-01
2.696365416049957275e-01
2.853931784629821777e-01
1.165086962282657623e-02
1.279183328151702881e-01
2.480106800794601440e-01
-1.834515333175659180e-01
6.276927143335342407e-02
2.348732352256774902e-01
2.855439484119415283e-01
-4.294917881488800049e-01
-4.006260931491851807e-01
2.126738131046295166e-01
2.817502319812774658e-01
-1.084038317203521729e-01
2.121476680040359497e-01
2.176591008901596069e-01
-1.693964749574661255e-02
-3.506829142570495605e-01
-6.062604486942291260e-02
1.502217203378677368e-01
2.345994487404823303e-02
3.153783036395907402e-03
8.888728916645050049e-02
-4.451822638511657715e-01
2.952222228050231934e-01
9.694256633520126343e-02
-4.342430531978607178e-01
-3.968842625617980957e-01
-3.953564763069152832e-01
-3.716776669025421143e-01
-4.500833451747894287e-01
2.596936523914337158e-01
-2.025222778320312500e-01
-1.963881552219390869e-01
5.179851874709129333e-02
-4.420138001441955566e-01
-1.095596179366111755e-01
9.334110468626022339e-02
-4.190518856048583984e-01
1.410246193408966064e-01
-4.512563049793243408e-01
-3.493147194385528564e-01
-1.512574702501296997e-01
-3.891682326793670654e-01
-1.282602548599243164e-01
-3.714996203780174255e-02
2.813828289508819580e-01
-1.771057397127151489e-01
-4.076613485813140869e-01
2.883963584899902344e-01
1.278355419635772705e-01
-4.358312785625457764e-01
-3.703446984291076660e-01
-4.136846661567687988e-01
-3.567196428775787354e-01
2.455432265996932983e-01
-2.007055580615997314e-01
2.377283424139022827e-01
1.003931537270545959e-01
2.912107110023498535e-01
2.767864465713500977e-01
-9.849911183118820190e-02
2.648372352123260498e-01
1.024971678853034973e-01
2.865445613861083984e-01
-4.264810383319854736e-01
-4.008467122912406921e-02
-3.159817755222320557e-01
-2.580130994319915771e-01
-4.474059939384460449e-01
2.938204705715179443e-01
1.123666912317276001e-01
-2.655092068016529083e-02
2.026055604219436646e-01
-1.064564287662506104e-02
-4.359097778797149658e-01
2.911351323127746582e-01
-6.279885768890380859e-02
-4.366617500782012939e-01
5.254625156521797180e-02
-4.515564143657684326e-01
-3.221994340419769287e-01
-3.775294423103332520e-01
2.803274989128112793e-01
-3.323682248592376709e-01
-4.100918769836425781e-01
-2.333412021398544312e-01
-4.311303198337554932e-01
2.902150750160217285e-01
-4.411236643791198730e-01
2.699079513549804688e-01
-2.537330090999603271e-01
-9.578194469213485718e-02
2.439473867416381836e-01
-2.640341520309448242e-01
-5.130371823906898499e-02
-2.192139327526092529e-01
-4.341929554939270020e-01
2.845812439918518066e-01
-3.404069840908050537e-01
2.975624501705169678e-01
1.634880155324935913e-01
1.701009124517440796e-01
-4.175760447978973389e-01
-9.694109112024307251e-02
2.906334698200225830e-01
2.937622070312500000e-01
-2.325058728456497192e-01
-1.440756022930145264e-05
-4.232939481735229492e-01
2.869126796722412109e-01
-1.789364069700241089e-01
2.083695828914642334e-01
2.507309913635253906e-01
-4.160026013851165771e-01
1.820951998233795166e-01
-4.393890798091888428e-01
-6.276615709066390991e-02
-3.772324621677398682e-01
2.357024401426315308e-01
2.919190227985382080e-01
2.688393294811248779e-01
-2.274054735898971558e-01
1.422617435455322266e-01
-3.310670554637908936e-01
-4.522309899330139160e-01
-3.183322548866271973e-01
8.619995415210723877e-02
2.845497429370880127e-01
4.571630433201789856e-02
-3.821056783199310303e-01
2.847526371479034424e-01
2.773091197013854980e-01
2.855262756347656250e-01
1.901500374078750610e-01
-2.721719145774841309e-01
2.887046337127685547e-01
-3.629357516765594482e-01
2.866271436214447021e-01
-3.471610248088836670e-01
-4.062496125698089600e-02
2.946081459522247314e-01
2.575595378875732422e-01
-2.381717562675476074e-01
-1.794902049005031586e-02
-8.175194263458251953e-03
-2.571792006492614746e-01
2.918882966041564941e-01
-4.408162534236907959e-01
-4.244646802544593811e-02
1.702018380165100098e-01
2.577781975269317627e-01
-4.344750940799713135e-01
2.813600003719329834e-01
2.422506809234619141e-01
2.906142771244049072e-01
-1.485283672809600830e-01
2.045485526323318481e-01
-4.225022196769714355e-01
2.921182513236999512e-01
-2.593686282634735107e-01
1.900703646242618561e-02
9.130775183439254761e-02
-4.393382370471954346e-01
-2.099092900753021240e-01
-3.859786391258239746e-01
-4.010532498359680176e-01
-4.058471322059631348e-01
-3.697848618030548096e-01
2.622510790824890137e-01
2.825425863265991211e-01
2.674714922904968262e-01
2.071561962366104126e-01
-1.692569553852081299e-01
2.526502311229705811e-01
-3.786855041980743408e-01
