-3.219733536243438721e-01
-4.469933509826660156e-01
2.925574779510498047e-01
2.932904362678527832e-01
1.288562268018722534e-01
2.027789503335952759e-01
-2.184782475233078003e-01
-4.306139349937438965e-01
-2.909255921840667725e-01
-1.867688447237014771e-01
-4.262087345123291016e-01
1.781222969293594360e-01
-4.096660614013671875e-01
-4.214777052402496338e-01
2.507309913635253906e-01
-2.040166556835174561e-01
6.276926398277282715e-02
-4.372683167457580566e-01
1.188221052289009094e-01
-1.519612520933151245e-01
2.157899290323257446e-01
2.555848360061645508e-01
2.949218750000000000e-01
2.783042788505554199e-01
-4.323323369026184082e-01
5.503898486495018005e-02
-7.128136605024337769e-02
4.759529605507850647e-02
2.842336893081665039e-01
1.414802372455596924e-01
-4.522269666194915771e-01
-4.338467717170715332e-01
2.681526243686676025e-01
-3.782325088977813721e-01
2.527185678482055664e-01
-2.750413417816162109e-01
-2.571791410446166992e-01
2.914938330650329590e-01
-1.912543177604675293e-01
2.875659763813018799e-01
2.965562045574188232e-01
2.554281353950500488e-01
-3.221994340419769287e-01
-1.084038317203521729e-01
-3.773697316646575928e-01
-3.309317231178283691e-01
2.344999015331268311e-01
-1.969321221113204956e-01
2.922275364398956299e-01
-4.500833451747894287e-01
-4.497200250625610352e-01
-4.456175863742828369e-01
-3.465297818183898926e-01
-4.483284652233123779e-01
2.922237813472747803e-01
2.530762255191802979e-01
-3.668772280216217041e-01
2.944024205207824707e-01
-1.222877204418182373e-01
-7.588294893503189087e-02
2.808042466640472412e-01
-1.257544755935668945e-01
-4.139352142810821533e-01
-2.163064479827880859e-01
-1.789363771677017212e-01
-2.025222778320312500e-01
-3.880217373371124268e-01
2.830567359924316406e-01
-4.173710346221923828e-01
-4.086230397224426270e-01
-2.816785275936126709e-01
-1.566626131534576416e-01
-3.277380466461181641e-01
6.657123565673828125e-02
-2.172596752643585205e-01
2.802231013774871826e-01
-2.485181689262390137e-01
-2.281314134597778320e-01
-4.086719751358032227e-01
2.703976333141326904e-01
2.820366024971008301e-01
-1.568740308284759521e-01
-3.153886497020721436e-01
-4.498557448387145996e-01
-3.956592977046966553e-01
5.305970087647438049e-02
2.458352744579315186e-01
-4.344751238822937012e-01
-2.424235939979553223e-01
-6.719332933425903320e-02
-4.085245728492736816e-01
-4.366523027420043945e-01
-3.222613334655761719e-01
2.533752620220184326e-01
-4.251255989074707031e-01
6.405352614820003510e-03
7.791725546121597290e-02
2.678779661655426025e-01
-3.957055807113647461e-01
2.445854097604751587e-01
-2.161242254078388214e-02
2.966892719268798828e-01
-4.226499497890472412e-01
2.943175733089447021e-01
-4.172484576702117920e-01
-9.182545542716979980e-02
-1.570971459150314331e-01
-4.092068076133728027e-01
-4.149459302425384521e-01
-4.145399332046508789e-01
-4.483294188976287842e-01
9.671983122825622559e-02
2.962190210819244385e-01
2.592506110668182373e-01
2.672338187694549561e-01
-3.514060676097869873e-01
2.635133564472198486e-01
-4.144850745797157288e-02
-2.461558878421783447e-01
-3.823830187320709229e-01
-4.014796912670135498e-01
1.282804012298583984e-01
2.919189929962158203e-01
-4.499998688697814941e-01
2.617964446544647217e-01
-4.480658471584320068e-01
-4.504825770854949951e-01
2.662758231163024902e-01
-4.358313083648681641e-01
-3.878594040870666504e-01
-2.898263335227966309e-01
2.797438800334930420e-01
-2.638394832611083984e-01
2.799737155437469482e-01
2.939029932022094727e-01
2.931624352931976318e-01
-3.755166232585906982e-01
1.825923025608062744e-01
-8.838827908039093018e-02
2.859881520271301270e-01
-3.647193312644958496e-01
-4.359070062637329102e-01
1.205454990267753601e-01
6.587420403957366943e-02
2.064877599477767944e-01
-3.656809031963348389e-01
-1.402160227298736572e-01
-4.487187266349792480e-01
2.352368682622909546e-01
1.818818747997283936e-01
-4.288906455039978027e-01
7.004012912511825562e-02
8.843959867954254150e-02
2.095968648791313171e-02
-4.487741589546203613e-01
-1.870062351226806641e-01
-4.822353646159172058e-02
2.045485377311706543e-01
2.919545769691467285e-01
-4.286155104637145996e-01
-7.791143655776977539e-02
-4.360715448856353760e-01
5.254624411463737488e-02
2.863982915878295898e-01
-3.750502131879329681e-03
1.120093092322349548e-01
-4.580208286643028259e-02
-4.066724777221679688e-01
-3.741411864757537842e-01
-3.797594904899597168e-01
-3.814180195331573486e-01
-1.852439194917678833e-01
-4.451094567775726318e-01
1.513652056455612183e-01
2.376280575990676880e-01
1.707857549190521240e-01
-2.072885036468505859e-01
3.681233897805213928e-02
6.584699451923370361e-02
-3.395806252956390381e-01
1.881730109453201294e-01
2.765474319458007812e-01
-4.280441403388977051e-01
-4.409008026123046875e-01
-3.891682028770446777e-01
-4.190518558025360107e-01
-3.960172235965728760e-01
1.257438510656356812e-01
-4.206084311008453369e-01
-3.811405003070831299e-01
-4.515449702739715576e-01
2.068079560995101929e-01
2.836005389690399170e-01
-2.678715884685516357e-01
1.701008975505828857e-01
-4.408455789089202881e-01
-1.391613185405731201e-01
2.794704437255859375e-01
-4.093257486820220947e-01
-2.333412021398544312e-01
-3.381979763507843018e-01
-4.039072990417480469e-01
-3.170390427112579346e-02
-2.163583785295486450e-01
2.648481726646423340e-01
2.915559709072113037e-01
-1.580603718757629395e-01
2.714844048023223877e-01
-3.166682720184326172e-01
-3.578379005193710327e-02
2.804601490497589111e-01
-1.989063322544097900e-01
6.979553401470184326e-02
-4.646732658147811890e-02
2.352591454982757568e-01
-4.411236643791198730e-01
-4.363418221473693848e-01
1.826477050781250000e-01
-7.091762870550155640e-02
-4.426991939544677734e-01
1.036844309419393539e-02
1.122395694255828857e-01
-4.476782083511352539e-01
2.943207025527954102e-01
-3.629357516765594482e-01
-3.411536514759063721e-01
2.811583876609802246e-01
-3.220602571964263916e-01
2.478487044572830200e-01
1.928031742572784424e-01
-4.298848509788513184e-01
1.857161074876785278e-01
2.933001220226287842e-01
2.888549864292144775e-01
-4.133322834968566895e-01
2.836441993713378906e-01
-4.472126662731170654e-01
-2.862544357776641846e-01
-3.859525024890899658e-01
2.604073882102966309e-01
-7.293169945478439331e-02
-4.431522190570831299e-01
-4.252878725528717041e-01
2.325311452150344849e-01
-4.281999170780181885e-01
-2.559846043586730957e-01
9.580790251493453979e-02
-1.733977049589157104e-01
-2.907869517803192139e-01
-3.918114900588989258e-01
-5.081089958548545837e-02
2.945050597190856934e-01
-1.228042785078287125e-02
-1.898718923330307007e-01
-3.142761290073394775e-01
-6.276615709066390991e-02
-3.389572203159332275e-01
-1.508238613605499268e-01
1.260823309421539307e-01
-7.817219942808151245e-02
2.928433418273925781e-01
-7.734226435422897339e-02
-1.693721413612365723e-01
1.747299879789352417e-01
-4.038465321063995361e-01
1.360046956688165665e-02
-1.593339443206787109e-02
2.867068350315093994e-01
2.855694890022277832e-01
-4.394551813602447510e-01
-3.098746538162231445e-01
2.817534804344177246e-01
1.422617137432098389e-01
-4.622516781091690063e-02
2.804333567619323730e-01
4.537069424986839294e-02
1.990762501955032349e-01
-2.559384144842624664e-02
-7.168039679527282715e-02
-2.655065655708312988e-01
2.767864465713500977e-01
3.153785830363631248e-03
-1.741143316030502319e-01
-1.617621928453445435e-01
-3.804487586021423340e-01
-3.883751928806304932e-01
1.729316115379333496e-01
2.935891449451446533e-01
-4.159685075283050537e-01
2.883885800838470459e-01
-4.489187598228454590e-01
-4.414320290088653564e-01
-8.405451476573944092e-02
5.968172475695610046e-02
1.790628582239151001e-01
-4.425315558910369873e-01
2.758859097957611084e-01
9.694256633520126343e-02
-4.593258723616600037e-02
-4.521535336971282959e-02
2.921182513236999512e-01
-4.330033659934997559e-01
-7.021426409482955933e-02
-3.985526561737060547e-01
2.471840083599090576e-01
-4.065973758697509766e-01
-4.190213680267333984e-01
2.843316830694675446e-02
-4.339982569217681885e-01
-3.886615037918090820e-01
2.864032089710235596e-01
-3.143103793263435364e-02
-3.613499999046325684e-01
-4.209623038768768311e-01
-1.886142492294311523e-01
1.245052786543965340e-03
-2.008543163537979126e-01
-1.502318494021892548e-02
1.177584975957870483e-01
-4.314135015010833740e-01
1.856154948472976685e-01
2.127387523651123047e-01
2.735711336135864258e-01
-1.529543995857238770e-01
-4.464372992515563965e-01
1.984062492847442627e-01
-4.418519139289855957e-01
2.464202493429183960e-01
-9.142688661813735962e-02
1.369337439537048340e-01
2.058029323816299438e-01
2.064064517617225647e-02
2.859864234924316406e-01
2.928003370761871338e-01
-2.855661213397979736e-01
1.891760081052780151e-01
-4.168788194656372070e-01
-4.295680820941925049e-01
2.961073219776153564e-01
-4.109398424625396729e-01
-2.783002257347106934e-01
2.956235110759735107e-01
-3.786855638027191162e-01
2.548842728137969971e-01
2.210897058248519897e-01
2.846415042877197266e-01
-3.538275361061096191e-01
1.069552600383758545e-01
2.470097839832305908e-01
2.530560195446014404e-01
2.970632612705230713e-01
-4.447673261165618896e-01
2.054180018603801727e-02
1.969879418611526489e-01
2.501839995384216309e-01
2.168796211481094360e-01
-9.310831874608993530e-02
2.688392996788024902e-01
-1.940622180700302124e-01
2.956363260746002197e-01
1.673095673322677612e-02
-3.985129892826080322e-01
2.667210400104522705e-01
2.966291010379791260e-01
2.149217873811721802e-01
2.797905504703521729e-01
2.180250287055969238e-01
-3.968842327594757080e-01
-3.856030106544494629e-01
-3.033800423145294189e-01
2.942158877849578857e-01
1.332802772521972656e-01
-4.294744133949279785e-01
2.884342968463897705e-01
2.912195324897766113e-01
1.789404749870300293e-01
2.845064997673034668e-01
-3.670830726623535156e-01
2.906334698200225830e-01
-9.130395203828811646e-02
2.782563865184783936e-01
2.696416079998016357e-01
-4.422848522663116455e-01
-2.463096976280212402e-01
-2.479544579982757568e-01
-4.294917881488800049e-01
2.443843930959701538e-01
-4.366617500782012939e-01
2.668889760971069336e-01
2.121476382017135620e-01
-4.400720894336700439e-01
1.502217352390289307e-01
-4.063361287117004395e-01
2.795251309871673584e-01
-3.297761678695678711e-01
1.516989320516586304e-01
2.927913069725036621e-01
-6.033067032694816589e-02
-1.771714091300964355e-01
2.920280098915100098e-01
-4.297744929790496826e-01
2.083695828914642334e-01
-3.730419576168060303e-01
1.279183328151702881e-01
2.908987104892730713e-01
-3.906214833259582520e-01
-4.136071503162384033e-01
-2.274272292852401733e-01
-4.076613187789916992e-01
-2.574375271797180176e-02
-3.088555634021759033e-01
2.586517930030822754e-01
2.630009353160858154e-01
2.541883885860443115e-01
-1.700152307748794556e-01
1.937724351882934570e-01
2.848984003067016602e-01
-4.119879901409149170e-01
2.467488199472427368e-01
-1.505540609359741211e-01
1.507348865270614624e-01
-2.558783888816833496e-01
-8.738086558878421783e-03
-1.902949661016464233e-01
2.862959206104278564e-01
2.887046039104461670e-01
-4.150091111660003662e-02
1.239974275231361389e-01
9.217427670955657959e-02
2.483291178941726685e-01
-3.811534643173217773e-01
2.069001942873001099e-01
1.121519058942794800e-01
-4.430820345878601074e-01
-2.655091695487499237e-02
-7.251594960689544678e-02
2.126738131046295166e-01
-1.755912415683269501e-02
-4.457190334796905518e-01
-1.200987026095390320e-02
-3.411945104598999023e-01
1.820951998233795166e-01
7.103598862886428833e-02
2.839082479476928711e-01
-4.341929852962493896e-01
1.053723245859146118e-01
-2.665423452854156494e-01
2.871863245964050293e-01
-2.718774378299713135e-01
-4.500283002853393555e-01
-4.098533689975738525e-01
-1.866820901632308960e-01
-7.776951533742249012e-04
2.475593686103820801e-01
2.803274989128112793e-01
4.571630060672760010e-02
3.509407490491867065e-02
-3.813553750514984131e-01
-3.362123966217041016e-01
-4.275810718536376953e-01
-1.250588297843933105e-01
6.600492447614669800e-02
2.343555092811584473e-01
-1.419415324926376343e-01
2.930469512939453125e-01
2.887196540832519531e-01
1.951457858085632324e-01
2.974050343036651611e-01
1.621557325124740601e-01
-1.619890630245208740e-01
2.816337943077087402e-01
2.619748711585998535e-01
2.893810868263244629e-01
-2.048928737640380859e-01
2.098736763000488281e-01
-2.090135961771011353e-01
-3.591800034046173096e-01
-4.008466750383377075e-02
-4.514460563659667969e-01
8.259652554988861084e-02
2.946247160434722900e-01
-8.663971908390522003e-03
-6.279885768890380859e-02
-4.477819204330444336e-01
2.528495192527770996e-01
-7.987427711486816406e-02
2.026055604219436646e-01
-4.005132317543029785e-01
2.575595080852508545e-01
-3.579065501689910889e-01
5.558254942297935486e-02
2.166460454463958740e-01
-7.634264230728149414e-02
-6.801644712686538696e-02
2.954403460025787354e-01
-4.362867474555969238e-01
2.939999401569366455e-01
2.801092863082885742e-01
-3.322842419147491455e-01
2.391151487827301025e-01
-4.289565682411193848e-01
-4.505100846290588379e-01
1.377804577350616455e-02
-3.813950717449188232e-01
-1.573370248079299927e-01
-2.920132875442504883e-01
-6.478245556354522705e-02
-4.485113918781280518e-01
-3.805260360240936279e-01
2.692541778087615967e-01
2.615018784999847412e-01
-3.097715377807617188e-01
-4.234253466129302979e-01
2.973812818527221680e-01
-2.399531006813049316e-01
-4.615278169512748718e-02
-4.199804067611694336e-01
-4.512499570846557617e-01
2.940199673175811768e-01
-4.363983571529388428e-01
-3.379945158958435059e-01
-4.430459439754486084e-01
2.955031692981719971e-01
2.418628931045532227e-01
-4.058200418949127197e-01
-4.392797648906707764e-01
-2.156027704477310181e-01
-2.342543900012969971e-01
2.735345065593719482e-01
2.564144432544708252e-01
2.176591157913208008e-01
2.754226922988891602e-01
-2.470295429229736328e-01
2.975624203681945801e-01
1.845397055149078369e-01
2.861061394214630127e-01
-4.013606905937194824e-01
-4.158246517181396484e-01
2.119533121585845947e-01
2.500335872173309326e-01
-3.448514342308044434e-01
-3.506829142570495605e-01
2.132255434989929199e-01
-3.918674290180206299e-01
-4.161500036716461182e-01
-1.472907364368438721e-01
-2.922899723052978516e-01
1.900703273713588715e-02
-4.509791731834411621e-01
-9.825200587511062622e-02
1.722872816026210785e-02
-1.766771227121353149e-01
2.348732650279998779e-01
2.902150750160217285e-01
2.115825861692428589e-01
-3.179675936698913574e-01
1.761409640312194824e-02
2.907104790210723877e-01
-4.232968688011169434e-01
2.437283545732498169e-01
-3.863050043582916260e-01
-1.695360392332077026e-01
2.929138541221618652e-01
1.832803636789321899e-01
-1.876285374164581299e-01
-4.424193799495697021e-01
-4.434765279293060303e-01
-3.970847129821777344e-01
-2.588052153587341309e-01
2.738887369632720947e-01
-4.114708602428436279e-01
2.515513598918914795e-01
-3.243412971496582031e-01
1.189779862761497498e-01
-1.755914539098739624e-01
2.123318612575531006e-01
2.480106800794601440e-01
1.557442843914031982e-01
2.961083054542541504e-01
-3.504913449287414551e-01
-1.929970383644104004e-01
-3.151895999908447266e-01
-1.597750186920166016e-01
-4.091982841491699219e-01
-3.195087313652038574e-01
-4.485442340373992920e-01
-4.451822936534881592e-01
-3.936332762241363525e-01
-1.589879952371120453e-02
8.825597167015075684e-02
-3.629961907863616943e-01
-4.468921422958374023e-01
-3.517028987407684326e-01
2.902264595031738281e-01
3.154769167304039001e-02
2.546650469303131104e-01
-4.023112356662750244e-01
-3.193534612655639648e-01
-1.031093522906303406e-01
2.853932082653045654e-01
2.848642170429229736e-01
2.094994187355041504e-01
1.123666912317276001e-01
-1.834515035152435303e-01
-4.318021237850189209e-01
2.397438436746597290e-01
-2.732966542243957520e-01
2.537522614002227783e-01
2.071561962366104126e-01
2.856237888336181641e-01
-1.702700108289718628e-01
2.942897677421569824e-01
2.074552178382873535e-01
-1.396022140979766846e-01
-6.089003384113311768e-02
8.812222629785537720e-02
-4.476321041584014893e-01
2.838533818721771240e-01
2.407383918762207031e-01
2.260573357343673706e-01
-4.496960341930389404e-01
-2.027906030416488647e-01
-5.122011154890060425e-02
-4.458238184452056885e-01
2.598139047622680664e-01
2.822119891643524170e-01
-3.057988286018371582e-01
1.640769690275192261e-01
-3.997179567813873291e-01
2.238676697015762329e-01
2.624350786209106445e-01
2.890140116214752197e-01
-4.290283918380737305e-01
-2.058220505714416504e-01
1.909336298704147339e-01
-2.763387560844421387e-02
1.867541074752807617e-01
7.210661470890045166e-02
-1.850135326385498047e-01
1.952982246875762939e-01
-4.356406927108764648e-01
2.742744088172912598e-01
4.760759696364402771e-02
-3.960037231445312500e-01
-6.903430074453353882e-02
2.732905745506286621e-01
-3.899787664413452148e-01
2.964917123317718506e-01
1.156354621052742004e-01
2.003270536661148071e-01
2.603681683540344238e-01
2.961524724960327148e-01
2.777219712734222412e-01
2.436435371637344360e-01
-4.184569418430328369e-01
-4.326440989971160889e-01
8.619993925094604492e-02
-3.660962879657745361e-01
2.883963584899902344e-01
-2.588724493980407715e-01
-2.494586557149887085e-01
-2.873991429805755615e-02
2.967417240142822266e-01
2.598700523376464844e-01
-4.176569283008575439e-01
-4.703358188271522522e-02
2.952799797058105469e-01
-3.817494213581085205e-01
1.584770157933235168e-02
-4.327525198459625244e-01
-3.930958807468414307e-01
2.089090496301651001e-01
-3.984410315752029419e-02
1.463089287281036377e-01
-4.313813894987106323e-02
-3.686852157115936279e-01
-4.192533195018768311e-01
-9.828866273164749146e-02
2.783993184566497803e-01
-4.407237172126770020e-01
-3.817281723022460938e-01
-4.361862242221832275e-01
-4.231215715408325195e-01
1.883461922407150269e-01
1.606474369764328003e-01
2.681432962417602539e-01
-1.887253522872924805e-01
1.997839510440826416e-01
-3.132666945457458496e-01
2.878361940383911133e-01
-6.157002970576286316e-02
-2.367929965257644653e-01
-4.470777511596679688e-01
1.148875951766967773e-01
8.588505908846855164e-03
-4.232583045959472656e-01
2.110802978277206421e-01
-4.351901710033416748e-01
2.670238316059112549e-01
6.434819102287292480e-02
-4.358986318111419678e-01
-4.232943654060363770e-01
2.672059834003448486e-01
1.579736173152923584e-02
-1.707308180630207062e-02
2.727086246013641357e-01
-4.476198256015777588e-01
2.334817200899124146e-01
2.553438246250152588e-01
-1.248455569148063660e-01
-4.225022196769714355e-01
-4.490972459316253662e-01
-4.154079556465148926e-01
1.319689005613327026e-01
2.865835726261138916e-01
1.236422881484031677e-01
-1.914780884981155396e-01
2.406116761267185211e-02
9.867507964372634888e-02
2.425929903984069824e-01
2.966595590114593506e-01
-3.788275644183158875e-02
-2.735570073127746582e-01
2.886095941066741943e-01
1.863705813884735107e-01
-6.273636966943740845e-02
-3.661445677280426025e-01
-3.693399131298065186e-01
-4.204543530941009521e-01
2.826097309589385986e-01
2.813417017459869385e-01
1.437009572982788086e-01
-2.363976836204528809e-01
-3.404069542884826660e-01
-7.913248986005783081e-02
-2.844769656658172607e-01
2.455432564020156860e-01
-3.171945810317993164e-01
-1.779446937143802643e-02
-4.372614920139312744e-01
2.941738367080688477e-01
-7.855620235204696655e-02
2.633459270000457764e-01
-4.304782450199127197e-01
2.940172851085662842e-01
2.322180271148681641e-01
1.580414921045303345e-01
-4.140577018260955811e-01
-2.593686282634735107e-01
-2.688454687595367432e-01
2.962029278278350830e-01
2.966422736644744873e-01
-3.237364590167999268e-01
-8.218941092491149902e-02
2.204521298408508301e-01
2.906142771244049072e-01
2.937622070312500000e-01
-4.215169250965118408e-01
2.964848279953002930e-01
-4.504123330116271973e-01
-2.654042541980743408e-01
2.099050730466842651e-01
-3.909799158573150635e-01
-4.140440821647644043e-01
1.551676541566848755e-01
-3.352603614330291748e-01
-4.389819204807281494e-01
-4.413154721260070801e-01
1.410246044397354126e-01
-4.226719737052917480e-01
2.850946485996246338e-01
2.922545373439788818e-01
-4.477529227733612061e-01
1.095788478851318359e-01
-2.089164555072784424e-01
2.888324260711669922e-01
-3.541269898414611816e-01
2.114697545766830444e-01
1.168778687715530396e-01
2.518993318080902100e-01
-2.046995162963867188e-01
-4.501817226409912109e-01
-2.310228496789932251e-01
2.920830249786376953e-01
2.652205228805541992e-01
-1.326788216829299927e-01
-1.136169582605361938e-01
-2.325059026479721069e-01
-3.127368092536926270e-01
-3.714995831251144409e-02
-4.512672424316406250e-01
2.447752654552459717e-01
1.785839796066284180e-01
2.031303495168685913e-01
2.727261185646057129e-02
-2.749409973621368408e-01
-3.976132429670542479e-04
-4.474233686923980713e-01
-7.596818357706069946e-02
-3.716776967048645020e-01
2.078838087618350983e-02
-4.458136558532714844e-01
2.823503315448760986e-01
-1.126596331596374512e-01
2.632603347301483154e-01
7.988412864506244659e-03
-4.350352585315704346e-01
-4.503992199897766113e-01
-2.959728538990020752e-01
-3.860969245433807373e-01
-4.515684545040130615e-01
2.730386555194854736e-01
2.577781677246093750e-01
2.504613399505615234e-01
-4.490699470043182373e-01
-3.703446686267852783e-01
-2.943202257156372070e-01
2.813828289508819580e-01
-2.586207687854766846e-01
1.556851565837860107e-01
-4.340856969356536865e-01
-1.912969537079334259e-02
2.512642741203308105e-01
-1.803907603025436401e-01
2.906397879123687744e-01
-4.515078961849212646e-01
-2.364245802164077759e-01
-1.225117966532707214e-01
2.864930033683776855e-01
-4.267086982727050781e-01
-1.377047598361968994e-01
2.212917357683181763e-01
1.764094829559326172e-01
-2.585622668266296387e-01
2.565582394599914551e-01
-2.622672319412231445e-01
6.498627364635467529e-02
5.502016842365264893e-02
2.563821971416473389e-01
-3.885908126831054688e-01
-4.054157137870788574e-01
2.808480560779571533e-01
-2.580130696296691895e-01
-4.417439699172973633e-01
2.583129405975341797e-01
-4.383565783500671387e-01
-4.879096522927284241e-02
5.892456695437431335e-02
-2.205450981855392456e-01
-2.612117491662502289e-02
2.957907021045684814e-01
-3.594758510589599609e-01
-4.184317290782928467e-01
2.271431535482406616e-01
-2.029823511838912964e-01
-3.623736798763275146e-01
4.181161150336265564e-02
1.278355270624160767e-01
2.651189267635345459e-01
-4.486698210239410400e-01
2.850619554519653320e-01
5.222516506910324097e-02
2.661429047584533691e-01
2.456576228141784668e-01
-3.459174633026123047e-01
2.943929731845855713e-01
1.222070381045341492e-01
2.572339177131652832e-01
1.631719917058944702e-01
-1.490208208560943604e-01
-1.238660663366317749e-01
2.972045242786407471e-01
-4.212097227573394775e-01
-1.037325933575630188e-01
-1.864868402481079102e-01
-1.008230224251747131e-01
-4.351658225059509277e-01
-4.388476908206939697e-01
-3.974410593509674072e-01
-9.157703816890716553e-02
2.769599258899688721e-01
2.860786318778991699e-01
2.938079535961151123e-01
2.824654281139373779e-01
-4.462858438491821289e-01
-9.775808081030845642e-03
-8.912602066993713379e-02
-4.058336913585662842e-01
-3.921295404434204102e-01
-2.099092900753021240e-01
-4.008356928825378418e-01
2.260053008794784546e-01
-4.466902911663055420e-01
2.513042390346527100e-01
1.988399922847747803e-01
-3.488942682743072510e-01
2.973011136054992676e-01
2.498048692941665649e-01
2.024514973163604736e-01
-2.914544045925140381e-01
-2.123487591743469238e-01
1.601655781269073486e-01
2.766388654708862305e-01
-4.421291351318359375e-01
-2.332231104373931885e-01
2.173720747232437134e-01
5.937428027391433716e-02
2.489450424909591675e-01
-4.424965977668762207e-01
-4.169642329216003418e-01
-2.022921741008758545e-01
2.911533117294311523e-01
-2.907204627990722656e-01
-2.742611169815063477e-01
-4.393382370471954346e-01
2.867792248725891113e-01
6.442128866910934448e-02
-4.334090650081634521e-01
-4.130004644393920898e-01
2.856425940990447998e-01
2.522629201412200928e-01
-2.486220449209213257e-01
2.934215068817138672e-01
-1.579104573465883732e-03
-4.350667595863342285e-01
-4.452454745769500732e-01
-3.034766614437103271e-01
2.850705087184906006e-01
-4.478090107440948486e-01
2.625212967395782471e-01
2.158634811639785767e-01
-4.493597745895385742e-01
-3.863597214221954346e-01
2.605034112930297852e-01
2.341519147157669067e-01
2.938204705715179443e-01
-4.549246747046709061e-03
-3.550918102264404297e-01
-4.511977732181549072e-01
-2.390325218439102173e-01
-1.907739639282226562e-01
-1.115465983748435974e-01
2.856194078922271729e-01
1.869793832302093506e-01
-4.185878336429595947e-01
-1.095596179366111755e-01
-3.997052013874053955e-01
-9.578194469213485718e-02
1.973940432071685791e-01
-1.841258704662322998e-01
2.907797098159790039e-01
-2.284694164991378784e-01
1.135043278336524963e-01
-3.400596082210540771e-01
-3.139673173427581787e-01
4.290423169732093811e-02
-8.794663101434707642e-02
-4.507684707641601562e-01
-4.343843162059783936e-01
2.683913409709930420e-01
2.606883645057678223e-01
2.293017953634262085e-01
-1.093763038516044617e-01
2.923004627227783203e-01
2.919707894325256348e-01
2.345286011695861816e-01
2.656744718551635742e-01
1.479223091155290604e-02
-4.473802149295806885e-01
2.770161628723144531e-01
-1.794902421534061432e-02
1.971341073513031006e-01
-2.009221017360687256e-01
2.845812439918518066e-01
-4.359097182750701904e-01
2.427963763475418091e-01
-4.157483279705047607e-01
-4.430623054504394531e-01
2.560700476169586182e-01
-4.470887780189514160e-01
-4.097187817096710205e-01
-2.914346158504486084e-01
2.604594528675079346e-01
2.541526257991790771e-01
-3.918921947479248047e-01
-4.315776228904724121e-01
2.833232581615447998e-01
2.370158284902572632e-01
-3.237325847148895264e-01
2.948901951313018799e-01
-1.693964749574661255e-02
-1.838812828063964844e-01
-1.091694459319114685e-01
-3.506523966789245605e-01
8.957199007272720337e-02
-4.419966340065002441e-01
2.954119145870208740e-01
2.974404990673065186e-01
-2.397882044315338135e-01
-4.513850510120391846e-01
