# Epoch   training loss   validation loss
0 0.011893723160028458 0.011852927505970001
1000 5.8853606788034085e-06 6.052085154806264e-06
2000 4.098017598153092e-06 4.331599484430626e-06
3000 3.427171122893924e-06 3.6424703466764186e-06
4000 3.0241637887229444e-06 3.2306547836924437e-06
5000 2.7298167424305575e-06 2.89341573989077e-06
6000 2.547201802372001e-06 2.6969084956363076e-06
7000 2.058899326584651e-06 2.1818395907757804e-06
8000 2.1047865175205516e-06 2.2175884168973425e-06
9000 2.1435566850414034e-06 2.2466153950517764e-06
10000 1.8951049014503951e-06 2.019858129642671e-06
11000 1.913080268423073e-06 2.014870915445499e-06
12000 1.8148209619539557e-06 1.9104718376183882e-06
13000 1.633963847780251e-06 1.7344021898679784e-06
14000 1.6023794842112693e-06 1.6695543081368669e-06
15000 1.5164044953053235e-06 1.6015245591916027e-06
16000 1.7840303598859464e-06 1.8483978010408464e-06
17000 1.566647824802203e-06 1.6298025684591266e-06
18000 1.5146439409363666e-06 1.5991278132787556e-06
19000 1.414993789694563e-06 1.4864824606775073e-06
20000 1.3298965768626658e-06 1.4239906249713385e-06
21000 1.4391746390174376e-06 1.5291709587472724e-06
22000 1.332459532932262e-06 1.4036737638889463e-06
23000 1.2410446288413368e-06 1.3356531098906999e-06
24000 1.205610942633939e-06 1.299486370953673e-06
25000 1.2632689276870224e-06 1.3682796407010756e-06
26000 1.1477203543108772e-06 1.2428492937033297e-06
27000 1.215223846884328e-06 1.3130558045304497e-06
28000 1.1998176887573209e-06 1.2810579619326745e-06
29000 1.1787130915763555e-06 1.2626828720385674e-06
30000 1.1315034953440772e-06 1.236812522620312e-06
31000 1.09847735529911e-06 1.1807061355284532e-06
32000 9.84672055892588e-07 1.0644719168340089e-06
33000 9.040566055773525e-07 9.736463653098326e-07
34000 9.159142564385547e-07 9.798322935239412e-07
35000 9.774356612979318e-07 1.0490751947145327e-06
36000 9.678378773969598e-07 1.046043280439335e-06
37000 9.803065950109158e-07 1.0553349056863226e-06
38000 9.198845418723067e-07 1.0030747716882615e-06
39000 9.145627473117202e-07 1.0025454457718297e-06
40000 8.633290917714476e-07 9.203806712321239e-07
41000 8.841532803671726e-07 9.582915936334757e-07
42000 9.397788858223066e-07 1.0216785994998645e-06
43000 8.193399025913095e-07 8.859506692715513e-07
44000 7.55547659991862e-07 8.221661573770689e-07
45000 7.999276476766681e-07 8.697687121639319e-07
46000 7.783718842802045e-07 8.460972935608879e-07
47000 7.674675543967169e-07 8.310956900459132e-07
48000 7.7169875112304e-07 8.293109772239404e-07
49000 8.090017900030944e-07 8.917403988562e-07
50000 7.526574563598842e-07 8.239337603299646e-07
51000 7.0532490781261e-07 7.511956710004597e-07
52000 6.970767003622313e-07 7.61354044698237e-07
53000 6.971500852159807e-07 7.538838531218062e-07
54000 6.267162007134175e-07 6.784684956073761e-07
55000 6.847091640338476e-07 7.429924266943999e-07
56000 6.795215199417726e-07 7.446714107572916e-07
57000 6.92511150646169e-07 7.57235113724164e-07
58000 6.910509000590537e-07 7.451901637978153e-07
59000 6.758813242413453e-07 7.393277883238625e-07
60000 6.705820965180465e-07 7.150403575906239e-07
61000 5.864743570782593e-07 6.313991889328463e-07
62000 6.140882646832324e-07 6.718220788570761e-07
63000 5.991484499645594e-07 6.565819035131426e-07
64000 6.900274343024648e-07 7.510929549425782e-07
65000 6.048736622688011e-07 6.613511231989833e-07
66000 6.570334676325729e-07 7.147042424548999e-07
67000 6.589083909602778e-07 7.139793183341681e-07
68000 5.74232046801626e-07 6.311411766546371e-07
69000 5.658716304424161e-07 6.109842161095003e-07
70000 6.335129114631854e-07 6.946627877368883e-07
71000 6.465205615313607e-07 6.966494652260735e-07
72000 5.730446446250426e-07 6.193226909090299e-07
73000 5.516172905117855e-07 6.000910275361093e-07
74000 6.084994765842566e-07 6.611273875023471e-07
75000 5.809772005704872e-07 6.279151989474485e-07
76000 5.730719294660958e-07 6.069706159905763e-07
77000 5.350676133275556e-07 5.828259759255161e-07
78000 5.979633215247304e-07 6.506318186438875e-07
79000 6.255161224544281e-07 6.794315368097159e-07
80000 5.154572022547654e-07 5.590463274529611e-07
81000 5.241043936621281e-07 5.639159894599288e-07
82000 5.359506189961394e-07 5.78308913645742e-07
83000 5.094694870422245e-07 5.478279376802675e-07
84000 5.416951580627938e-07 5.873564532521414e-07
85000 5.125427833263529e-07 5.566258778344491e-07
86000 5.009388814869453e-07 5.507307605512324e-07
87000 5.236642550698889e-07 5.7193204838768e-07
88000 5.050108029536204e-07 5.47291108432546e-07
89000 4.985694204151514e-07 5.448158617582521e-07
90000 5.106084586259385e-07 5.421706532615644e-07
91000 4.840969154429331e-07 5.255017185845645e-07
92000 5.693995035471744e-07 6.267117669267463e-07
93000 4.715545856015524e-07 5.01765157423506e-07
94000 5.018008550905506e-07 5.447968760563526e-07
95000 4.941213660458743e-07 5.312283519742778e-07
96000 4.914912778986036e-07 5.243920213615638e-07
97000 4.491324716582312e-07 4.891062417300418e-07
98000 4.841231202590279e-07 5.268562404125987e-07
99000 4.5440626195158984e-07 4.929577812617936e-07
100000 4.7579115403095784e-07 5.181111077945388e-07
101000 4.7487588972217054e-07 5.167403287487105e-07
102000 4.561631783417397e-07 4.902868226963619e-07
103000 4.56148342209417e-07 5.000696319257258e-07
104000 4.713870680461696e-07 5.057162297816831e-07
105000 4.5507596269089845e-07 4.939767563882924e-07
106000 4.518256844221469e-07 4.853191057918593e-07
107000 4.4086485218031157e-07 4.786882641383272e-07
108000 4.687917680712417e-07 5.142152303960756e-07
109000 4.176885113338358e-07 4.575911702886515e-07
110000 4.457897091469931e-07 4.844207524001831e-07
111000 4.065675511810696e-07 4.437991094619065e-07
112000 4.339152894772269e-07 4.691559638558829e-07
113000 4.1134370576401125e-07 4.410740928051382e-07
114000 4.6309048684634035e-07 5.03022590692126e-07
115000 4.884180953013129e-07 5.299640974953945e-07
116000 3.9740822899148043e-07 4.366051769011392e-07
117000 4.582366841532348e-07 4.937562607665313e-07
118000 4.528965007466468e-07 4.92538617891114e-07
119000 4.2056908000631665e-07 4.6196592506930756e-07
120000 5.348903187041287e-07 5.671536769114027e-07
121000 4.180855341928691e-07 4.433867104580713e-07
122000 4.447447565780749e-07 4.795094241671904e-07
123000 3.8985280070846784e-07 4.245368074862199e-07
124000 3.656883507119346e-07 4.0086365515890066e-07
125000 4.3353335854590114e-07 4.6563437194890867e-07
126000 4.234029518102034e-07 4.5498680378841527e-07
127000 3.744295895558025e-07 4.051448172504024e-07
128000 3.9028805076668505e-07 4.216972513404471e-07
129000 4.0340003693017934e-07 4.354905911441165e-07
130000 4.22619621076592e-07 4.496535268572188e-07
131000 3.782845965361048e-07 4.118105039196962e-07
132000 3.6996425478719175e-07 3.989383685620851e-07
133000 3.976500124736049e-07 4.2576911596370337e-07
134000 4.1681744278321275e-07 4.493101641855901e-07
135000 4.039420673507266e-07 4.421662254117109e-07
136000 3.749254631202348e-07 4.0360063735533913e-07
137000 3.9730551293359895e-07 4.3265933413749735e-07
138000 3.4152188277403184e-07 3.6936805258847016e-07
139000 3.6962978811061475e-07 3.962127550494188e-07
140000 4.232082631006051e-07 4.5732912212770316e-07
141000 3.266108308253024e-07 3.543717923548684e-07
142000 3.5049055213676183e-07 3.777196866394661e-07
143000 3.483384034552728e-07 3.743527372535027e-07
144000 3.8516571976288105e-07 4.0761943864708883e-07
145000 3.6436264849726285e-07 3.962570076510019e-07
146000 4.1167891140503343e-07 4.322328095440753e-07
147000 3.2359483270738565e-07 3.5335563097760314e-07
148000 3.699661590417236e-07 3.92696080098176e-07
149000 3.866435918098432e-07 4.1445258602834656e-07
150000 4.359915806162462e-07 4.5628792122442974e-07
151000 3.3552768741174077e-07 3.6478152765084815e-07
152000 3.4404004622956563e-07 3.7585519407912216e-07
153000 3.490553410756547e-07 3.797129863869486e-07
154000 3.204773406650929e-07 3.4554716421553167e-07
155000 3.6158169791633554e-07 3.957143519528472e-07
156000 3.3975848623413185e-07 3.768801377646014e-07
157000 3.656381295513711e-07 3.8796599710622104e-07
158000 4.594935774093756e-07 4.907375910079281e-07
159000 3.443943796810345e-07 3.6831985994467686e-07
160000 3.701818513945909e-07 3.9219719383254414e-07
161000 3.5442056400825095e-07 3.813927094142855e-07
162000 3.210328713976196e-07 3.502051413306617e-07
163000 3.2323271170753287e-07 3.4626759770617355e-07
164000 3.325839088574867e-07 3.607643748182454e-07
165000 3.7159810517550795e-07 3.974549258600746e-07
166000 3.638716634668526e-07 3.940219812648138e-07
167000 3.8714372863069e-07 4.127391264319158e-07
168000 2.9462302109095617e-07 3.189088886301761e-07
169000 3.478222083685978e-07 3.7665913055207056e-07
170000 3.7037781908111356e-07 3.944183504245302e-07
171000 4.235131143559556e-07 4.5149036509428697e-07
172000 3.371362993220828e-07 3.582268277568801e-07
173000 3.6926130064784957e-07 3.972605213675706e-07
174000 3.8638029309367994e-07 4.1179364984600397e-07
175000 3.2170240160667163e-07 3.4565005080366973e-07
176000 3.338903127314552e-07 3.5970640510640806e-07
177000 3.1942104783411196e-07 3.480360817320616e-07
178000 3.127175318695663e-07 3.3177732916556124e-07
179000 3.6209416975907516e-07 3.898099407706468e-07
180000 3.5904653827856237e-07 3.9049490396791953e-07
181000 3.863503650336497e-07 4.152581425387325e-07
182000 3.546169295987056e-07 3.856017372072529e-07
183000 3.95456140722672e-07 4.129872195335338e-07
184000 3.094023384164757e-07 3.345883214933565e-07
185000 3.105471932940418e-07 3.3753943284864363e-07
186000 3.405323809602123e-07 3.640473096311325e-07
187000 3.4389645975352323e-07 3.7103654904058203e-07
188000 3.3784183983698313e-07 3.662648282443115e-07
189000 3.809366262430558e-07 4.113479405987164e-07
190000 3.1343842010755907e-07 3.3928023412954644e-07
191000 3.2909866831687395e-07 3.539545048170112e-07
192000 3.294504722362035e-07 3.5318464597366983e-07
193000 3.3389963505214837e-07 3.547461062680668e-07
194000 3.5694051803147886e-07 3.7795194884893135e-07
195000 3.154119951886969e-07 3.433848121403571e-07
196000 3.7108648598405125e-07 3.9152450881374534e-07
197000 3.206475298611622e-07 3.4646006952243624e-07
198000 3.2715277598072134e-07 3.5509054896465386e-07
199000 3.088289588504267e-07 3.3005096611304907e-07
200000 3.8294686532935884e-07 4.1517182580719236e-07
201000 3.323442570035695e-07 3.569697923921922e-07
202000 3.5918591834160907e-07 3.844076559289533e-07
203000 2.749017085079686e-07 2.9373859433690086e-07
204000 3.8486609810206573e-07 4.0959571379062254e-07
205000 2.9966858505758864e-07 3.207144629868708e-07
206000 2.871733215670247e-07 3.118258007361874e-07
207000 3.482209365301969e-07 3.814730007434264e-07
208000 3.15140994189278e-07 3.401831918381504e-07
209000 2.888398853428953e-07 3.088697155817499e-07
210000 3.3214837458217517e-07 3.549148459569551e-07
211000 2.900810329720116e-07 3.081254078551865e-07
212000 2.7450195716482995e-07 2.965862222481519e-07
213000 3.315227559141931e-07 3.528274419295485e-07
214000 4.2368617414467735e-07 4.541542750757799e-07
215000 3.432231778788264e-07 3.688257095291192e-07
216000 3.113135562671232e-07 3.383696878245246e-07
217000 3.6881115761389083e-07 3.961181960221438e-07
218000 3.257457592553692e-07 3.5122272379339847e-07
219000 2.7348556841388927e-07 2.936419605248375e-07
220000 3.477468624168978e-07 3.7040976508251333e-07
221000 2.8071977453691943e-07 3.0227369052227004e-07
222000 3.153524801291496e-07 3.378238773166231e-07
223000 2.983667570788384e-07 3.227492584301217e-07
224000 3.7914102790637116e-07 4.086584510787361e-07
225000 2.736570650085923e-07 2.9363707199081546e-07
226000 3.918293884908053e-07 4.182263353413873e-07
227000 3.141134641282406e-07 3.364618805790087e-07
228000 3.8581111994062667e-07 4.1346578427692293e-07
229000 3.4298915352337644e-07 3.663581082946621e-07
230000 2.884221430576872e-07 3.0923430927032314e-07
231000 3.0236108727876854e-07 3.254506282246439e-07
232000 2.9526839284699236e-07 3.182357488640264e-07
233000 2.941934837963345e-07 3.1860739113653835e-07
234000 3.677228335163818e-07 3.872313811825734e-07
235000 3.021224870281003e-07 3.1667096322962607e-07
236000 2.9125604328328336e-07 3.1369586395157967e-07
237000 3.7848656120331725e-07 4.0159943637263495e-07
238000 3.1399721933667024e-07 3.329574553845305e-07
239000 3.0106838266874547e-07 3.265876387104072e-07
240000 2.831397694080806e-07 3.012287095316424e-07
241000 3.476417020920053e-07 3.7146648423913575e-07
242000 3.106874260083714e-07 3.350496342591214e-07
243000 2.564025862739072e-07 2.7898781240764947e-07
244000 3.562497568054823e-07 3.7041456835140707e-07
245000 3.115050901669747e-07 3.3450024261583167e-07
246000 3.5792382391264255e-07 3.831030426226789e-07
247000 2.9463561190823384e-07 3.1518638365923834e-07
248000 2.6152588361583184e-07 2.827376874847687e-07
249000 3.2662478588463273e-07 3.397041155039915e-07
250000 2.747033818195632e-07 2.968567685002199e-07
250000 2.760500592557946e-07 2.987164293699607e-07
