-8.116511702537536621e-01 2.834251821041107178e-01
-7.848637104034423828e-01 -8.021433353424072266e-01
4.553028941154479980e-01 -3.805303201079368591e-02
6.047177910804748535e-01 -2.652449607849121094e-01
-7.851732373237609863e-01 -9.095118641853332520e-01
4.507447481155395508e-01 -6.864036917686462402e-01
-5.971333980560302734e-01 3.799760248512029648e-03
7.824782133102416992e-01 -8.240506649017333984e-01
-1.831330955028533936e-01 6.573701500892639160e-01
-8.863013982772827148e-01 5.793244838714599609e-01
-4.915741384029388428e-01 6.318661570549011230e-01
-3.613731563091278076e-01 2.370899617671966553e-01
-1.215016394853591919e-01 8.085159063339233398e-01
5.923022627830505371e-01 8.957621455192565918e-01
-4.908746778964996338e-01 6.322240829467773438e-01
-3.462785482406616211e-01 -1.374926567077636719e-01
4.190468415617942810e-02 7.397876977920532227e-01
-1.198570206761360168e-01 7.200460433959960938e-01
4.032082259654998779e-01 -6.800625324249267578e-01
-4.942237436771392822e-01 5.933193564414978027e-01
-1.684615612030029297e-01 6.504582762718200684e-01
-7.620511054992675781e-01 -5.359730124473571777e-01
1.277639865875244141e-01 -6.343752741813659668e-01
1.437679529190063477e-01 -6.832956075668334961e-01
6.053954362869262695e-01 -2.670785486698150635e-01
5.283901691436767578e-01 4.781606793403625488e-01
-2.935163378715515137e-01 6.015362963080406189e-02
-3.091877698898315430e-02 -2.478864043951034546e-01
-8.983224630355834961e-01 -7.279816269874572754e-01
5.527559518814086914e-01 -6.539215445518493652e-01
2.485972493886947632e-01 -5.456547737121582031e-01
6.114352941513061523e-01 9.043878316879272461e-01
3.722675442695617676e-01 -6.795403957366943359e-01
5.985023379325866699e-01 -2.750041782855987549e-01
-2.295783311128616333e-01 -6.675387620925903320e-01
-4.423199295997619629e-01 6.362290382385253906e-01
5.900012850761413574e-01 -2.681644260883331299e-01
-8.973495364189147949e-01 -7.279282212257385254e-01
9.856585860252380371e-01 8.991913795471191406e-01
4.766738116741180420e-01 -6.931568980216979980e-01
-1.801610589027404785e-01 6.498062014579772949e-01
-8.982082605361938477e-01 -7.277698516845703125e-01
-5.643500685691833496e-01 4.739549458026885986e-01
-1.820738017559051514e-01 9.802476167678833008e-01
3.957920074462890625e-01 -6.803941130638122559e-01
3.358396291732788086e-01 -4.663194417953491211e-01
-9.843298196792602539e-01 -1.410777568817138672e-01
-2.924233861267566681e-02 9.243728518486022949e-01
3.278050124645233154e-01 -1.122148185968399048e-01
-1.519178897142410278e-01 6.618947386741638184e-01
7.877759337425231934e-01 2.854967713356018066e-01
5.261179804801940918e-01 -2.106783688068389893e-01
7.690044045448303223e-01 4.643455147743225098e-01
8.552609086036682129e-01 9.244198799133300781e-01
6.621367335319519043e-01 7.937379479408264160e-01
6.278016567230224609e-01 -1.632586866617202759e-01
-7.459012866020202637e-01 -8.662537932395935059e-01
-3.250192403793334961e-01 -8.999428153038024902e-01
5.906543731689453125e-01 -2.508698403835296631e-01
-2.016894817352294922e-01 9.512296915054321289e-01
3.595409691333770752e-01 6.652463674545288086e-01
6.439567208290100098e-01 -2.994155883789062500e-01
7.073699831962585449e-01 -7.090904712677001953e-01
3.903077840805053711e-01 -6.806972622871398926e-01
3.625457584857940674e-01 -4.770942926406860352e-01
-4.668820202350616455e-01 1.493661105632781982e-01
2.144089043140411377e-01 -6.583417057991027832e-01
8.179118037223815918e-01 -4.337542355060577393e-01
6.383849978446960449e-01 9.041455388069152832e-01
-3.333953619003295898e-01 7.453805953264236450e-02
-1.997583508491516113e-01 6.445073485374450684e-01
4.514887630939483643e-01 7.738419771194458008e-01
-8.292552232742309570e-01 1.945104151964187622e-01
5.829765796661376953e-01 -6.130822300910949707e-01
-4.848517775535583496e-01 6.438303589820861816e-01
-5.121590495109558105e-01 2.291466742753982544e-01
4.414626359939575195e-01 -1.846097558736801147e-01
-1.986690312623977661e-01 8.535515516996383667e-03
-8.788721561431884766e-01 -7.679944634437561035e-01
-6.858688592910766602e-01 2.501426935195922852e-01
2.409425675868988037e-01 -5.863040685653686523e-01
-3.329203426837921143e-01 7.792129367589950562e-02
4.796597659587860107e-01 -3.928777277469635010e-01
4.846651554107666016e-01 -6.815975904464721680e-01
-8.241028189659118652e-01 3.541924059391021729e-01
2.904824726283550262e-02 -1.647729575634002686e-01
4.604314863681793213e-01 -1.850121468305587769e-01
5.933984518051147461e-01 -2.481021434068679810e-01
-4.288409948348999023e-01 2.065634727478027344e-01
-5.307134389877319336e-01 6.543354988098144531e-01
-5.739245414733886719e-01 -6.466055512428283691e-01
-2.423513978719711304e-01 6.408365368843078613e-01
4.450857341289520264e-01 -4.277304559946060181e-02
1.533198207616806030e-01 7.126677632331848145e-01
5.066190361976623535e-01 -1.924137324094772339e-01
8.202002644538879395e-01 -6.498469114303588867e-01
3.152403533458709717e-01 -6.679321527481079102e-01
-1.889362782239913940e-01 6.022282838821411133e-01
4.975880682468414307e-01 -6.991183161735534668e-01
-8.453081846237182617e-01 -8.264487385749816895e-01
9.292854368686676025e-02 -1.808127462863922119e-01
-5.037642717361450195e-01 6.141371726989746094e-01
1.387826502323150635e-01 9.780692458152770996e-01
-8.949542045593261719e-01 -7.220106124877929688e-01
4.365476667881011963e-01 -1.784904599189758301e-01
1.366247832775115967e-01 -6.695230603218078613e-01
7.989289760589599609e-01 9.129603505134582520e-01
-1.833519041538238525e-01 -3.572461754083633423e-02
5.536604523658752441e-01 -2.265288233757019043e-01
-1.706769019365310669e-01 6.297451853752136230e-01
1.935977935791015625e-01 -6.664841175079345703e-01
-4.461270272731781006e-01 7.248470783233642578e-01
-8.070838451385498047e-01 -7.141896486282348633e-01
3.406148254871368408e-01 -6.740161776542663574e-01
-4.882197678089141846e-01 1.590448915958404541e-01
5.953175425529479980e-01 8.977671861648559570e-01
-4.942304491996765137e-01 4.759494960308074951e-01
5.349785089492797852e-01 -7.159652709960937500e-01
1.231162622570991516e-02 8.376529812812805176e-01
9.313915967941284180e-01 9.118643999099731445e-01
3.565188050270080566e-01 -6.775549054145812988e-01
-8.297744393348693848e-01 -7.950946688652038574e-01
-4.223122596740722656e-01 1.079529449343681335e-01
5.903129577636718750e-01 -2.648000121116638184e-01
-6.816058158874511719e-01 7.137121260166168213e-02
-8.545754551887512207e-01 5.880599021911621094e-01
5.322643518447875977e-01 8.535968661308288574e-01
3.827768266201019287e-01 6.834860444068908691e-01
5.290641784667968750e-01 -2.208876907825469971e-01
1.716810017824172974e-01 -2.007746398448944092e-01
4.242773950099945068e-01 3.384999930858612061e-01
3.677087724208831787e-01 2.750262618064880371e-02
6.007651090621948242e-01 -2.772881984710693359e-01
9.239679202437400818e-03 9.199739098548889160e-01
-4.865326285362243652e-01 6.284438967704772949e-01
6.402692198753356934e-01 7.984430193901062012e-01
-4.066362082958221436e-01 9.554542601108551025e-02
-8.223575353622436523e-01 -8.267405629158020020e-01
3.849220275878906250e-01 -1.100598424673080444e-01
5.646516084671020508e-01 7.946210503578186035e-01
-1.006078496575355530e-01 -7.347332686185836792e-02
-8.595855236053466797e-01 8.909530937671661377e-02
6.032451987266540527e-01 -2.692813575267791748e-01
-9.803532361984252930e-01 9.307476878166198730e-02
-7.498595714569091797e-01 -2.002963721752166748e-01
-9.812079071998596191e-01 1.232030913233757019e-01
-1.619625091552734375e-01 6.635389924049377441e-01
-2.307297736406326294e-01 6.242284178733825684e-01
3.533109128475189209e-01 -5.297702550888061523e-02
-2.910144627094268799e-01 -7.776739001274108887e-01
-3.397588431835174561e-01 5.775104835629463196e-02
1.803458482027053833e-01 -1.261077374219894409e-01
6.926890015602111816e-01 -5.908641219139099121e-01
1.075150892138481140e-01 7.366055250167846680e-01
-4.880419373512268066e-01 5.728543996810913086e-01
-3.251231312751770020e-01 7.114992290735244751e-02
-1.579783260822296143e-01 6.659967303276062012e-01
6.950820088386535645e-01 -3.568459153175354004e-01
5.904396772384643555e-01 -2.645214498043060303e-01
-1.728319078683853149e-01 1.894578039646148682e-01
-6.425077915191650391e-01 2.032956779003143311e-01
2.817918360233306885e-01 -6.649748682975769043e-01
4.314725995063781738e-01 -6.834501028060913086e-01
-4.304970204830169678e-01 3.590802252292633057e-01
4.322036206722259521e-01 2.762388885021209717e-01
5.816234946250915527e-01 8.885613679885864258e-01
3.393945991992950439e-01 -6.735212802886962891e-01
-1.331021636724472046e-01 -5.840900540351867676e-01
-9.800316095352172852e-01 1.338662803173065186e-01
-1.391060836613178253e-02 8.401847481727600098e-01
-1.549643576145172119e-01 6.531185507774353027e-01
-8.943662047386169434e-01 2.813007868826389313e-02
2.521950602531433105e-01 -5.630860328674316406e-01
2.916373908519744873e-01 -7.062400877475738525e-02
9.495735764503479004e-01 8.887677192687988281e-01
-8.956666588783264160e-01 -7.364602088928222656e-01
1.374616175889968872e-01 -6.168037056922912598e-01
-1.422901451587677002e-01 -7.845514267683029175e-02
2.914713323116302490e-01 -6.840334832668304443e-02
4.820796847343444824e-01 7.995475530624389648e-01
-5.676128268241882324e-01 -9.601449370384216309e-01
-6.581637263298034668e-01 2.211925089359283447e-01
-5.570792555809020996e-01 3.142374334856867790e-03
-9.721567034721374512e-01 1.426722258329391479e-01
2.776214480400085449e-01 3.706004917621612549e-01
-6.483642458915710449e-01 2.222668230533599854e-01
-8.976188302040100098e-01 -7.296450138092041016e-01
4.854309260845184326e-01 2.203241549432277679e-02
6.356438994407653809e-01 9.900894016027450562e-02
-4.778515100479125977e-01 6.441517472267150879e-01
-4.944408535957336426e-01 -9.503232240676879883e-01
6.302803158760070801e-01 -2.500635981559753418e-01
6.276267766952514648e-01 8.973507881164550781e-01
-3.348602056503295898e-01 -5.350772142410278320e-01
-7.498893737792968750e-01 2.974804639816284180e-01
2.242990583181381226e-01 -5.975371599197387695e-01
-8.974571824073791504e-01 -7.297319173812866211e-01
-2.972987890243530273e-01 -7.557471394538879395e-01
-4.827755093574523926e-01 6.350603699684143066e-01
5.942340493202209473e-01 -2.771373689174652100e-01
-6.320078969001770020e-01 7.002944350242614746e-01
8.128095418214797974e-02 -2.679713964462280273e-01
7.184333205223083496e-01 -1.787557899951934814e-01
-3.521825373172760010e-01 -3.831405937671661377e-02
-8.787640333175659180e-01 2.733214497566223145e-01
3.543537855148315430e-01 -6.726824641227722168e-01
6.091341376304626465e-01 9.049865007400512695e-01
5.368050932884216309e-01 6.106206178665161133e-01
9.005829095840454102e-01 -6.278321146965026855e-01
-1.198139190673828125e-01 6.988672018051147461e-01
-2.747733294963836670e-01 -6.368434429168701172e-01
-1.585747003555297852e-01 6.620997786521911621e-01
6.363832354545593262e-01 9.042341709136962891e-01
-7.605416178703308105e-01 9.478187561035156250e-02
-1.533043384552001953e-01 6.768990755081176758e-01
-8.629709482192993164e-01 -7.178364396095275879e-01
-2.275218069553375244e-01 9.194217324256896973e-01
4.849396646022796631e-01 -3.522091507911682129e-01
-1.747098416090011597e-01 6.587533354759216309e-01
3.024963438510894775e-01 -4.105247557163238525e-01
6.475818753242492676e-01 -6.146081089973449707e-01
-7.718154788017272949e-01 6.516658067703247070e-01
3.698834478855133057e-01 -6.806983947753906250e-01
-1.814401000738143921e-01 -1.533359941095113754e-02
2.598326802253723145e-01 1.129858009517192841e-02
4.134512245655059814e-01 -1.441958248615264893e-01
-8.678047060966491699e-01 -7.871091961860656738e-01
-6.666803956031799316e-01 2.444120645523071289e-01
-5.642119050025939941e-01 9.801002144813537598e-01
3.766490891575813293e-02 8.054638504981994629e-01
-1.539113838225603104e-02 8.061963319778442383e-01
-1.887336671352386475e-01 6.626488566398620605e-01
3.194885551929473877e-01 1.622654050588607788e-01
-8.961019515991210938e-01 -7.305080294609069824e-01
6.099023818969726562e-01 -7.259604930877685547e-01
-3.604961335659027100e-01 1.007604524493217468e-01
5.159111618995666504e-01 9.439918398857116699e-01
3.131841421127319336e-01 -9.269998222589492798e-02
2.292708866298198700e-02 -1.466456353664398193e-01
-4.008438587188720703e-01 6.326039433479309082e-01
4.032179415225982666e-01 -6.466885805130004883e-01
3.822207748889923096e-01 -6.798284649848937988e-01
-4.626205861568450928e-01 6.554238796234130859e-01
5.905790925025939941e-01 -2.725406885147094727e-01
-2.537944018840789795e-01 4.702968001365661621e-01
-5.968578457832336426e-01 -8.063482642173767090e-01
4.821619689464569092e-01 7.608683109283447266e-01
5.666858553886413574e-01 8.823419809341430664e-01
6.480895280838012695e-01 5.936802625656127930e-01
-1.566146463155746460e-01 6.566715836524963379e-01
1.419364959001541138e-01 -6.662756800651550293e-01
1.224840357899665833e-01 -1.876470297574996948e-01
1.870696097612380981e-01 -6.309107542037963867e-01
1.994357705116271973e-01 -1.307730376720428467e-01
7.072156071662902832e-01 -1.797874458134174347e-02
2.055005170404911041e-02 1.789389997720718384e-01
-6.830880641937255859e-01 6.313896179199218750e-02
-5.660766959190368652e-01 6.971925497055053711e-02
8.186659216880798340e-01 7.341477274894714355e-01
4.476086199283599854e-01 -1.632656455039978027e-01
1.337958127260208130e-01 -6.493421196937561035e-01
-3.414666652679443359e-01 -8.452463746070861816e-01
-5.441057085990905762e-01 -9.604413509368896484e-01
2.562358379364013672e-01 -4.427006542682647705e-01
4.295995831489562988e-01 -2.126489281654357910e-01
-3.085865080356597900e-01 9.244209527969360352e-02
-5.250328779220581055e-02 8.193984627723693848e-01
2.800855338573455811e-01 -6.646781563758850098e-01
-8.101654052734375000e-01 -5.492416620254516602e-01
1.820834577083587646e-01 -6.789380908012390137e-01
7.228434681892395020e-01 -4.813249707221984863e-01
1.294180378317832947e-02 8.053152561187744141e-01
-9.086081981658935547e-01 1.669020056724548340e-01
3.499434292316436768e-01 -6.701771616935729980e-01
7.421746850013732910e-01 -4.515165984630584717e-01
3.911840021610260010e-01 -1.293562650680541992e-01
-1.855862736701965332e-01 -1.374435797333717346e-02
2.419932782649993896e-01 -1.137330755591392517e-01
-7.194439768791198730e-01 1.981769949197769165e-01
9.761480689048767090e-01 7.612149119377136230e-01
-7.298787832260131836e-01 2.434244751930236816e-01
1.693839132785797119e-01 -1.275021135807037354e-01
-4.774182140827178955e-01 6.320453882217407227e-01
-5.593259930610656738e-01 -9.624931216239929199e-01
-5.089967846870422363e-01 -9.552816748619079590e-01
-5.041326284408569336e-01 -9.577001929283142090e-01
-8.973847031593322754e-01 -7.302079796791076660e-01
9.142548441886901855e-01 9.235414266586303711e-01
9.854080677032470703e-01 9.005214571952819824e-01
-1.716731935739517212e-01 7.694022059440612793e-01
-3.335005044937133789e-01 7.344941049814224243e-02
2.222305834293365479e-01 -6.651768088340759277e-01
3.551547825336456299e-01 -1.098115593194961548e-01
3.796481490135192871e-01 -6.810612678527832031e-01
-5.582686066627502441e-01 -9.603137373924255371e-01
4.128815531730651855e-01 -6.111007332801818848e-01
-2.017914205789566040e-01 9.193831682205200195e-01
-1.425183862447738647e-01 7.570207118988037109e-01
-4.894126355648040771e-01 1.661105602979660034e-01
-8.743706345558166504e-01 2.891058027744293213e-01
-8.869209885597229004e-01 -7.255131006240844727e-01
5.601459741592407227e-01 -2.254367172718048096e-01
-8.350583314895629883e-01 -7.645812630653381348e-01
3.706187009811401367e-01 -6.750943064689636230e-01
-3.138678669929504395e-01 7.499260455369949341e-02
-4.431014358997344971e-01 1.334052085876464844e-01
9.897979497909545898e-01 -5.046502947807312012e-01
-7.794047594070434570e-01 -3.972006738185882568e-01
3.700172007083892822e-01 -6.805510520935058594e-01
-5.439144372940063477e-01 -9.532137513160705566e-01
-2.529111504554748535e-01 8.729444146156311035e-01
4.192912280559539795e-01 5.225126743316650391e-01
6.742151379585266113e-01 -5.954006314277648926e-01
5.738123059272766113e-01 8.846538066864013672e-01
6.478620171546936035e-01 8.875608444213867188e-01
-9.133585095405578613e-01 2.409984171390533447e-01
-1.736556291580200195e-01 6.251800060272216797e-01
6.984550356864929199e-01 -7.584957480430603027e-01
3.849715292453765869e-01 -6.576552391052246094e-01
4.410010278224945068e-01 1.210640743374824524e-01
8.324689865112304688e-01 4.949938058853149414e-01
-9.069705605506896973e-01 6.989159435033798218e-02
1.516290307044982910e-01 -6.826472282409667969e-01
1.749948710203170776e-01 -1.232080906629562378e-01
-4.974440336227416992e-01 1.620859056711196899e-01
-3.123290538787841797e-01 6.997127085924148560e-02
-9.765669703483581543e-01 1.396419405937194824e-01
-1.414750367403030396e-01 -7.338505983352661133e-02
4.935296177864074707e-01 -6.989851593971252441e-01
-4.665741920471191406e-01 1.658137291669845581e-01
-1.111034601926803589e-01 7.035096883773803711e-01
-6.845849752426147461e-01 2.589600086212158203e-01
1.715155988931655884e-01 -1.563533544540405273e-01
-3.866194486618041992e-01 1.450109779834747314e-01
3.716998696327209473e-01 -1.291227489709854126e-01
9.584795236587524414e-01 -5.359805226325988770e-01
-1.836635321378707886e-01 9.129759073257446289e-01
4.629954397678375244e-01 3.921213001012802124e-02
5.768581628799438477e-01 -2.449340075254440308e-01
3.181437030434608459e-02 -1.594787687063217163e-01
4.257799983024597168e-01 -7.503635436296463013e-02
-4.843748211860656738e-01 6.344416141510009766e-01
4.885730743408203125e-01 -6.949433088302612305e-01
-4.610893130302429199e-01 -9.440284967422485352e-01
6.104664802551269531e-01 -2.883919477462768555e-01
5.909110307693481445e-01 8.944069147109985352e-01
-5.085207223892211914e-01 5.968322753906250000e-01
-4.780575931072235107e-01 1.597097069025039673e-01
7.075186371803283691e-01 6.314390152692794800e-02
-8.897361159324645996e-01 -2.714323066174983978e-02
-7.280166149139404297e-01 -1.451070904731750488e-01
-7.585613727569580078e-01 -1.523426026105880737e-01
-4.417363107204437256e-01 -7.659118175506591797e-01
1.751076877117156982e-01 -1.229919940233230591e-01
-4.162152409553527832e-01 3.219377696514129639e-01
1.899379640817642212e-01 -6.266928911209106445e-01
2.860858440399169922e-01 2.466858178377151489e-01
-2.754627466201782227e-01 8.278309702873229980e-01
4.369141757488250732e-01 -6.800732016563415527e-01
1.583855897188186646e-01 -3.497172892093658447e-01
-2.120955735445022583e-01 8.720830082893371582e-01
6.160894036293029785e-01 8.923548460006713867e-01
-4.891517758369445801e-01 6.332504153251647949e-01
-9.815121293067932129e-01 2.033811211585998535e-01
-8.902264237403869629e-01 -7.353734374046325684e-01
-3.950649499893188477e-01 2.529832422733306885e-01
-8.304923772811889648e-01 5.050942301750183105e-01
6.311345696449279785e-01 9.045670032501220703e-01
-4.491589963436126709e-01 3.727389574050903320e-01
-8.979917168617248535e-01 -7.287731766700744629e-01
-4.159883260726928711e-01 1.223634630441665649e-01
-8.872303962707519531e-01 -7.198046445846557617e-01
-1.887241005897521973e-01 8.631587028503417969e-01
3.219429254531860352e-01 -6.697574853897094727e-01
4.981760680675506592e-01 -2.636437714099884033e-01
4.727766811847686768e-01 -1.485099941492080688e-01
4.015655815601348877e-01 2.039626799523830414e-02
-8.096255064010620117e-01 2.734466791152954102e-01
-9.014652967453002930e-01 -6.859717369079589844e-01
-7.315917611122131348e-01 2.861602306365966797e-01
1.755235046148300171e-01 -1.166280657052993774e-01
-8.968764543533325195e-01 -7.281863689422607422e-01
1.864758133888244629e-01 -1.478389203548431396e-01
-9.918669462203979492e-01 -1.094359345734119415e-02
4.114409536123275757e-02 2.359466552734375000e-01
-4.808104634284973145e-01 4.565882086753845215e-01
6.624103784561157227e-01 9.032138586044311523e-01
4.570540487766265869e-01 -1.024181172251701355e-01
3.350656926631927490e-01 -4.723010584712028503e-02
-2.002208083868026733e-01 6.395874023437500000e-01
4.384212195873260498e-01 -1.126307025551795959e-01
-5.322486758232116699e-01 -2.940192520618438721e-01
-1.555913984775543213e-01 6.675635576248168945e-01
-7.780923843383789062e-01 -8.946552276611328125e-01
-1.885523349046707153e-01 6.526894569396972656e-01
-8.963741064071655273e-01 -7.314763665199279785e-01
4.764545559883117676e-01 -2.154067754745483398e-01
3.065875172615051270e-01 9.638591408729553223e-01
7.015528082847595215e-01 8.925207257270812988e-01
4.615149199962615967e-01 7.856106162071228027e-01
-4.326516687870025635e-01 6.969182491302490234e-01
-1.724092960357666016e-01 -2.729542925953865051e-02
-8.438233733177185059e-01 3.292266130447387695e-01
1.351166516542434692e-01 7.403752207756042480e-01
5.138267874717712402e-01 -1.675440371036529541e-01
-5.051733255386352539e-01 1.637300997972488403e-01
6.335856318473815918e-01 -1.905028969049453735e-01
-1.599151939153671265e-01 6.448050141334533691e-01
3.774713873863220215e-01 5.923009514808654785e-01
-6.585426926612854004e-01 -7.673895359039306641e-01
8.232585787773132324e-01 8.421649932861328125e-01
2.040778547525405884e-01 7.365521192550659180e-01
3.657830357551574707e-01 -6.798595786094665527e-01
3.955451250076293945e-01 -1.462738513946533203e-01
-9.802886843681335449e-01 1.350122243165969849e-01
-7.701891064643859863e-01 2.655400335788726807e-01
6.594243049621582031e-01 -6.571316123008728027e-01
7.039971947669982910e-01 -3.148690462112426758e-01
3.981750011444091797e-01 -6.746202111244201660e-01
-9.164769649505615234e-01 2.724585831165313721e-01
3.732472360134124756e-01 -6.808801293373107910e-01
-4.919590353965759277e-01 1.645909845829010010e-01
-9.101303219795227051e-01 -1.162049081176519394e-02
-5.624387860298156738e-01 -9.614757895469665527e-01
-5.012826323509216309e-01 2.197106480598449707e-01
6.034326553344726562e-01 -2.766713500022888184e-01
6.899933218955993652e-01 2.499967068433761597e-01
-9.823599457740783691e-01 6.045037508010864258e-02
-4.972176551818847656e-01 2.023794054985046387e-01
7.893401980400085449e-01 -2.556634545326232910e-01
6.086317300796508789e-01 9.043267965316772461e-01
3.308986127376556396e-01 -6.715331673622131348e-01
-5.879008769989013672e-01 3.076945543289184570e-01
-6.736771017313003540e-02 9.639475345611572266e-01
7.356516718864440918e-01 -5.666176676750183105e-01
5.279219150543212891e-01 -7.053844332695007324e-01
-8.609989285469055176e-01 -5.478368997573852539e-01
-8.946517705917358398e-01 -7.357922196388244629e-01
5.864764451980590820e-01 7.121348977088928223e-01
7.580741643905639648e-01 -3.083646595478057861e-01
-6.959998607635498047e-01 2.581618726253509521e-01
4.900404810905456543e-01 -1.496123075485229492e-01
-2.355224490165710449e-01 -6.928344070911407471e-02
-9.119098186492919922e-01 6.109172105789184570e-01
-1.587716042995452881e-01 6.550723314285278320e-01
-3.518984317779541016e-01 6.372615694999694824e-01
2.547886669635772705e-01 8.209304213523864746e-01
1.992141902446746826e-01 -6.716383695602416992e-01
-2.441706359386444092e-01 1.665322035551071167e-01
-5.000401139259338379e-01 1.832321435213088989e-01
-5.151591897010803223e-01 -9.200513362884521484e-01
3.093380630016326904e-01 -6.632107496261596680e-01
-8.983094692230224609e-01 -7.279713749885559082e-01
-4.913593828678131104e-01 6.315352916717529297e-01
6.109423637390136719e-01 8.838539123535156250e-01
-1.186392009258270264e-01 -8.807700276374816895e-01
5.353548526763916016e-01 8.221660256385803223e-01
5.008641481399536133e-01 -6.994680166244506836e-01
-8.998197913169860840e-01 2.732246518135070801e-01
1.938453018665313721e-01 -1.037237197160720825e-01
-8.957517892122268677e-02 7.687042355537414551e-01
8.145403265953063965e-01 9.122384190559387207e-01
6.745531558990478516e-01 -7.516800761222839355e-01
-4.940490126609802246e-01 6.266996264457702637e-01
-3.289988636970520020e-01 7.140671461820602417e-02
4.866427555680274963e-02 -1.594592779874801636e-01
5.146551728248596191e-01 8.023597598075866699e-01
-3.286067247390747070e-01 7.138422876596450806e-02
3.629909157752990723e-01 -1.197691261768341064e-01
-6.803388595581054688e-01 2.432031035423278809e-01
-1.833766400814056396e-01 6.344495415687561035e-01
4.770688712596893311e-01 -6.933332681655883789e-01
4.314233958721160889e-01 -1.550046056509017944e-01
5.636585354804992676e-01 -8.424247801303863525e-02
3.584822118282318115e-01 -6.677668690681457520e-01
2.353543639183044434e-01 7.534137368202209473e-01
7.102569341659545898e-01 -4.608139097690582275e-01
-6.514235138893127441e-01 -9.485198855400085449e-01
6.140868663787841797e-01 -2.157416492700576782e-01
-3.578526079654693604e-01 1.789832604117691517e-04
-2.096077650785446167e-01 -6.285116672515869141e-01
4.801451563835144043e-01 -1.714614778757095337e-01
-2.834089398384094238e-01 3.514927327632904053e-01
3.771699666976928711e-01 -6.601772904396057129e-01
1.314569562673568726e-01 -2.051753252744674683e-01
-4.789259731769561768e-01 6.375226378440856934e-01
-3.475203216075897217e-01 3.548236489295959473e-01
5.140998959541320801e-01 -1.596963554620742798e-01
-3.085178732872009277e-01 -5.444911718368530273e-01
5.978712439537048340e-01 8.996509909629821777e-01
1.748510003089904785e-01 -1.246639490127563477e-01
-8.968709111213684082e-01 -7.287206053733825684e-01
3.030703067779541016e-01 -1.198110431432723999e-01
-3.249171972274780273e-01 7.905680537223815918e-01
-5.638130307197570801e-01 2.395816743373870850e-01
-9.452235698699951172e-01 6.852904558181762695e-01
-3.303046822547912598e-01 5.957424044609069824e-01
-1.581222563982009888e-01 6.486476063728332520e-01
-4.936441183090209961e-01 6.285609602928161621e-01
5.872386097908020020e-01 -4.794546663761138916e-01
4.384988248348236084e-01 -1.794930100440979004e-01
5.135524868965148926e-01 9.058222770690917969e-01
2.450857609510421753e-01 -6.611112356185913086e-01
4.147228002548217773e-01 -3.356438502669334412e-02
-1.618295162916183472e-01 6.508880257606506348e-01
-4.875118434429168701e-01 6.270838379859924316e-01
-8.999269604682922363e-01 -7.207324504852294922e-01
6.965118646621704102e-01 -5.406612753868103027e-01
-6.007866263389587402e-01 -9.572343230247497559e-01
-7.546125650405883789e-01 1.527568548917770386e-01
5.199380517005920410e-01 8.444798588752746582e-01
8.717276453971862793e-01 -6.575508117675781250e-01
-6.371152400970458984e-01 -8.560970425605773926e-01
-5.361866950988769531e-01 3.028344810009002686e-01
1.865485608577728271e-01 -6.666378378868103027e-01
9.091091156005859375e-01 8.774429559707641602e-01
-3.583652973175048828e-01 8.808009326457977295e-02
-9.740003943443298340e-01 1.045797169208526611e-01
-9.596710205078125000e-01 -7.080683112144470215e-02
4.843468070030212402e-01 8.137533664703369141e-01
1.775138825178146362e-01 -1.232983618974685669e-01
7.038184404373168945e-01 -3.743935823440551758e-01
3.070473372936248779e-01 -1.163994893431663513e-01
-9.801021218299865723e-01 1.291197240352630615e-01
-1.456586122512817383e-01 8.489287495613098145e-01
-8.963444828987121582e-01 -7.332385778427124023e-01
-8.723304271697998047e-01 -7.789773344993591309e-01
-9.079641103744506836e-01 1.585916578769683838e-01
-5.868267416954040527e-01 -9.602134227752685547e-01
-5.069724321365356445e-01 6.279465556144714355e-01
-5.642632246017456055e-01 -9.480602741241455078e-01
5.099063515663146973e-01 8.375853896141052246e-01
-9.642506241798400879e-01 1.335721462965011597e-01
3.396143317222595215e-01 -1.136569157242774963e-01
-5.945061445236206055e-01 -9.591186642646789551e-01
-8.845742344856262207e-01 -1.790842600166797638e-02
-4.452881217002868652e-01 -1.016540154814720154e-01
1.916871964931488037e-01 -1.249158456921577454e-01
-3.748886287212371826e-01 2.380649596452713013e-01
3.911095261573791504e-01 -7.668220996856689453e-02
-8.475463390350341797e-01 -8.220729827880859375e-01
-9.606798291206359863e-01 1.705712676048278809e-01
-1.612020581960678101e-01 6.505014300346374512e-01
-4.221405982971191406e-01 -9.119033217430114746e-01
-8.977984189987182617e-01 -7.275527119636535645e-01
-5.517311394214630127e-03 7.380166649818420410e-01
2.166630029678344727e-01 -6.172738671302795410e-01
-8.979345560073852539e-01 -7.286768555641174316e-01
3.676798939704895020e-01 4.687099158763885498e-01
7.430275678634643555e-01 2.664984464645385742e-01
-5.894119739532470703e-01 -8.786509037017822266e-01
6.096019148826599121e-01 2.617238163948059082e-01
-8.839513063430786133e-01 -7.577106356620788574e-01
2.217916995286941528e-01 -1.343614757061004639e-01
-3.546005487442016602e-01 9.178413748741149902e-01
-1.174881458282470703e-01 8.229743242263793945e-01
-3.782128393650054932e-01 -8.976257443428039551e-01
-9.440178275108337402e-01 1.125198751688003540e-01
6.073004007339477539e-01 -2.802834212779998779e-01
-4.828555881977081299e-01 6.339136958122253418e-01
4.802459478378295898e-01 -1.426664441823959351e-01
4.671404361724853516e-01 9.636562466621398926e-01
1.717627048492431641e-01 7.156226634979248047e-01
6.558289527893066406e-01 9.028559923171997070e-01
-5.588625669479370117e-01 -9.618120789527893066e-01
6.564481258392333984e-01 -7.434564232826232910e-01
-2.829495072364807129e-01 -4.709573984146118164e-01
6.198980808258056641e-01 9.054523110389709473e-01
4.957055151462554932e-01 -1.770283430814743042e-01
-1.812657266855239868e-01 6.544718146324157715e-01
4.314586818218231201e-01 -6.436097621917724609e-01
1.808149814605712891e-01 -1.252776086330413818e-01
-1.390078216791152954e-01 7.289723753929138184e-01
4.853169023990631104e-01 8.096061348915100098e-01
-9.388706684112548828e-01 2.620646357536315918e-01
-3.219898641109466553e-01 -7.868277430534362793e-01
3.055620491504669189e-01 -6.669508814811706543e-01
4.663355946540832520e-01 7.424987554550170898e-01
3.402687013149261475e-01 -6.477679014205932617e-01
4.324257373809814453e-01 -3.981520235538482666e-01
3.910617530345916748e-01 -6.784532666206359863e-01
-1.649017184972763062e-01 6.907316446304321289e-01
4.320355951786041260e-01 -3.038338124752044678e-01
-1.549222320318222046e-01 6.558984518051147461e-01
5.184392333030700684e-01 2.131939977407455444e-01
6.191648244857788086e-01 -2.710938751697540283e-01
3.555231392383575439e-01 -1.062480658292770386e-01
3.715770542621612549e-01 -6.808317899703979492e-01
-4.771964848041534424e-01 1.580557525157928467e-01
1.699684411287307739e-01 -1.734140366315841675e-01
-8.981355428695678711e-01 -7.178406119346618652e-01
3.874167799949645996e-01 -6.562826782464981079e-02
2.974328100681304932e-01 -6.494065523147583008e-01
-1.692382395267486572e-01 6.431012749671936035e-01
9.254586100578308105e-01 3.418952599167823792e-02
4.609666466712951660e-01 -1.502535492181777954e-01
6.692274808883666992e-01 8.789036273956298828e-01
-1.341126412153244019e-01 8.404651880264282227e-01
5.838803052902221680e-01 8.924130797386169434e-01
1.377745121717453003e-01 -6.590742468833923340e-01
3.766887485980987549e-01 -2.378334552049636841e-01
8.394487500190734863e-01 -4.001642465591430664e-01
-9.753365516662597656e-01 1.425745934247970581e-01
-5.863221883773803711e-01 -9.602839350700378418e-01
-6.718191504478454590e-01 2.431239634752273560e-01
6.138362288475036621e-01 9.062936305999755859e-01
7.864810228347778320e-01 8.959972262382507324e-01
7.647200226783752441e-01 8.570935726165771484e-01
2.854498922824859619e-01 -6.556798815727233887e-01
7.051531076431274414e-01 -7.674934267997741699e-01
-6.884914040565490723e-01 3.402310311794281006e-01
4.633792340755462646e-01 -4.902696609497070312e-01
1.846383959054946899e-01 -1.301677823066711426e-01
7.667561769485473633e-01 5.040732622146606445e-01
4.627224802970886230e-01 -1.882912665605545044e-01
-9.576115608215332031e-01 4.801345169544219971e-01
1.945823282003402710e-01 -6.643105745315551758e-01
-9.504137039184570312e-01 5.444303750991821289e-01
8.471601605415344238e-01 -8.104095458984375000e-01
-5.061270594596862793e-01 5.542969703674316406e-01
2.689035534858703613e-01 -6.647754311561584473e-01
5.001035928726196289e-01 8.301920294761657715e-01
1.775860488414764404e-01 -6.609480977058410645e-01
7.722001671791076660e-01 -4.026141166687011719e-01
2.041445374488830566e-01 -5.158330798149108887e-01
1.543173044919967651e-01 8.523758649826049805e-01
-9.711068868637084961e-01 1.524183452129364014e-01
3.760107755661010742e-01 -6.388266086578369141e-01
6.494284868240356445e-01 -3.099151253700256348e-01
-9.038680791854858398e-01 -6.795991659164428711e-01
-4.944384694099426270e-01 6.325566768646240234e-01
3.541383445262908936e-01 -6.760358065366744995e-02
4.470673501491546631e-01 -1.358909755945205688e-01
9.788793921470642090e-01 6.442862153053283691e-01
-3.083539605140686035e-01 6.623531132936477661e-02
-3.414626792073249817e-02 -7.757413387298583984e-01
-7.937954068183898926e-01 -8.873457908630371094e-01
-3.503223061561584473e-01 7.701854407787322998e-02
-9.812098145484924316e-01 1.329727619886398315e-01
4.481543004512786865e-01 -3.770420327782630920e-02
-4.792751073837280273e-01 6.343642473220825195e-01
1.835648715496063232e-01 -1.307926476001739502e-01
2.780733704566955566e-01 -6.028461828827857971e-02
9.677085280418395996e-01 -6.611784696578979492e-01
-5.685144066810607910e-01 -9.581051468849182129e-01
6.178407669067382812e-01 9.060822129249572754e-01
-4.947260916233062744e-01 5.719037652015686035e-01
-1.634216308593750000e-01 -2.560320794582366943e-01
9.325553774833679199e-01 1.845611333847045898e-01
-9.314651489257812500e-01 1.083117052912712097e-01
-3.542304039001464844e-01 6.570097059011459351e-02
-8.448359370231628418e-01 3.394367694854736328e-01
4.666713476181030273e-01 7.489399909973144531e-01
4.767405986785888672e-01 -1.259122490882873535e-01
3.263887465000152588e-01 -5.644888281822204590e-01
-1.774875968694686890e-01 6.585519909858703613e-01
6.021221280097961426e-01 9.015730619430541992e-01
-1.526850042864680290e-03 -5.977385044097900391e-01
-6.874796152114868164e-01 -9.388740062713623047e-01
-5.019998550415039062e-01 5.834893584251403809e-01
-5.210953354835510254e-01 5.792189240455627441e-01
6.509755253791809082e-01 9.037086963653564453e-01
5.919880270957946777e-01 -2.668864727020263672e-01
-7.254737019538879395e-01 2.618654668331146240e-01
3.213063180446624756e-01 -1.043443530797958374e-01
7.826856374740600586e-01 9.097316861152648926e-01
1.875446140766143799e-01 -1.250073313713073730e-01
-3.475404977798461914e-01 -7.872928977012634277e-01
-9.580296874046325684e-01 1.720543205738067627e-01
8.170117735862731934e-01 -1.452746838331222534e-01
-1.434690058231353760e-01 6.701341271400451660e-01
-3.704315125942230225e-01 -3.670882433652877808e-02
-6.670032143592834473e-01 2.678343057632446289e-01
-8.736220002174377441e-01 -7.765778303146362305e-01
-1.768127977848052979e-01 8.967150449752807617e-01
-7.530429363250732422e-01 1.250461637973785400e-01
-7.373342514038085938e-01 2.027131319046020508e-01
6.187356114387512207e-01 8.657421469688415527e-01
5.963363051414489746e-01 8.701336979866027832e-01
4.544260501861572266e-01 -3.702302649617195129e-02
-1.807813048362731934e-01 6.284337639808654785e-01
1.335858106613159180e-01 -6.770491003990173340e-01
-7.589192390441894531e-01 -6.920984983444213867e-01
1.821584850549697876e-01 7.011123895645141602e-01
-2.498639076948165894e-01 4.578408002853393555e-01
-3.130213916301727295e-01 8.641865104436874390e-02
-9.533545970916748047e-01 1.098880469799041748e-01
1.313341557979583740e-01 -1.281487941741943359e-01
4.939680993556976318e-01 -1.644570976495742798e-01
2.872856855392456055e-01 -6.589365601539611816e-01
1.748525947332382202e-01 -1.230744272470474243e-01
-5.672779083251953125e-01 -9.617656469345092773e-01
-3.463875353336334229e-01 5.900263786315917969e-02
3.770473599433898926e-01 -2.491029798984527588e-01
9.391933679580688477e-01 1.297901719808578491e-01
-1.323209404945373535e-01 8.370277285575866699e-01
7.079350948333740234e-01 -3.817652165889739990e-01
-2.734230160713195801e-01 7.909784317016601562e-01
4.987827837467193604e-01 -1.212367266416549683e-01
-7.384203076362609863e-01 7.810288071632385254e-01
-4.525726288557052612e-02 -6.450791358947753906e-01
5.253576040267944336e-01 -1.836226582527160645e-01
7.104586958885192871e-01 -5.719502568244934082e-01
-6.119673252105712891e-01 4.364467561244964600e-01
-1.696818135678768158e-02 -7.600364089012145996e-01
-7.559165358543395996e-01 -7.126890420913696289e-01
-8.961458802223205566e-01 -7.297444939613342285e-01
4.468313753604888916e-01 -1.508561074733734131e-01
-3.286739885807037354e-01 7.179454714059829712e-02
-1.398082226514816284e-01 7.949467301368713379e-01
-6.521185636520385742e-01 -9.447098374366760254e-01
-3.517309427261352539e-01 8.573515713214874268e-02
1.742464751005172729e-01 -1.235083341598510742e-01
9.642955064773559570e-01 9.152840971946716309e-01
3.413214087486267090e-01 -8.756363391876220703e-02
-5.404904484748840332e-01 -9.579837918281555176e-01
-9.754478335380554199e-01 1.254877001047134399e-01
2.472232729196548462e-01 -6.445964574813842773e-01
-2.578280270099639893e-01 6.300453543663024902e-01
4.209458827972412109e-01 -1.640036255121231079e-01
3.666048943996429443e-01 7.131910920143127441e-01
-9.857528805732727051e-01 -1.076323166489601135e-01
5.351823568344116211e-01 -4.391325712203979492e-01
4.345302283763885498e-01 7.491409778594970703e-01
6.808331012725830078e-01 8.547918200492858887e-01
-8.097103834152221680e-01 -7.341029047966003418e-01
-4.581071734428405762e-01 6.670802831649780273e-01
-8.960354328155517578e-01 -7.252598404884338379e-01
2.437340468168258667e-02 8.951371908187866211e-01
5.709106326103210449e-01 8.658553361892700195e-01
-8.877834081649780273e-01 -7.332189679145812988e-01
2.409788370132446289e-01 -1.212420538067817688e-01
-3.443437218666076660e-01 5.994033813476562500e-01
6.617246270179748535e-01 9.015558958053588867e-01
-1.759099811315536499e-01 -6.925709247589111328e-01
5.133179426193237305e-01 1.671323031187057495e-01
4.750048816204071045e-01 7.610038518905639648e-01
9.750349521636962891e-01 -4.927226305007934570e-01
-8.883991837501525879e-01 -5.700663924217224121e-01
3.612116575241088867e-01 -6.762676835060119629e-01
-8.969891667366027832e-01 -7.283770442008972168e-01
-5.657825469970703125e-01 5.285447239875793457e-01
-5.069602727890014648e-01 1.621101796627044678e-01
-8.977960944175720215e-01 -7.273727655410766602e-01
9.095696210861206055e-01 5.040967464447021484e-01
3.952302932739257812e-01 -6.547617912292480469e-01
5.208461284637451172e-01 8.211511969566345215e-01
5.199266672134399414e-01 -7.092123627662658691e-01
1.546175628900527954e-01 9.131910204887390137e-01
1.623564511537551880e-01 -1.869524419307708740e-01
3.121219277381896973e-01 -6.479759812355041504e-01
4.663161039352416992e-01 -1.740750521421432495e-01
4.853532612323760986e-01 7.305819392204284668e-01
-4.545984268188476562e-01 3.345979154109954834e-01
6.230455040931701660e-01 9.030642509460449219e-01
6.123743653297424316e-01 9.062927365303039551e-01
-5.540751814842224121e-01 -6.991847753524780273e-01
5.681545734405517578e-01 8.835611343383789062e-01
4.085149168968200684e-01 -2.378051131963729858e-01
-8.936125636100769043e-01 -7.375917434692382812e-01
1.330593973398208618e-01 -1.624792218208312988e-01
2.886710762977600098e-01 -9.751531481742858887e-02
-1.603821665048599243e-01 6.671471595764160156e-01
-4.919166266918182373e-01 6.316707134246826172e-01
-8.419266939163208008e-01 -5.443504452705383301e-01
-7.922493219375610352e-01 -9.046523571014404297e-01
-3.243924975395202637e-01 -8.022599816322326660e-01
-8.738037347793579102e-01 4.489426910877227783e-01
4.801917076110839844e-01 6.702454090118408203e-01
6.144790053367614746e-01 9.064154624938964844e-01
-3.990700840950012207e-01 6.306032538414001465e-01
2.324653267860412598e-01 -6.089553833007812500e-01
9.226835370063781738e-01 9.261697530746459961e-01
-7.380352616310119629e-01 -9.070971608161926270e-01
5.989313125610351562e-01 -2.766366600990295410e-01
3.840831220149993896e-01 -6.794912815093994141e-01
-5.139221549034118652e-01 1.072272807359695435e-01
6.672757863998413086e-01 -6.345136165618896484e-01
-2.349178791046142578e-01 9.313080906867980957e-01
-8.107068538665771484e-01 4.632449448108673096e-01
4.196815490722656250e-01 -7.511753588914871216e-03
-3.468689620494842529e-01 -8.688446879386901855e-01
3.212627172470092773e-01 -6.680937409400939941e-01
-8.820778727531433105e-01 -7.610484957695007324e-01
5.289787054061889648e-01 -5.213821306824684143e-02
-4.378079771995544434e-01 -9.466156959533691406e-01
-8.395683765411376953e-02 -5.633548498153686523e-01
5.855623483657836914e-01 8.920194506645202637e-01
-4.921804964542388916e-01 2.835383415222167969e-01
4.184134602546691895e-01 -1.743864119052886963e-01
-4.185082912445068359e-01 2.367613762617111206e-01
6.370276808738708496e-01 -6.841340661048889160e-02
-3.505397140979766846e-01 8.842225372791290283e-02
2.686382234096527100e-01 -3.942992985248565674e-01
-5.121428370475769043e-01 7.710960507392883301e-01
3.800950050354003906e-01 -6.750258207321166992e-01
-8.982528448104858398e-01 -7.283892631530761719e-01
8.421269059181213379e-01 -4.400453269481658936e-01
5.640644431114196777e-01 -7.248155474662780762e-01
-5.058588981628417969e-01 -1.474912930279970169e-02
6.106120347976684570e-01 9.039617180824279785e-01
5.648499727249145508e-01 3.864390850067138672e-01
-3.297387659549713135e-01 7.236188650131225586e-02
-4.225374162197113037e-01 -9.189752340316772461e-01
-4.977229833602905273e-01 1.640193462371826172e-01
-7.021692395210266113e-01 6.327849626541137695e-01
-8.372735381126403809e-01 -7.583569288253784180e-01
-7.225979566574096680e-01 1.109092831611633301e-01
-2.260681092739105225e-01 9.317166209220886230e-01
-1.722200214862823486e-01 6.391403675079345703e-01
6.933869123458862305e-01 8.867418169975280762e-01
1.647481769323348999e-01 -1.288111954927444458e-01
4.746116995811462402e-01 -1.867469698190689087e-01
6.080825924873352051e-01 8.961643576622009277e-01
-5.632710456848144531e-01 5.630348920822143555e-01
2.066867053508758545e-01 -6.613376140594482422e-01
4.982399046421051025e-01 -5.061756074428558350e-02
-5.919904112815856934e-01 6.189255118370056152e-01
-8.963805437088012695e-01 -7.252452373504638672e-01
-8.087393641471862793e-01 -8.175628185272216797e-01
-8.788843154907226562e-01 -7.281826734542846680e-01
-5.577146410942077637e-01 -9.609587192535400391e-01
-4.953774213790893555e-01 1.647914648056030273e-01
4.962825179100036621e-01 -6.914662718772888184e-01
6.487408280372619629e-01 -7.459426522254943848e-01
2.271293252706527710e-01 -1.374753415584564209e-01
-8.948487639427185059e-01 -7.269147634506225586e-01
-8.931156992912292480e-01 -7.389164566993713379e-01
5.195018649101257324e-01 -1.582455039024353027e-01
-2.116169929504394531e-01 9.174748659133911133e-01
4.144494831562042236e-01 -4.351470470428466797e-01
6.118257045745849609e-01 7.284922897815704346e-02
-7.888343334197998047e-01 4.974603950977325439e-01
-4.516967535018920898e-01 5.922790169715881348e-01
-2.328375279903411865e-01 6.220307946205139160e-01
-3.652122616767883301e-01 6.146805286407470703e-01
-7.571493983268737793e-01 1.726570874452590942e-01
-8.983246088027954102e-01 -7.279225587844848633e-01
7.326650023460388184e-01 -3.952562212944030762e-01
-9.634249806404113770e-01 7.114890962839126587e-02
3.804288208484649658e-01 -1.343833506107330322e-01
4.545090496540069580e-01 -1.852591335773468018e-01
5.818631649017333984e-01 -4.465906023979187012e-01
-4.753978252410888672e-01 3.219318985939025879e-01
-7.885309457778930664e-01 -8.174247294664382935e-02
8.466749787330627441e-01 9.242560267448425293e-01
4.289599657058715820e-01 7.466455698013305664e-01
4.638067483901977539e-01 -1.228918060660362244e-01
3.632872700691223145e-01 -6.790049076080322266e-01
4.413399398326873779e-01 -6.668962240219116211e-01
4.402700364589691162e-01 -1.843100935220718384e-01
3.555974662303924561e-01 6.834491491317749023e-01
-6.807335019111633301e-01 1.176934167742729187e-01
-3.369013667106628418e-01 -3.220086917281150818e-03
-8.491561412811279297e-01 -7.496253848075866699e-01
-3.578674197196960449e-01 7.260246872901916504e-01
4.872289299964904785e-01 -6.959989070892333984e-01
4.942404031753540039e-01 9.589672088623046875e-01
5.563502907752990723e-01 -2.699629962444305420e-01
6.093637943267822266e-01 9.048910737037658691e-01
4.437621235847473145e-01 2.270402759313583374e-02
-3.203235268592834473e-01 9.600007534027099609e-01
-3.066037893295288086e-01 5.852277278900146484e-01
9.863937497138977051e-01 8.672927618026733398e-01
4.651694297790527344e-01 4.538168311119079590e-01
-3.068118393421173096e-01 -9.308319091796875000e-01
-2.768318355083465576e-01 4.083733558654785156e-01
-7.156435847282409668e-01 1.057545021176338196e-01
3.693354129791259766e-01 5.423077940940856934e-01
-8.651537299156188965e-01 1.637637913227081299e-01
-1.264921724796295166e-01 9.688244462013244629e-01
-2.890117764472961426e-01 3.493638038635253906e-01
4.764000177383422852e-01 -1.790548115968704224e-01
-5.312423110008239746e-01 -9.573461413383483887e-01
-3.130367994308471680e-01 5.922970175743103027e-02
1.733118295669555664e-01 -1.219566464424133301e-01
5.963481068611145020e-01 -2.714274227619171143e-01
1.302180886268615723e-01 8.021188974380493164e-01
-3.930043578147888184e-01 1.652854382991790771e-01
9.508863687515258789e-01 8.907139897346496582e-01
1.703534573316574097e-01 -1.324414014816284180e-01
3.218507766723632812e-01 -6.659486293792724609e-01
-2.920679152011871338e-01 5.844181776046752930e-01
6.340539455413818359e-01 -1.618150174617767334e-01
-9.445273876190185547e-01 4.238719865679740906e-02
-4.449804425239562988e-01 7.965797185897827148e-01
-1.604048162698745728e-01 6.447990536689758301e-01
6.275593638420104980e-01 7.929487824440002441e-01
-3.387233912944793701e-01 -9.497495889663696289e-01
-7.049634456634521484e-01 1.454411447048187256e-01
-1.990393400192260742e-01 -6.832690238952636719e-01
-4.687162339687347412e-01 -9.500347971916198730e-01
7.663866132497787476e-02 8.908796310424804688e-01
-8.583973050117492676e-01 -7.281616926193237305e-01
-4.715531766414642334e-01 6.403621435165405273e-01
4.652756154537200928e-01 -1.602132767438888550e-01
9.935513138771057129e-01 7.619426846504211426e-01
-9.749105572700500488e-01 1.787271648645401001e-01
-8.984896540641784668e-01 -7.255843281745910645e-01
-8.393870592117309570e-01 8.485337495803833008e-01
-5.729464292526245117e-01 -9.609869122505187988e-01
3.977636396884918213e-01 -6.791256070137023926e-01
-3.742591738700866699e-01 9.310810565948486328e-01
-8.982724547386169434e-01 -7.277649641036987305e-01
5.918809175491333008e-01 -2.649761438369750977e-01
7.125538587570190430e-02 -1.759528219699859619e-01
-4.838058352470397949e-01 6.343004703521728516e-01
-4.928499162197113037e-01 6.306450963020324707e-01
4.461310505867004395e-01 -4.087651073932647705e-01
3.364225029945373535e-01 -6.717721819877624512e-01
-5.596167445182800293e-01 -9.618629813194274902e-01
-5.385196805000305176e-01 -9.600281715393066406e-01
-3.182481229305267334e-01 7.312001287937164307e-02
-1.607622504234313965e-01 6.452404856681823730e-01
-2.474589943885803223e-01 6.945441365242004395e-01
-5.342835187911987305e-01 -3.584121763706207275e-01
-4.267663359642028809e-01 -2.198718637228012085e-01
8.264673948287963867e-01 7.509686797857284546e-02
-8.659654855728149414e-01 -7.168681025505065918e-01
4.247040450572967529e-01 -1.474363505840301514e-01
-2.413109093904495239e-01 6.737210154533386230e-01
-7.329634428024291992e-01 4.954886063933372498e-02
3.804124593734741211e-01 -6.808657050132751465e-01
2.675677537918090820e-01 -6.648083329200744629e-01
-2.928663194179534912e-01 8.638110756874084473e-02
1.422013193368911743e-01 -3.143542110919952393e-01
-4.861840009689331055e-01 -9.597290754318237305e-01
-4.784161746501922607e-01 6.325767040252685547e-01
-1.600900143384933472e-01 6.473825573921203613e-01
6.170288324356079102e-01 -2.797862589359283447e-01
-5.883597135543823242e-01 -9.489245414733886719e-01
5.841221809387207031e-01 8.904877305030822754e-01
7.860507369041442871e-01 9.115940928459167480e-01
-1.835069060325622559e-01 1.256910413503646851e-01
5.759756565093994141e-01 -2.518756389617919922e-01
-8.918553590774536133e-01 -7.262985110282897949e-01
1.157470941543579102e-01 -3.305612206459045410e-01
-2.142466157674789429e-01 8.944638967514038086e-01
-3.440167903900146484e-01 7.884717732667922974e-02
4.273588359355926514e-01 -6.827137470245361328e-01
-4.250605106353759766e-01 1.271491050720214844e-01
-1.630164086818695068e-01 6.903996467590332031e-01
-7.809617519378662109e-01 5.859408974647521973e-01
-1.624645590782165527e-01 6.531894803047180176e-01
-3.621594309806823730e-01 8.983230590820312500e-01
-4.963999390602111816e-01 6.289869546890258789e-01
-2.097658962011337280e-01 -1.845637857913970947e-01
5.300337076187133789e-01 8.795692920684814453e-01
3.168721199035644531e-01 -5.578555539250373840e-02
-1.838711202144622803e-01 -1.422414835542440414e-02
-4.035645723342895508e-01 -8.683718442916870117e-01
-4.231288135051727295e-01 -1.244347319006919861e-01
-6.583942770957946777e-01 2.328858524560928345e-01
6.724076867103576660e-01 9.039139747619628906e-01
-1.469534784555435181e-01 7.955825924873352051e-01
2.471772730350494385e-01 -6.601369976997375488e-01
-5.330066680908203125e-01 -9.565143585205078125e-01
-6.112068295478820801e-01 -2.424717098474502563e-01
-3.205032944679260254e-01 1.831966042518615723e-01
5.915076136589050293e-01 -3.067082762718200684e-01
4.370934665203094482e-01 1.881607621908187866e-01
6.344981789588928223e-01 -2.927857041358947754e-01
-7.237959504127502441e-01 -7.345816493034362793e-01
-4.534929394721984863e-01 1.683255434036254883e-01
-4.147729277610778809e-01 -9.538735747337341309e-01
-8.960633277893066406e-01 -7.332040667533874512e-01
-8.957487940788269043e-01 -7.333328127861022949e-01
-2.709045112133026123e-01 -6.428680419921875000e-01
-5.046768784523010254e-01 6.176022291183471680e-01
5.534815788269042969e-01 8.718039989471435547e-01
5.624505877494812012e-01 -7.188860177993774414e-01
5.946291089057922363e-01 -2.517895996570587158e-01
-5.219815373420715332e-01 4.373196884989738464e-02
7.574455142021179199e-01 9.019474387168884277e-01
-6.054831743240356445e-01 2.159508615732192993e-01
-5.120720267295837402e-01 -9.000532031059265137e-01
4.734330475330352783e-01 6.698282957077026367e-01
-1.153892353177070618e-01 -7.978271692991256714e-02
-1.231178566813468933e-01 -8.423736095428466797e-01
-9.616605043411254883e-01 1.748309433460235596e-01
-8.857541084289550781e-01 -7.542511820793151855e-01
-9.348865747451782227e-01 -1.821717992424964905e-02
-3.331972956657409668e-01 7.084336131811141968e-02
-5.566505789756774902e-01 -9.614122509956359863e-01
5.768166780471801758e-01 8.814280033111572266e-01
-2.832217514514923096e-01 4.668132960796356201e-01
9.028717875480651855e-01 9.089618921279907227e-01
7.063520550727844238e-01 -7.566397786140441895e-01
-6.081162691116333008e-01 -9.512583613395690918e-01
1.839845478534698486e-01 -1.291162520647048950e-01
-3.337372541427612305e-01 7.322690635919570923e-02
-2.426926791667938232e-01 -6.936876773834228516e-01
-9.827817082405090332e-01 1.244027614593505859e-01
5.126951932907104492e-01 9.433824419975280762e-01
5.838276147842407227e-01 8.902347683906555176e-01
-2.201990336179733276e-01 7.060099840164184570e-01
-8.900720477104187012e-01 -7.451174855232238770e-01
-4.840483963489532471e-01 6.380253434181213379e-01
5.645328760147094727e-01 -7.181310057640075684e-01
-9.411433339118957520e-01 8.130987733602523804e-02
