2.218278795480728149e-01
2.802033722400665283e-01
8.494166731834411621e-01
9.817948341369628906e-01
-9.219994544982910156e-01
2.279458194971084595e-01
2.779806852340698242e-01
7.526296973228454590e-01
-9.676594734191894531e-01
-6.274226307868957520e-01
-8.438113331794738770e-02
2.484257817268371582e-01
8.775897026062011719e-01
-4.393333196640014648e-01
1.146588400006294250e-01
2.438172847032546997e-01
9.785991311073303223e-01
-9.994779825210571289e-01
-1.207306757569313049e-01
2.503593564033508301e-01
-7.805037498474121094e-01
-7.254651784896850586e-01
-4.635800719261169434e-01
3.819295167922973633e-01
2.521488368511199951e-01
9.785630106925964355e-01
-9.178730249404907227e-01
-3.663866519927978516e-01
5.261595249176025391e-01
-1.803426742553710938e-01
-7.981839179992675781e-01
3.565708100795745850e-01
-1.710721403360366821e-01
2.251702994108200073e-01
-7.218295931816101074e-01
2.764843106269836426e-01
-7.245213389396667480e-01
9.787009954452514648e-01
-7.281955480575561523e-01
-7.544892430305480957e-01
-5.174892544746398926e-01
-5.451001524925231934e-01
-7.677016407251358032e-02
6.771627664566040039e-01
2.235815972089767456e-01
-4.746589660644531250e-01
9.808797240257263184e-01
-4.667058885097503662e-01
2.816567122936248779e-01
9.849910736083984375e-01
9.849864840507507324e-01
2.229567617177963257e-01
-9.346619248390197754e-02
7.242645621299743652e-01
7.284110784530639648e-01
-5.775640606880187988e-01
9.844756126403808594e-01
9.876924157142639160e-01
-9.728609323501586914e-01
-9.950306415557861328e-01
-4.810164570808410645e-01
2.398120313882827759e-01
-9.860789775848388672e-01
6.849502325057983398e-01
3.642503023147583008e-01
-9.813799262046813965e-01
2.270364165306091309e-01
-5.418405532836914062e-01
2.288892865180969238e-01
-6.536920666694641113e-01
2.588443756103515625e-01
-7.250282764434814453e-01
-8.289508819580078125e-01
3.430620431900024414e-01
-1.591837406158447266e-01
-9.952580332756042480e-01
-1.065599694848060608e-01
-8.038141727447509766e-01
-4.808403253555297852e-01
-1.544085443019866943e-01
2.252956777811050415e-01
2.234171479940414429e-01
7.330384254455566406e-01
-8.307213783264160156e-01
6.842701435089111328e-01
2.336848676204681396e-01
-8.487261533737182617e-01
2.529825270175933838e-01
-7.223418354988098145e-01
6.883324384689331055e-01
-1.752119958400726318e-01
-4.743190407752990723e-01
-7.245721220970153809e-01
3.225108608603477478e-02
-4.769946932792663574e-01
6.375501751899719238e-01
-1.564943045377731323e-01
-8.254287242889404297e-01
-7.271360754966735840e-01
3.288515806198120117e-01
-9.941379427909851074e-01
-6.045989394187927246e-01
7.475106716156005859e-01
-1.589630842208862305e-01
-8.325415253639221191e-01
-4.223094880580902100e-01
3.006324172019958496e-01
8.753713965415954590e-01
1.162922829389572144e-01
3.778039216995239258e-01
9.522948861122131348e-01
8.765304684638977051e-01
8.816677331924438477e-01
2.275792211294174194e-01
7.393327355384826660e-01
-4.810641109943389893e-01
3.388957083225250244e-01
8.938628435134887695e-01
-1.634872108697891235e-01
2.496953755617141724e-01
3.632194399833679199e-01
3.299067020416259766e-01
-1.758146435022354126e-01
-7.950084805488586426e-01
-1.572698652744293213e-01
-9.134609699249267578e-01
2.868453860282897949e-01
2.830499708652496338e-01
2.005776911973953247e-01
6.822765469551086426e-01
1.209226921200752258e-01
8.962295055389404297e-01
6.833052039146423340e-01
-1.764024794101715088e-01
-6.941302418708801270e-01
-8.308727741241455078e-01
9.257953763008117676e-01
-7.224597334861755371e-01
2.268269509077072144e-01
-1.782874912023544312e-01
3.382827043533325195e-01
-5.181941986083984375e-01
2.776913940906524658e-01
9.845609664916992188e-01
7.510144114494323730e-01
5.993956923484802246e-01
-8.993508815765380859e-01
-9.978826642036437988e-01
-9.882199168205261230e-01
-4.486421048641204834e-01
3.838626146316528320e-01
9.049997329711914062e-01
-1.117370277643203735e-01
6.833135485649108887e-01
9.009566307067871094e-01
2.774819135665893555e-01
-2.239741981029510498e-01
8.746797442436218262e-01
-7.282285094261169434e-01
-7.991164326667785645e-01
6.892859339714050293e-01
3.293856084346771240e-01
6.002492308616638184e-01
9.117546081542968750e-01
3.314568400382995605e-01
-7.252033948898315430e-01
-9.979900717735290527e-01
3.345894217491149902e-01
-1.521313488483428955e-01
-4.664731323719024658e-01
8.925699591636657715e-01
-4.987834990024566650e-01
5.805787444114685059e-01
2.648151218891143799e-01
-4.786217808723449707e-01
7.046599388122558594e-01
8.790024518966674805e-01
4.802869260311126709e-01
-2.370052933692932129e-01
2.196883112192153931e-01
-4.724473953247070312e-01
2.742403447628021240e-01
-4.153127372264862061e-01
3.465219736099243164e-01
-1.566314101219177246e-01
-5.142462253570556641e-01
-1.076153069734573364e-01
3.711604773998260498e-01
-7.504949569702148438e-01
3.615418672561645508e-01
-1.057047918438911438e-01
-7.259902954101562500e-01
3.641078174114227295e-01
9.982820153236389160e-01
2.973593473434448242e-01
-7.139673233032226562e-01
1.553103774785995483e-01
-1.564826816320419312e-01
3.188138902187347412e-01
-4.460550844669342041e-01
-5.593773126602172852e-01
8.860286474227905273e-01
-8.271875977516174316e-01
4.544920623302459717e-01
-8.321331143379211426e-01
7.647160887718200684e-01
-6.744230389595031738e-01
-7.234615087509155273e-01
-4.498394131660461426e-01
-1.369898319244384766e-01
-8.085652589797973633e-01
-9.526551961898803711e-01
-4.455007910728454590e-01
-7.419545203447341919e-02
7.417219281196594238e-01
2.964473366737365723e-01
-6.636943221092224121e-01
-5.011866092681884766e-01
-2.159754186868667603e-01
-4.785453081130981445e-01
2.134564220905303955e-01
2.254997044801712036e-01
-8.290441632270812988e-01
-4.458142518997192383e-01
-7.264672517776489258e-01
-7.335748672485351562e-01
-4.539931714534759521e-01
-6.558912396430969238e-01
2.565183341503143311e-01
1.816556453704833984e-01
-4.173062145709991455e-01
-8.370683789253234863e-01
3.253113031387329102e-01
9.688642024993896484e-01
8.054349571466445923e-02
-9.952743053436279297e-01
-8.968912363052368164e-01
9.630436450242996216e-02
-4.816793799400329590e-01
-1.611235886812210083e-01
9.797183275222778320e-01
6.829645633697509766e-01
-9.182910323143005371e-01
2.298444509506225586e-01
-4.722173511981964111e-01
6.828111410140991211e-01
-9.059300422668457031e-01
7.135218977928161621e-01
-9.590988159179687500e-01
-7.251643538475036621e-01
2.292227894067764282e-01
-1.541358828544616699e-01
-4.660694599151611328e-01
2.785552442073822021e-01
2.865276634693145752e-01
-7.813817262649536133e-01
9.272640347480773926e-01
2.789490818977355957e-01
2.553119659423828125e-01
-9.542658925056457520e-02
-2.164106518030166626e-01
6.169888973236083984e-01
-9.990845918655395508e-01
9.035956263542175293e-01
-4.806258380413055420e-01
-4.038880765438079834e-01
3.703107237815856934e-01
-6.012864708900451660e-01
-8.298442363739013672e-01
-4.426543712615966797e-01
-1.184306442737579346e-01
6.900920271873474121e-01
3.141182661056518555e-01
-7.252491116523742676e-01
6.834972500801086426e-01
8.894762992858886719e-01
9.777619838714599609e-01
7.184633612632751465e-01
1.160453781485557556e-01
4.297070503234863281e-01
-1.878096908330917358e-01
-1.621949076652526855e-01
-1.559660732746124268e-01
2.787920832633972168e-01
-9.993292093276977539e-01
3.331777155399322510e-01
8.938255906105041504e-01
8.756329417228698730e-01
9.936380982398986816e-01
2.294024080038070679e-01
9.209979772567749023e-01
-4.812204837799072266e-01
3.413549065589904785e-01
-7.203808426856994629e-01
-1.563824415206909180e-01
-1.564390808343887329e-01
9.847902655601501465e-01
-5.821306705474853516e-01
3.001562952995300293e-01
4.135817885398864746e-01
-7.249944806098937988e-01
2.455869168043136597e-01
-1.072998121380805969e-01
2.584415972232818604e-01
2.678929269313812256e-01
1.939950138330459595e-01
6.260710358619689941e-01
-7.248970866203308105e-01
-1.569969765841960907e-02
9.882549196481704712e-02
-2.252854406833648682e-01
9.848039746284484863e-01
3.281199336051940918e-01
1.048545390367507935e-01
8.758674860000610352e-01
-1.567997932434082031e-01
9.859712719917297363e-01
9.017712473869323730e-01
-7.251009941101074219e-01
-8.268084526062011719e-01
3.242107927799224854e-01
9.848043918609619141e-01
5.778777599334716797e-01
6.104544401168823242e-01
-1.588585078716278076e-01
9.983416199684143066e-01
-4.834109246730804443e-01
-2.216985523700714111e-01
2.662295103073120117e-01
5.327951163053512573e-02
-1.673163920640945435e-01
1.523135304450988770e-01
9.839237332344055176e-01
9.841869473457336426e-01
-1.631200909614562988e-01
-1.819393187761306763e-01
2.754903770983219147e-02
8.762210011482238770e-01
9.961314201354980469e-01
-6.189976334571838379e-01
-1.521604657173156738e-01
2.746241390705108643e-01
-5.498551726341247559e-01
2.411230951547622681e-01
-5.861879587173461914e-01
-4.734379947185516357e-01
-7.815689444541931152e-01
8.900049924850463867e-01
2.840637862682342529e-01
-5.377277135848999023e-01
2.509677410125732422e-01
8.325363993644714355e-01
-8.659457564353942871e-01
3.013344705104827881e-01
3.164743483066558838e-01
-4.195769876241683960e-02
3.877007365226745605e-01
2.488948404788970947e-01
-9.955343604087829590e-01
9.850200414657592773e-01
9.852991700172424316e-01
1.482311785221099854e-01
6.023610234260559082e-01
-1.006859317421913147e-01
5.687417984008789062e-01
6.831402182579040527e-01
9.849183559417724609e-01
-9.831573963165283203e-01
-1.488952040672302246e-01
-2.060217410326004028e-01
-7.582172751426696777e-01
-7.250237464904785156e-01
7.065871953964233398e-01
6.736828088760375977e-01
-1.057235300540924072e-01
-1.814149469137191772e-01
2.241353839635848999e-01
-1.734533607959747314e-01
-2.175423055887222290e-01
3.365540504455566406e-01
-9.822095632553100586e-01
-4.207971692085266113e-01
3.283164799213409424e-01
2.292750775814056396e-01
-9.993140101432800293e-01
2.328514605760574341e-01
2.817028164863586426e-01
-1.123950332403182983e-01
-9.102323055267333984e-01
3.267721235752105713e-01
8.990651965141296387e-01
-4.412578046321868896e-01
3.249869942665100098e-01
6.838293671607971191e-01
1.200255472213029861e-02
2.514646351337432861e-01
8.766903281211853027e-01
2.222895324230194092e-01
9.804825186729431152e-01
9.970192313194274902e-01
7.265269756317138672e-01
-6.903886198997497559e-01
7.619397342205047607e-02
-4.711703658103942871e-01
-6.553664207458496094e-01
-8.865132331848144531e-01
3.259166181087493896e-01
-8.284843564033508301e-01
6.815584301948547363e-01
-1.579787433147430420e-01
3.955665826797485352e-01
-5.517754554748535156e-01
6.823298335075378418e-01
-4.831697046756744385e-01
-8.202782273292541504e-01
-4.580842554569244385e-01
6.203377246856689453e-01
-4.508916735649108887e-01
7.631072402000427246e-01
6.586511135101318359e-01
9.817290306091308594e-01
9.300108551979064941e-01
-7.250531911849975586e-01
9.852232933044433594e-01
9.843700528144836426e-01
8.771869540214538574e-01
6.822392940521240234e-01
-7.185271382331848145e-01
-7.251219153404235840e-01
-4.586094021797180176e-01
3.993926644325256348e-01
7.519611120223999023e-01
-4.152382910251617432e-01
2.249292433261871338e-01
9.862172603607177734e-01
9.964647889137268066e-01
2.920502424240112305e-01
8.804166913032531738e-01
-4.141948819160461426e-01
5.792338252067565918e-01
-1.581018418073654175e-01
-7.234039306640625000e-01
-8.298702239990234375e-01
-9.917165637016296387e-01
2.656546235084533691e-01
-9.965828061103820801e-01
-4.470792114734649658e-01
-5.900681614875793457e-01
3.178765475749969482e-01
2.290820479393005371e-01
-5.363584756851196289e-01
3.638563156127929688e-01
9.066957235336303711e-01
-7.170420885086059570e-01
9.854812622070312500e-01
-8.472176194190979004e-01
-7.016736865043640137e-01
-7.260478138923645020e-01
7.630714774131774902e-01
-1.906295418739318848e-01
6.821519732475280762e-01
9.855573177337646484e-01
2.186952382326126099e-01
-7.258862853050231934e-01
2.065616101026535034e-01
6.822310090065002441e-01
-7.933331727981567383e-01
-1.076702699065208435e-01
2.906010746955871582e-01
-7.393894195556640625e-01
2.982138991355895996e-01
-7.653100490570068359e-01
9.846194982528686523e-01
2.764919102191925049e-01
2.389058023691177368e-01
-9.986392259597778320e-01
2.726573944091796875e-01
3.302321434020996094e-01
-4.499794542789459229e-01
5.409840345382690430e-01
9.835008978843688965e-01
-8.366377949714660645e-01
3.690617084503173828e-01
-7.014658451080322266e-01
2.267388105392456055e-01
8.800137788057327271e-02
6.835170388221740723e-01
9.442744851112365723e-01
-6.983128190040588379e-01
6.109695434570312500e-01
9.900658726692199707e-01
6.873798370361328125e-01
7.553710341453552246e-01
-9.608308672904968262e-01
3.341544568538665771e-01
2.573667764663696289e-01
-8.294052481651306152e-01
-4.461784660816192627e-01
-8.296405076980590820e-01
3.281964957714080811e-01
-7.124221920967102051e-01
-7.243425846099853516e-01
-9.924104213714599609e-01
-8.585418015718460083e-02
7.610996961593627930e-01
6.110476255416870117e-01
8.766136765480041504e-01
6.608974933624267578e-01
-4.811611175537109375e-01
2.260844260454177856e-01
3.199130892753601074e-01
9.794313907623291016e-01
6.512619256973266602e-01
-1.569354832172393799e-01
8.773915171623229980e-01
2.788093388080596924e-01
-4.199781715869903564e-01
-1.620859056711196899e-01
6.605346202850341797e-01
-7.256461381912231445e-01
3.701152801513671875e-01
-4.529227018356323242e-01
-1.490437090396881104e-01
2.165697813034057617e-01
-9.825194478034973145e-01
-9.910193085670471191e-01
-5.283910632133483887e-01
-7.242922186851501465e-01
2.923949956893920898e-01
3.679474294185638428e-01
-7.255124449729919434e-01
3.113772571086883545e-01
-1.563434749841690063e-01
-4.207637906074523926e-01
6.920188069343566895e-01
-1.535889804363250732e-01
9.540333598852157593e-02
3.008342981338500977e-01
4.077801108360290527e-01
9.328222870826721191e-01
-7.259075045585632324e-01
7.321669459342956543e-01
5.753393769264221191e-01
-7.248799800872802734e-01
-4.710605442523956299e-01
2.453840374946594238e-01
-1.906942129135131836e-01
-2.079554200172424316e-01
-8.026716113090515137e-02
9.852070808410644531e-01
-1.937676370143890381e-01
-6.072390079498291016e-01
2.554759979248046875e-01
-4.826386272907257080e-01
9.877060055732727051e-01
9.727105498313903809e-01
7.633370161056518555e-02
-7.321566939353942871e-01
8.050374388694763184e-01
-1.992712020874023438e-01
-4.936907887458801270e-01
6.526314616203308105e-01
9.741119742393493652e-01
-7.776594758033752441e-01
2.519000470638275146e-01
2.135498523712158203e-01
7.620740532875061035e-01
9.819450974464416504e-01
-4.666788578033447266e-01
-2.267683148384094238e-01
9.822788238525390625e-01
2.743758559226989746e-01
8.723385930061340332e-01
4.270929098129272461e-02
2.269174605607986450e-01
-6.497865915298461914e-01
-4.938511550426483154e-01
-8.288462162017822266e-01
2.639862298965454102e-01
-8.345223963260650635e-03
3.043224811553955078e-01
-4.621714949607849121e-01
7.867234945297241211e-01
2.849413454532623291e-01
-8.292979001998901367e-01
-9.909647703170776367e-01
2.887485027313232422e-01
-9.981659054756164551e-01
7.187765240669250488e-01
7.559055089950561523e-01
-8.291693925857543945e-01
9.350066781044006348e-01
-6.327394843101501465e-01
-9.856818318367004395e-01
2.098122090101242065e-01
4.070676565170288086e-01
-1.614348739385604858e-01
1.058157831430435181e-01
-1.490695923566818237e-01
9.702576994895935059e-01
-7.250541448593139648e-01
-2.288102060556411743e-01
-4.763559103012084961e-01
6.817380189895629883e-01
1.651337593793869019e-01
9.847240447998046875e-01
-9.565497189760208130e-02
-7.437053918838500977e-01
7.621297240257263184e-01
-5.027455687522888184e-01
-8.058037757873535156e-01
-1.567899137735366821e-01
-1.434132307767868042e-01
-8.665760755538940430e-01
8.169139623641967773e-01
8.748958110809326172e-01
8.778579235076904297e-01
2.503139376640319824e-01
3.043871521949768066e-01
-7.190217971801757812e-01
2.289969921112060547e-01
3.398382663726806641e-01
2.566332519054412842e-01
1.745235919952392578e-01
9.021340012550354004e-01
8.763927221298217773e-01
-5.480654835700988770e-01
2.864460349082946777e-01
2.999272048473358154e-01
8.515133261680603027e-01
3.259387612342834473e-01
8.846500515937805176e-01
1.003752425312995911e-01
-9.986448884010314941e-01
8.847188353538513184e-01
-9.973953366279602051e-01
-8.066914230585098267e-02
-8.110290169715881348e-01
3.670891821384429932e-01
2.637102901935577393e-01
-9.924356341361999512e-01
2.868622541427612305e-01
7.679901719093322754e-01
3.445138409733772278e-02
9.111663103103637695e-01
5.144203305244445801e-01
-4.145447015762329102e-01
2.542949020862579346e-01
7.589105367660522461e-01
-7.158398628234863281e-01
-4.459907412528991699e-01
1.163574904203414917e-01
9.892085790634155273e-01
1.306311190128326416e-01
-8.291797637939453125e-01
-8.215497732162475586e-01
-4.189486801624298096e-01
3.366927504539489746e-01
1.119913086295127869e-01
3.709606230258941650e-01
8.775929212570190430e-01
9.904764890670776367e-01
6.873943209648132324e-01
7.586397528648376465e-01
-8.860923647880554199e-01
7.041174769401550293e-01
4.111397862434387207e-01
3.172073662281036377e-01
9.910303354263305664e-01
-8.032276034355163574e-01
-8.786377310752868652e-01
-5.663063526153564453e-01
-9.866996407508850098e-01
1.175395697355270386e-01
-4.181110262870788574e-01
-5.235142707824707031e-01
7.141131758689880371e-01
9.991186857223510742e-01
2.770047485828399658e-01
-4.816605150699615479e-01
2.979864478111267090e-01
6.798640489578247070e-01
1.131837069988250732e-01
2.874056398868560791e-01
-8.289487957954406738e-01
-4.647171795368194580e-01
-8.308429718017578125e-01
4.430530369281768799e-01
6.768525838851928711e-01
2.335451692342758179e-01
3.230624496936798096e-01
-5.492244362831115723e-01
7.085195779800415039e-01
-6.312207579612731934e-01
7.461915612220764160e-01
8.913233876228332520e-01
-7.250863909721374512e-01
9.073029756546020508e-01
7.200801372528076172e-01
6.847289204597473145e-01
-1.410882771015167236e-01
3.952531814575195312e-01
2.261950373649597168e-01
-1.728979647159576416e-01
9.874393939971923828e-01
9.028028249740600586e-01
8.876450061798095703e-01
2.970615625381469727e-01
-8.167366385459899902e-01
-7.140896916389465332e-01
9.128772020339965820e-01
-2.031397521495819092e-01
8.782821297645568848e-01
2.263138592243194580e-01
3.956150412559509277e-01
2.797645926475524902e-01
-5.636863708496093750e-01
2.437791973352432251e-01
2.313911616802215576e-01
-1.849989444017410278e-01
-7.608562707901000977e-02
-8.247603774070739746e-01
-4.688650667667388916e-01
8.728205561637878418e-01
8.741586208343505859e-01
-7.360838055610656738e-01
-1.578372865915298462e-01
-1.636874675750732422e-01
-7.251114249229431152e-01
7.752268314361572266e-01
9.848960041999816895e-01
-7.290866374969482422e-01
-4.747512340545654297e-01
9.847930073738098145e-01
-6.461781263351440430e-01
-4.507668614387512207e-01
9.833984971046447754e-01
7.530672550201416016e-01
-1.630681157112121582e-01
8.745740652084350586e-01
9.612815976142883301e-01
8.960976004600524902e-01
-8.301986455917358398e-01
2.043172121047973633e-01
9.841455221176147461e-01
6.870750784873962402e-01
7.096838355064392090e-01
-1.934313178062438965e-01
7.120176553726196289e-01
-9.994865059852600098e-01
-7.268636822700500488e-01
6.145796775817871094e-01
8.765203356742858887e-01
-2.251443266868591309e-01
3.473877012729644775e-01
2.275247424840927124e-01
-4.533649981021881104e-01
7.661663889884948730e-01
-6.863775849342346191e-01
-9.317194223403930664e-01
2.597829997539520264e-01
3.033401966094970703e-01
6.866881847381591797e-01
8.812258839607238770e-01
2.414995878934860229e-01
2.449833750724792480e-01
-7.272790670394897461e-01
3.707031905651092529e-01
8.692824244499206543e-01
7.317907810211181641e-01
-4.183715581893920898e-01
-1.666891127824783325e-01
-4.465854763984680176e-01
2.779956459999084473e-01
6.222209334373474121e-01
4.066679477691650391e-01
-7.256873250007629395e-01
7.439950108528137207e-01
-4.659543931484222412e-01
-7.016049623489379883e-01
-3.893430531024932861e-01
-3.613809049129486084e-01
-8.268844485282897949e-01
-4.399286210536956787e-01
2.218068540096282959e-01
-1.562903374433517456e-01
-7.252882719039916992e-01
-7.237614989280700684e-01
-1.538350284099578857e-01
-8.323097229003906250e-01
-6.748387813568115234e-01
6.862548589706420898e-01
9.840281307697296143e-02
-7.513738274574279785e-01
-8.860277533531188965e-01
-1.636228412389755249e-01
2.596007585525512695e-01
-1.255889683961868286e-01
-8.306471705436706543e-01
9.312344193458557129e-01
-7.423130273818969727e-01
9.851552248001098633e-01
3.208882510662078857e-01
3.543220460414886475e-01
-7.243539094924926758e-01
-7.247452139854431152e-01
7.694407701492309570e-01
-1.588178426027297974e-01
-9.660239815711975098e-01
-2.047981917858123779e-01
9.822357892990112305e-01
8.774274587631225586e-01
-4.809847176074981689e-01
-1.828285455703735352e-01
-8.306381702423095703e-01
7.616055607795715332e-01
-6.980925202369689941e-01
2.422695159912109375e-01
-7.554017901420593262e-01
3.363823890686035156e-01
-2.026503086090087891e-01
9.990681409835815430e-01
2.253780663013458252e-01
9.602899551391601562e-01
-1.564140766859054565e-01
2.251809984445571899e-01
1.149051785469055176e-01
-2.961465716361999512e-01
-9.965495467185974121e-01
-5.558912158012390137e-01
4.217912852764129639e-01
-4.816954955458641052e-02
9.934428334236145020e-01
-7.632912397384643555e-01
-5.378663539886474609e-01
-2.582005038857460022e-02
-4.519847035408020020e-01
6.812784671783447266e-01
3.332116305828094482e-01
-2.264169603586196899e-01
9.757725000381469727e-01
-5.234861373901367188e-01
6.816776990890502930e-01
2.526739239692687988e-01
2.803846299648284912e-01
-1.623411476612091064e-01
-4.432564079761505127e-01
-8.716986328363418579e-02
6.219853162765502930e-01
-2.212589383125305176e-01
6.819896697998046875e-01
2.903787195682525635e-01
1.181854084134101868e-01
-7.250236868858337402e-01
-2.236455827951431274e-01
-1.634338498115539551e-01
-2.294493913650512695e-01
9.844244718551635742e-01
2.619509398937225342e-01
2.787195146083831787e-01
-1.336384266614913940e-01
4.660865664482116699e-01
8.465982079505920410e-01
2.241954952478408813e-01
-4.670643508434295654e-01
8.943833112716674805e-01
-6.413555145263671875e-01
-7.380031943321228027e-01
-4.469529390335083008e-01
-7.996845245361328125e-01
-8.267912268638610840e-01
2.753256261348724365e-01
8.759854435920715332e-01
2.253978103399276733e-01
6.216056942939758301e-01
2.293450385332107544e-01
9.683669209480285645e-01
8.659913539886474609e-01
-8.302469849586486816e-01
2.527615427970886230e-01
2.442415356636047363e-01
9.744204878807067871e-01
-9.597997665405273438e-01
-4.457675218582153320e-01
2.487804293632507324e-01
7.325889468193054199e-01
-7.995700836181640625e-01
3.296215236186981201e-01
7.598616480827331543e-01
-1.606230884790420532e-01
3.230624496936798096e-01
8.913481831550598145e-01
3.332565724849700928e-01
6.480981111526489258e-01
3.709536492824554443e-01
-7.863673567771911621e-01
-1.571509242057800293e-01
7.589392066001892090e-01
-1.385269910097122192e-01
-7.738000750541687012e-01
9.662221074104309082e-01
-4.433358013629913330e-01
-1.561676412820816040e-01
-7.445873618125915527e-01
-8.198353052139282227e-01
-4.429225325584411621e-01
-5.289497375488281250e-01
-5.023499727249145508e-01
3.338358700275421143e-01
2.333632558584213257e-01
9.960075020790100098e-01
-2.028190195560455322e-01
3.772425353527069092e-01
3.700844049453735352e-01
-1.875091642141342163e-01
-5.329131484031677246e-01
-4.496219158172607422e-01
-4.869018793106079102e-01
-9.327438473701477051e-01
9.843449592590332031e-01
-9.894788861274719238e-01
-1.505011022090911865e-01
9.703360199928283691e-01
9.782153367996215820e-01
-5.265695452690124512e-01
6.697794795036315918e-01
2.840881049633026123e-01
6.000350713729858398e-01
2.457173019647598267e-01
-7.330992221832275391e-01
9.854305982589721680e-01
9.850265383720397949e-01
7.621767520904541016e-01
6.695677638053894043e-01
-1.234762296080589294e-01
3.214001655578613281e-01
7.093423604965209961e-01
6.311414241790771484e-01
2.767446823418140411e-02
6.805952787399291992e-01
7.903986573219299316e-01
-7.077890634536743164e-01
8.784461617469787598e-01
6.822971105575561523e-01
8.681210875511169434e-01
2.775873243808746338e-01
9.812100976705551147e-02
6.549656391143798828e-01
3.957527875900268555e-01
6.137056350708007812e-01
-8.307172656059265137e-01
9.087944030761718750e-01
8.758919239044189453e-01
2.471574544906616211e-01
2.985479235649108887e-01
3.250972330570220947e-01
-7.412754297256469727e-01
2.823760807514190674e-01
-1.610959470272064209e-01
2.772420346736907959e-01
2.475344985723495483e-01
6.501805782318115234e-01
-9.987366199493408203e-01
-8.346456289291381836e-01
2.915730178356170654e-01
3.550473749637603760e-01
-4.844363331794738770e-01
-2.076755166053771973e-01
2.612055242061614990e-01
-7.249965071678161621e-01
1.447430849075317383e-01
2.254435718059539795e-01
6.764011979103088379e-01
6.502581238746643066e-01
-7.719528675079345703e-01
2.646541297435760498e-01
-8.294641971588134766e-01
-1.535409092903137207e-01
-1.626470983028411865e-01
-7.022028565406799316e-01
8.971865177154541016e-01
-4.856564402580261230e-01
-2.285842597484588623e-01
6.040343046188354492e-01
9.897569417953491211e-01
-8.280875086784362793e-01
2.310136109590530396e-01
9.781363606452941895e-01
-1.656347215175628662e-01
9.848959445953369141e-01
6.759045720100402832e-01
9.847967028617858887e-01
6.546459197998046875e-01
-1.572903245687484741e-01
3.195398151874542236e-01
3.342387378215789795e-01
6.843823790550231934e-01
8.643128275871276855e-01
-8.078477382659912109e-01
-9.995628595352172852e-01
9.841467142105102539e-01
9.636167883872985840e-01
7.460254430770874023e-01
-8.315988183021545410e-01
-8.285210728645324707e-01
-1.566978096961975098e-01
2.201420366764068604e-01
6.590209603309631348e-01
8.269543647766113281e-01
3.686604797840118408e-01
2.251887470483779907e-01
9.721680879592895508e-01
5.922402739524841309e-01
7.155439257621765137e-01
8.767756819725036621e-01
2.685004770755767822e-01
3.068804144859313965e-01
8.764525651931762695e-01
8.921030163764953613e-01
-8.361485600471496582e-01
-4.568633735179901123e-01
-8.283115625381469727e-01
-8.241640925407409668e-01
6.884176135063171387e-01
3.313464820384979248e-01
-1.757425516843795776e-01
8.804586529731750488e-01
3.709910511970520020e-01
-8.160498142242431641e-01
2.044501155614852905e-01
2.716840803623199463e-01
-1.250304430723190308e-01
-4.966383576393127441e-01
3.131444752216339111e-01
-4.102660119533538818e-01
8.764663338661193848e-01
-7.090560197830200195e-01
6.828309893608093262e-01
2.605955004692077637e-01
2.618457078933715820e-01
-2.008986026048660278e-01
2.272796630859375000e-01
3.675870597362518311e-01
9.220691919326782227e-01
2.497096359729766846e-01
-2.238656133413314819e-01
8.938547968864440918e-01
-7.246744036674499512e-01
9.945628643035888672e-01
1.773636974394321442e-02
-5.570098161697387695e-01
-1.159568056464195251e-01
3.260640501976013184e-01
2.250577509403228760e-01
-9.175059199333190918e-02
7.728693485260009766e-01
-1.164114475250244141e-01
-1.616778671741485596e-01
-6.058992072939872742e-02
9.852067232131958008e-01
-7.261338829994201660e-01
6.824223399162292480e-01
-7.431192994117736816e-01
-1.594262123107910156e-01
2.686479687690734863e-01
6.813313364982604980e-01
-7.246072292327880859e-01
8.904968500137329102e-01
-2.304306626319885254e-01
2.681047022342681885e-01
2.631847858428955078e-01
8.494848012924194336e-01
-4.459794759750366211e-01
8.361510634422302246e-01
2.951230704784393311e-01
-1.484638899564743042e-01
2.405597716569900513e-01
-4.444396495819091797e-01
-4.813480675220489502e-01
2.799423635005950928e-01
9.995288252830505371e-01
-1.586257517337799072e-01
-8.298982381820678711e-01
4.023086428642272949e-01
-1.005337089300155640e-01
-1.156449019908905029e-01
-6.305500864982604980e-02
2.595050334930419922e-01
9.888027310371398926e-01
6.901127099990844727e-01
-6.234533190727233887e-01
6.861752867698669434e-01
6.844682097434997559e-01
-6.058803796768188477e-01
5.804826021194458008e-01
-5.810632705688476562e-01
2.758824229240417480e-01
-7.213935256004333496e-01
3.254507184028625488e-01
8.750765323638916016e-01
2.545518875122070312e-01
-2.278801649808883667e-01
3.671601414680480957e-01
9.849032163619995117e-01
2.978641390800476074e-01
3.721299469470977783e-01
-2.262589484453201294e-01
3.248161673545837402e-01
2.084490805864334106e-01
-7.137039899826049805e-01
9.841668009757995605e-01
-8.360263109207153320e-01
9.859971404075622559e-01
-7.401491999626159668e-01
1.190614327788352966e-01
-5.280807614326477051e-01
-6.595538258552551270e-01
-1.596098840236663818e-01
-7.293696999549865723e-01
2.985887527465820312e-01
-7.343935370445251465e-01
8.792880773544311523e-01
-5.037349462509155273e-01
6.806836724281311035e-01
9.767341613769531250e-01
-5.602480173110961914e-01
9.818915724754333496e-01
7.563094496726989746e-01
5.604431629180908203e-01
-8.318838477134704590e-01
1.163749545812606812e-01
2.768022418022155762e-01
3.239342570304870605e-01
8.761073350906372070e-01
2.250475734472274780e-01
9.962158203125000000e-01
-1.962000429630279541e-01
6.848267316818237305e-01
-1.647938191890716553e-01
-4.834904074668884277e-01
-5.323975086212158203e-01
9.846584200859069824e-01
4.342711269855499268e-01
-4.215839207172393799e-01
9.926837682723999023e-02
-4.805524051189422607e-01
-1.713297218084335327e-01
-4.141887426376342773e-01
9.869599938392639160e-01
-8.289002776145935059e-01
-2.009112983942031860e-01
-6.229921579360961914e-01
-8.198943734169006348e-01
6.825182437896728516e-01
8.979863524436950684e-01
-4.432034492492675781e-01
-7.768338322639465332e-01
-8.469977974891662598e-01
2.855992913246154785e-01
9.007490873336791992e-01
-4.101433753967285156e-01
-9.932458996772766113e-01
-5.761607289314270020e-01
8.912848830223083496e-01
2.867662012577056885e-01
2.254686355590820312e-01
3.237037658691406250e-01
6.816427707672119141e-01
-7.224521040916442871e-02
-9.857710450887680054e-02
-4.872304797172546387e-01
2.382779717445373535e-01
9.814720749855041504e-01
9.058244228363037109e-01
-1.571096628904342651e-01
2.262351363897323608e-01
2.774839997291564941e-01
1.941369324922561646e-01
7.544056177139282227e-01
-3.380108475685119629e-01
8.439688086509704590e-01
1.222093328833580017e-01
6.388196349143981934e-01
2.543464303016662598e-01
-1.066382229328155518e-01
6.822441816329956055e-01
6.068789958953857422e-01
-9.216542243957519531e-01
-7.164553403854370117e-01
6.704980134963989258e-01
-1.588794291019439697e-01
-2.225277721881866455e-01
8.758232593536376953e-01
1.262082904577255249e-01
6.855368018150329590e-01
8.888651132583618164e-01
3.287197351455688477e-01
-8.003572225570678711e-01
7.646647095680236816e-01
-1.591696888208389282e-01
8.441182971000671387e-01
6.819766163825988770e-01
2.169330567121505737e-01
5.955055952072143555e-01
9.255287051200866699e-01
9.839009642601013184e-01
-1.628060787916183472e-01
-2.143326997756958008e-01
1.566999107599258423e-01
-1.220777332782745361e-01
-9.969849586486816406e-01
-1.847462207078933716e-01
2.833574116230010986e-01
-7.239539623260498047e-01
2.260328978300094604e-01
6.619008779525756836e-01
-9.956279993057250977e-01
-1.662238687276840210e-01
9.051482677459716797e-01
-3.795903027057647705e-01
7.538242936134338379e-01
-7.251610755920410156e-01
6.260543465614318848e-01
9.699842929840087891e-01
-3.907468914985656738e-01
-8.297110199928283691e-01
5.619685053825378418e-01
7.585901618003845215e-01
-8.288633227348327637e-01
-8.235984444618225098e-01
-7.985654473304748535e-01
-9.320873022079467773e-01
6.073240041732788086e-01
2.837149202823638916e-01
3.272069096565246582e-01
-8.427317142486572266e-01
2.938662469387054443e-01
-3.030416369438171387e-01
7.216636538505554199e-01
-8.949444890022277832e-01
4.103628695011138916e-01
-1.354564726352691650e-01
2.216331511735916138e-01
-1.318712681531906128e-01
6.849433183670043945e-01
7.211098670959472656e-01
9.899443984031677246e-01
6.805815100669860840e-01
7.349869608879089355e-01
5.977077484130859375e-01
9.349547624588012695e-01
-7.237162590026855469e-01
-1.781967580318450928e-01
-7.298811078071594238e-01
1.106061860918998718e-01
3.833158612251281738e-01
1.012244746088981628e-01
9.849035143852233887e-01
7.594905495643615723e-01
9.746376872062683105e-01
7.429559826850891113e-01
8.433257937431335449e-01
9.850011467933654785e-01
8.805364966392517090e-01
8.094096183776855469e-01
-7.578978538513183594e-01
9.857489466667175293e-01
8.492741733789443970e-02
3.222170174121856689e-01
7.998301982879638672e-01
8.903007507324218750e-01
9.194904565811157227e-01
9.310374855995178223e-01
-1.526116728782653809e-01
-4.419298470020294189e-01
-1.622910052537918091e-01
-4.995849728584289551e-02
9.854160547256469727e-01
8.846260309219360352e-01
2.786062657833099365e-01
6.828210353851318359e-01
2.830406427383422852e-01
5.522392988204956055e-01
8.752741217613220215e-01
-4.833665117621421814e-02
2.257819324731826782e-01
2.421127073466777802e-02
8.869134187698364258e-01
9.825505018234252930e-01
7.610439658164978027e-01
3.662930428981781006e-01
3.710124492645263672e-01
7.522489428520202637e-01
-8.205870985984802246e-01
-1.633118987083435059e-01
6.316576004028320312e-01
3.362717106938362122e-02
2.749619185924530029e-01
-1.553086340427398682e-01
-9.618082046508789062e-01
2.264682501554489136e-01
9.834531545639038086e-01
9.036300182342529297e-01
-4.194498956203460693e-01
-5.021791458129882812e-01
-4.820061624050140381e-01
2.252772450447082520e-01
-4.472452700138092041e-01
-4.818013310432434082e-01
-6.052315235137939453e-01
-4.469071328639984131e-01
-9.948322176933288574e-01
-9.219313263893127441e-01
-9.024065732955932617e-02
3.021410703659057617e-01
3.356176018714904785e-01
-5.574673414230346680e-01
1.898620426654815674e-01
-9.281157255172729492e-01
-1.524618268013000488e-01
-7.694543153047561646e-02
-7.261931300163269043e-01
8.755798339843750000e-01
2.338243871927261353e-01
-5.056478977203369141e-01
-1.590330451726913452e-01
9.819247722625732422e-01
-4.462778568267822266e-01
3.280144035816192627e-01
-9.992277622222900391e-01
2.604831755161285400e-02
9.845092296600341797e-01
-6.490738391876220703e-01
8.323569893836975098e-01
-8.117181062698364258e-01
-8.091471195220947266e-01
3.995036780834197998e-01
1.497818082571029663e-01
2.309667170047760010e-01
1.336441636085510254e-01
2.618869543075561523e-01
-4.485616683959960938e-01
9.826653599739074707e-01
6.248482465744018555e-01
8.837897181510925293e-01
-7.235341072082519531e-01
6.954576373100280762e-01
-4.879643321037292480e-01
1.058536842465400696e-01
2.500713169574737549e-01
9.710164666175842285e-01
8.833601474761962891e-01
9.734466671943664551e-01
9.826142787933349609e-01
-1.592696011066436768e-01
-1.575563251972198486e-01
6.719015240669250488e-01
8.249222040176391602e-01
2.705675661563873291e-01
2.256890386343002319e-01
3.761752247810363770e-01
-4.807285964488983154e-01
-5.802567005157470703e-01
9.986631274223327637e-01
-8.651172518730163574e-01
-4.883906245231628418e-01
2.720415592193603516e-01
6.818974018096923828e-01
8.790520429611206055e-01
3.765413463115692139e-01
6.651735901832580566e-01
2.843881249427795410e-01
-6.862439960241317749e-02
8.015305399894714355e-01
-1.923638135194778442e-01
7.277996540069580078e-01
7.969796657562255859e-01
9.128399491310119629e-01
-7.513087391853332520e-01
3.516217172145843506e-01
7.165169119834899902e-01
7.521791458129882812e-01
-4.560861736536026001e-02
-7.220813035964965820e-01
6.822893619537353516e-01
-4.930779337882995605e-01
8.742814064025878906e-01
8.980004787445068359e-01
9.843953847885131836e-01
-8.370718359947204590e-01
-6.604359298944473267e-02
-1.195382848381996155e-01
-7.246088981628417969e-01
3.501022160053253174e-01
-1.777658462524414062e-01
7.008135318756103516e-01
-9.739108681678771973e-01
-8.696355819702148438e-01
1.195017546415328979e-01
-6.545186042785644531e-01
-1.870371997356414795e-01
9.508627653121948242e-01
-1.573247462511062622e-01
8.753432035446166992e-01
-1.567710638046264648e-01
8.934833407402038574e-01
7.214239239692687988e-01
8.920019268989562988e-01
7.015529870986938477e-01
7.014482617378234863e-01
2.347517460584640503e-01
8.858540654182434082e-01
3.513425290584564209e-01
6.158558130264282227e-01
-7.602227926254272461e-01
-1.570358276367187500e-01
6.879565715789794922e-01
3.300486207008361816e-01
-1.608587205410003662e-01
-8.290593028068542480e-01
-8.326007723808288574e-01
2.745569348335266113e-01
-4.775367975234985352e-01
-1.565132737159729004e-01
2.061369121074676514e-01
1.534768790006637573e-01
-1.568980365991592407e-01
2.858585119247436523e-01
-4.846349954605102539e-01
6.923862099647521973e-01
9.848212599754333496e-01
8.671480417251586914e-01
1.854006052017211914e-01
2.275101542472839355e-01
-2.552138864994049072e-01
6.375958323478698730e-01
-5.819917917251586914e-01
-4.461692869663238525e-01
9.849000573158264160e-01
-7.241355776786804199e-01
2.567835748195648193e-01
6.901559233665466309e-02
2.521276772022247314e-01
3.276815712451934814e-01
-1.563231348991394043e-01
-4.865894615650177002e-01
3.034079670906066895e-01
-8.310777544975280762e-01
8.557410836219787598e-01
2.274420559406280518e-01
1.894103884696960449e-01
3.248345255851745605e-01
-8.193483948707580566e-01
-1.587527692317962646e-01
3.205468654632568359e-01
-4.617161452770233154e-01
-1.245776936411857605e-01
-2.178045213222503662e-01
6.787589788436889648e-01
9.703096747398376465e-01
-7.022095322608947754e-01
-1.606774479150772095e-01
6.822277307510375977e-01
6.154797673225402832e-01
6.970123052597045898e-01
3.347206711769104004e-01
2.633879780769348145e-01
2.253050208091735840e-01
-7.261348366737365723e-01
-4.466712772846221924e-01
3.759265244007110596e-01
-8.905159235000610352e-01
-9.629348665475845337e-02
-8.297885656356811523e-01
4.394801259040832520e-01
-9.397738575935363770e-01
3.167918324470520020e-01
8.761147260665893555e-01
2.360663861036300659e-01
8.585774302482604980e-01
-4.239987134933471680e-01
6.811538338661193848e-01
6.854660511016845703e-01
-9.966013431549072266e-01
1.423724144697189331e-01
8.781370520591735840e-01
1.026331633329391479e-01
8.613481521606445312e-01
6.209427118301391602e-01
8.793926835060119629e-01
8.980153203010559082e-01
-5.215994119644165039e-01
3.299334645271301270e-01
-3.636386692523956299e-01
-4.448114335536956787e-01
-1.683427244424819946e-01
-4.445236623287200928e-01
9.218804240226745605e-01
8.763154745101928711e-01
-8.354170322418212891e-01
3.629776835441589355e-01
2.833223342895507812e-01
6.815139651298522949e-01
-8.336965441703796387e-01
-8.282901048660278320e-01
2.223439216613769531e-01
2.704956531524658203e-01
9.123709201812744141e-01
-8.434151411056518555e-01
-4.783478677272796631e-01
-1.286462992429733276e-01
9.851036667823791504e-01
8.782893419265747070e-01
-8.478701114654541016e-01
2.176084071397781372e-01
1.333884000778198242e-01
-4.697594642639160156e-01
6.701550483703613281e-01
-4.784052371978759766e-01
3.539692461490631104e-01
8.515502214431762695e-01
6.821103692054748535e-01
3.576761782169342041e-01
-7.086923122406005859e-01
8.753225803375244141e-01
8.516996353864669800e-02
-9.981861710548400879e-01
8.758576512336730957e-01
-7.572014927864074707e-01
3.678270578384399414e-01
4.051364064216613770e-01
1.988143920898437500e-01
-4.079156219959259033e-01
7.276672124862670898e-01
2.285618335008621216e-01
9.736592769622802734e-01
-6.977602839469909668e-01
-9.251009821891784668e-01
6.355883479118347168e-01
-9.360107779502868652e-01
9.923237562179565430e-01
7.527644634246826172e-01
7.071431279182434082e-01
8.792872428894042969e-01
-4.870532751083374023e-01
-4.762695431709289551e-01
2.617448568344116211e-01
5.781532451510429382e-02
3.252895474433898926e-01
3.694579005241394043e-01
6.150969266891479492e-01
2.088984549045562744e-01
8.774003386497497559e-01
1.176995113492012024e-01
7.629690766334533691e-01
-7.263769507408142090e-01
2.054889202117919922e-01
-9.990934133529663086e-01
-1.662774085998535156e-01
-8.288123011589050293e-01
-7.351449728012084961e-01
3.700753450393676758e-01
-4.447540640830993652e-01
3.252980709075927734e-01
6.032700538635253906e-01
9.026848673820495605e-01
-8.295091390609741211e-01
7.346592545509338379e-01
2.370499074459075928e-01
9.357395768165588379e-01
1.558402329683303833e-01
-4.382732510566711426e-01
7.426912188529968262e-01
-7.097741365432739258e-01
3.574807345867156982e-01
2.546430826187133789e-01
6.821593642234802246e-01
2.810744941234588623e-01
6.824803948402404785e-01
-1.009393930435180664e-01
3.578117489814758301e-01
7.474129199981689453e-01
2.349424809217453003e-01
9.849481582641601562e-01
-9.576808214187622070e-01
6.820210814476013184e-01
9.847924113273620605e-01
3.402540683746337891e-01
8.910266160964965820e-01
2.452451735734939575e-01
-7.250043749809265137e-01
-8.315352797508239746e-01
-7.490511536598205566e-01
7.448102235794067383e-01
-6.208006739616394043e-01
-9.872526526451110840e-01
-4.500471353530883789e-01
6.975898146629333496e-01
-4.534048736095428467e-01
9.870108366012573242e-01
-7.319453358650207520e-01
-4.813193082809448242e-01
-1.911408007144927979e-01
-6.384190917015075684e-01
7.056940793991088867e-01
4.096553921699523926e-01
6.821796298027038574e-01
-8.362944126129150391e-01
1.506759822368621826e-01
-7.127050757408142090e-01
9.844069480895996094e-01
2.237687408924102783e-01
2.544175684452056885e-01
3.229616582393646240e-01
7.251283526420593262e-01
7.830731868743896484e-01
2.879047095775604248e-01
1.321936100721359253e-01
2.589318454265594482e-01
3.716282546520233154e-01
3.136151134967803955e-01
8.963308334350585938e-01
9.822474122047424316e-01
-7.865780591964721680e-01
-1.578665822744369507e-01
2.536044716835021973e-01
6.822245121002197266e-01
3.012234866619110107e-01
-1.223156452178955078e-01
2.258800119161605835e-01
-4.479569792747497559e-01
-7.231417298316955566e-01
2.823546826839447021e-01
6.883639097213745117e-01
8.789408802986145020e-01
6.790563464164733887e-01
-8.308649659156799316e-01
2.831797003746032715e-01
7.349635362625122070e-01
-9.974737167358398438e-01
-6.209982633590698242e-01
-5.381672382354736328e-01
7.304247617721557617e-01
-1.584815382957458496e-01
9.812231063842773438e-01
-1.571866273880004883e-01
-7.887738347053527832e-01
2.583273351192474365e-01
7.481693029403686523e-01
2.727232873439788818e-01
2.899657189846038818e-01
-2.059672921895980835e-01
2.260375320911407471e-01
-7.347325086593627930e-01
-6.526665091514587402e-01
9.804034829139709473e-01
6.775234341621398926e-01
8.763002753257751465e-01
-4.742515981197357178e-01
2.871180176734924316e-01
-2.282073199748992920e-01
2.842875421047210693e-01
9.890575408935546875e-01
-4.729560911655426025e-01
-8.297164440155029297e-01
6.950277686119079590e-01
7.579978108406066895e-01
3.918877542018890381e-01
9.434852600097656250e-01
3.103451728820800781e-01
-8.217749595642089844e-01
2.705085873603820801e-01
3.459029495716094971e-01
6.796251535415649414e-01
3.236363232135772705e-01
-4.670820534229278564e-01
-6.133726239204406738e-01
-5.872545242309570312e-01
-9.755929708480834961e-01
7.831649184226989746e-01
6.861234903335571289e-01
3.554344475269317627e-01
7.125455141067504883e-01
-4.817115068435668945e-01
2.901454567909240723e-01
-1.551269143819808960e-01
2.611261904239654541e-01
-1.573012620210647583e-01
2.599944770336151123e-01
7.378181219100952148e-01
9.700171649456024170e-02
1.217463389039039612e-01
-1.645250916481018066e-01
6.795493364334106445e-01
3.227980732917785645e-01
-7.377868890762329102e-01
-1.393707096576690674e-01
9.141921997070312500e-01
8.855997323989868164e-01
-7.207683324813842773e-01
8.788737654685974121e-01
9.848845601081848145e-01
7.073909640312194824e-01
-2.095719426870346069e-02
-1.877459734678268433e-01
-4.257160425186157227e-01
-8.321210145950317383e-01
2.222912311553955078e-01
-8.522795438766479492e-01
6.866694092750549316e-01
-2.035381346940994263e-01
-4.620161354541778564e-01
3.460863828659057617e-01
-4.633674919605255127e-01
9.986696839332580566e-01
-2.082939147949218750e-01
-1.315971612930297852e-01
-1.564836204051971436e-01
8.737827539443969727e-01
7.762829065322875977e-01
8.514262735843658447e-02
6.728463768959045410e-01
5.941335558891296387e-01
-1.580896377563476562e-01
2.245905846357345581e-01
6.886017918586730957e-01
8.802335858345031738e-01
9.189848899841308594e-01
7.268095016479492188e-01
9.843643307685852051e-01
-1.660089492797851562e-01
-2.079217731952667236e-01
-4.554679989814758301e-01
9.775971174240112305e-01
-1.569589674472808838e-01
-8.281893730163574219e-01
-1.327599883079528809e-01
9.866676926612854004e-01
-7.256516814231872559e-01
9.631922245025634766e-01
3.189903795719146729e-01
3.038668036460876465e-01
-4.461848735809326172e-01
-2.092439830303192139e-01
3.763152360916137695e-01
3.096393942832946777e-01
-9.992825388908386230e-01
6.307597160339355469e-01
9.845932722091674805e-01
-1.590426862239837646e-01
9.847903251647949219e-01
-8.804745078086853027e-01
2.248984575271606445e-01
3.151717185974121094e-01
3.295977413654327393e-01
-1.576186269521713257e-01
-4.452660977840423584e-01
1.940299570560455322e-02
-1.170200705528259277e-01
6.895252466201782227e-01
9.960076212882995605e-01
-1.568715274333953857e-01
2.341471612453460693e-01
-4.713386297225952148e-01
9.639053940773010254e-01
7.402486354112625122e-02
-8.510994911193847656e-02
2.398742139339447021e-01
2.557299137115478516e-01
8.596361279487609863e-01
2.965888977050781250e-01
6.820675730705261230e-01
8.032503128051757812e-01
9.197623133659362793e-01
-7.254508733749389648e-01
4.337609112262725830e-01
9.316540509462356567e-02
-4.460385739803314209e-01
-7.235271930694580078e-01
2.358005344867706299e-01
-8.278675675392150879e-01
-4.787433743476867676e-01
-5.566851496696472168e-01
3.231025934219360352e-01
2.213838323950767517e-02
-1.764544546604156494e-01
-1.563698798418045044e-01
3.280373811721801758e-01
-1.768111996352672577e-02
-4.780134558677673340e-01
4.368077814579010010e-01
3.306681811809539795e-01
2.163092792034149170e-01
7.543648481369018555e-01
9.846665263175964355e-01
6.830955743789672852e-01
-6.316336393356323242e-01
-1.817015260457992554e-01
9.094955921173095703e-01
-1.854495257139205933e-01
2.406006008386611938e-01
7.195194959640502930e-01
2.314119786024093628e-01
8.158152699470520020e-01
9.454790353775024414e-01
2.690213322639465332e-01
7.220752835273742676e-01
-5.238873958587646484e-01
2.946778833866119385e-01
-5.508136749267578125e-01
2.482928931713104248e-01
2.260162681341171265e-01
-9.844235181808471680e-01
-9.966111779212951660e-01
3.066387474536895752e-01
-4.685001373291015625e-01
-3.371597230434417725e-01
-2.031302601099014282e-01
1.270563602447509766e-01
2.381376475095748901e-01
-8.317534327507019043e-01
6.823342442512512207e-01
-5.277253389358520508e-01
1.839737445116043091e-01
-5.589531660079956055e-01
7.629762291908264160e-01
3.279739618301391602e-01
-8.876704573631286621e-01
6.961780786514282227e-01
8.782309889793395996e-01
-9.107174277305603027e-01
9.820581674575805664e-01
9.848744869232177734e-01
-7.493038177490234375e-01
2.580526173114776611e-01
9.948596358299255371e-01
2.217247933149337769e-01
-9.994970560073852539e-01
-8.177828192710876465e-01
8.738900423049926758e-01
-4.459417462348937988e-01
4.974030703306198120e-02
-4.542223513126373291e-01
9.645534753799438477e-01
6.926467418670654297e-01
2.247073501348495483e-01
-4.779489636421203613e-01
2.543232738971710205e-01
3.694200217723846436e-01
-8.338235616683959961e-01
-6.950142383575439453e-01
-1.557135581970214844e-01
-2.272500991821289062e-01
8.305606991052627563e-02
-8.311540484428405762e-01
-8.290948867797851562e-01
-4.763471484184265137e-01
9.164872765541076660e-01
9.788257479667663574e-01
1.448246538639068604e-01
-7.237910032272338867e-01
-8.108173012733459473e-01
-5.217860341072082520e-01
-2.632958292961120605e-01
-1.328527331352233887e-01
6.414538025856018066e-01
6.899799108505249023e-01
-8.903996944427490234e-01
5.572578683495521545e-02
2.751219570636749268e-01
-7.057275772094726562e-01
7.253825068473815918e-01
-1.941525340080261230e-01
8.875597715377807617e-01
-3.893083631992340088e-01
3.079850971698760986e-01
7.335613369941711426e-01
-1.289977580308914185e-01
8.976445198059082031e-01
-2.072118967771530151e-01
-6.879385709762573242e-01
9.849060177803039551e-01
7.681051492691040039e-01
-8.910146951675415039e-01
-5.455625653266906738e-01
-2.171845436096191406e-01
1.693177036941051483e-02
-2.120433449745178223e-01
-8.063774108886718750e-01
9.236240386962890625e-02
8.878757357597351074e-01
-5.158241987228393555e-01
3.422220051288604736e-01
-8.277701139450073242e-01
9.792905449867248535e-01
1.087370291352272034e-01
3.733806014060974121e-01
-8.104087710380554199e-01
2.282828092575073242e-01
-5.112703442573547363e-01
7.965358495712280273e-01
-8.318866491317749023e-01
2.765514552593231201e-01
6.752061843872070312e-01
5.826590657234191895e-01
-7.047026157379150391e-01
-8.599289655685424805e-01
-1.647270172834396362e-01
-8.287014961242675781e-01
9.852943420410156250e-01
3.265267610549926758e-01
-3.862039446830749512e-01
2.314613908529281616e-01
9.887649416923522949e-01
-7.431470155715942383e-01
8.816730976104736328e-01
-1.724619418382644653e-01
-7.538284063339233398e-01
6.916942596435546875e-01
-8.492840826511383057e-02
6.824337840080261230e-01
-8.300322294235229492e-01
-1.475595533847808838e-01
-1.534602344036102295e-01
2.525652945041656494e-01
2.801436185836791992e-01
-5.602374672889709473e-01
-7.821891307830810547e-01
6.821612715721130371e-01
9.888221025466918945e-01
9.659413695335388184e-01
-1.617644727230072021e-01
-4.426708519458770752e-01
9.015926718711853027e-01
-2.473602592945098877e-01
6.118528842926025391e-01
-4.176605641841888428e-01
-7.252263426780700684e-01
2.729162015020847321e-02
2.862370312213897705e-01
1.804017275571823120e-01
-5.412223339080810547e-01
8.756623864173889160e-01
-1.213017851114273071e-01
-4.723490476608276367e-01
-8.724159598350524902e-01
-4.498874247074127197e-01
-9.914731234312057495e-02
-7.270440459251403809e-01
2.382101118564605713e-01
7.207141518592834473e-01
-1.582739651203155518e-01
7.277761101722717285e-01
7.838880419731140137e-01
-1.690934449434280396e-01
-4.798209369182586670e-01
-8.404368758201599121e-01
-4.778391420841217041e-01
-8.321271538734436035e-01
9.904738664627075195e-01
3.299402594566345215e-01
2.282073199748992920e-01
6.607321500778198242e-01
2.325898110866546631e-01
6.832702159881591797e-01
9.843674898147583008e-01
8.813370466232299805e-01
-7.251445651054382324e-01
6.462513804435729980e-01
8.741801977157592773e-01
3.246306180953979492e-01
3.131102621555328369e-01
7.626473903656005859e-01
-6.876395940780639648e-01
-4.456396996974945068e-01
2.876923680305480957e-01
3.219567537307739258e-01
2.933710515499114990e-01
8.781109452247619629e-01
-1.564496606588363647e-01
2.795622944831848145e-01
3.508743047714233398e-01
8.856424689292907715e-01
9.863738417625427246e-01
-9.904764890670776367e-01
9.848366975784301758e-01
2.844057679176330566e-01
-7.913470864295959473e-01
-2.041670531034469604e-01
-1.534678041934967041e-01
7.266498804092407227e-01
-1.927210390567779541e-01
9.167467355728149414e-01
2.748208045959472656e-01
8.846239447593688965e-01
8.915306329727172852e-01
7.026010155677795410e-01
9.129387736320495605e-01
2.132499963045120239e-01
6.672393083572387695e-01
