2.323490083217620850e-01 3.119593560695648193e-01 -5.693112611770629883e-01
-3.908304572105407715e-01 2.769565284252166748e-01 -4.446647465229034424e-01
-5.806568637490272522e-02 -1.376980841159820557e-01 5.530617237091064453e-01
1.653109639883041382e-01 9.498988837003707886e-02 6.901069879531860352e-01
-5.244628787040710449e-01 2.994033694267272949e-01 -3.509807586669921875e-01
-3.401651084423065186e-01 4.548476040363311768e-01 5.475130081176757812e-01
-1.494832336902618408e-01 1.948937773704528809e-01 -4.926029443740844727e-01
-1.031587496399879456e-01 6.459901332855224609e-01 4.282342493534088135e-01
4.452422559261322021e-01 -5.049972534179687500e-01 -4.145448505878448486e-01
3.738488256931304932e-01 1.836325675249099731e-01 -3.305496573448181152e-01
5.582606196403503418e-01 -1.887711137533187866e-01 -6.861133575439453125e-01
-6.695241481065750122e-02 -1.342672556638717651e-01 -2.374602556228637695e-01
5.278324484825134277e-01 -4.283095300197601318e-01 -2.837449908256530762e-01
5.871572494506835938e-01 -3.887342214584350586e-01 4.213330447673797607e-01
5.581123232841491699e-01 -1.893294304609298706e-01 -6.857668161392211914e-01
-2.574822604656219482e-01 1.066970359534025192e-02 -1.798623055219650269e-01
3.768528401851654053e-01 -4.655732512474060059e-01 -1.085932105779647827e-01
4.475415349006652832e-01 -5.164011120796203613e-01 -3.169074356555938721e-01
-3.810357749462127686e-01 4.082052111625671387e-01 5.529807806015014648e-01
5.316302776336669922e-01 -1.944922953844070435e-01 -6.806532740592956543e-01
4.391427338123321533e-01 -5.228437781333923340e-01 -3.820399343967437744e-01
-5.139110237360000610e-02 3.826727569103240967e-01 -4.477305710315704346e-01
-5.648390650749206543e-01 7.853542268276214600e-02 3.042508661746978760e-01
-5.848599672317504883e-01 5.275399610400199890e-02 3.487368822097778320e-01
1.762140691280364990e-01 9.519571810960769653e-02 7.023445963859558105e-01
1.598983556032180786e-01 -1.374730467796325684e-01 1.814298182725906372e-01
-2.328860908746719360e-01 -3.497303426265716553e-01 -2.991551160812377930e-01
-1.071006208658218384e-01 -1.766778528690338135e-01 1.896827369928359985e-01
-3.874729871749877930e-01 4.448609948158264160e-01 -4.914203584194183350e-01
-1.202551499009132385e-01 4.824037551879882812e-01 5.526245236396789551e-01
-4.348540902137756348e-01 7.165109366178512573e-02 4.826549291610717773e-01
5.967581272125244141e-01 -3.766848146915435791e-01 4.364466071128845215e-01
-4.059799015522003174e-01 3.769315481185913086e-01 5.615211129188537598e-01
1.680406779050827026e-01 9.074327349662780762e-02 7.133969664573669434e-01
-4.093572795391082764e-01 5.117344260215759277e-01 6.504879146814346313e-02
5.396201014518737793e-01 -2.406905740499496460e-01 -6.663375496864318848e-01
1.522891223430633545e-01 7.184779644012451172e-02 7.092674374580383301e-01
-3.865106105804443359e-01 4.432966411113739014e-01 -4.914714395999908447e-01
7.234416007995605469e-01 8.000221103429794312e-02 3.700911700725555420e-01
-3.162234127521514893e-01 4.814348220825195312e-01 5.441362857818603516e-01
4.350223839282989502e-01 -5.095646977424621582e-01 -3.904879391193389893e-01
-3.870092034339904785e-01 4.446767568588256836e-01 -4.912418127059936523e-01
3.349576294422149658e-01 -1.384428292512893677e-01 -6.100174188613891602e-01
6.465886235237121582e-01 -2.005898356437683105e-01 -4.014179483056068420e-02
-3.882210552692413330e-01 3.998815417289733887e-01 5.580523610115051270e-01
-2.988699972629547119e-01 3.605783730745315552e-02 6.302101016044616699e-01
3.380791842937469482e-01 3.245666325092315674e-01 1.373170465230941772e-01
5.644168853759765625e-01 -3.531721830368041992e-01 -3.968802466988563538e-02
-1.275406181812286377e-01 -3.003202974796295166e-01 5.979017019271850586e-01
4.430788457393646240e-01 -5.300766229629516602e-01 -3.583581745624542236e-01
4.062693715095520020e-01 -1.644145883619785309e-02 5.697700977325439453e-01
7.615813612937927246e-02 -2.558219991624355316e-02 7.147956490516662598e-01
3.777627348899841309e-01 -7.623476535081863403e-02 4.913254976272583008e-01
6.493054628372192383e-01 -1.501251906156539917e-01 4.129985272884368896e-01
4.633219838142395020e-01 -3.435105681419372559e-01 5.212638378143310547e-01
1.656782031059265137e-01 8.588271588087081909e-02 6.310552358627319336e-01
-4.549161791801452637e-01 2.364185303449630737e-01 -3.768112957477569580e-01
-5.538548827171325684e-01 2.673539519309997559e-01 -6.114761531352996826e-02
1.529008746147155762e-01 6.046283617615699768e-02 7.147743105888366699e-01
6.706888079643249512e-01 -2.246295958757400513e-01 -1.662266105413436890e-01
4.154342114925384521e-01 -5.773429870605468750e-01 1.920470893383026123e-01
2.163852304220199585e-01 1.699004620313644409e-01 6.611431837081909180e-01
3.192546591162681580e-02 6.292161345481872559e-01 5.340029597282409668e-01
-3.929656147956848145e-01 3.959951102733612061e-01 5.578771829605102539e-01
-2.850218713283538818e-01 5.582104995846748352e-02 6.588160991668701172e-01
-6.605392694473266602e-02 -1.273756176233291626e-01 -5.296220183372497559e-01
-5.295502543449401855e-01 1.367480456829071045e-01 4.146637320518493652e-01
3.789013922214508057e-01 4.724229574203491211e-01 5.173861384391784668e-01
6.045935750007629395e-01 -3.509297966957092285e-01 4.344720542430877686e-01
-2.121112942695617676e-01 -3.217061161994934082e-01 -3.577306568622589111e-01
4.448567330837249756e-01 -4.954425990581512451e-01 -4.358053803443908691e-01
4.886391460895538330e-01 -5.097998380661010742e-01 2.756439745426177979e-01
1.642785221338272095e-01 3.125402927398681641e-01 -4.664445817470550537e-01
3.273996524512767792e-03 4.605771303176879883e-01 5.564698576927185059e-01
5.590102076530456543e-01 -1.886026412248611450e-01 -6.779565215110778809e-01
4.373014345765113831e-02 -6.718622148036956787e-02 -6.096856594085693359e-01
-3.636043891310691833e-02 -1.459201723337173462e-01 7.596279382705688477e-01
-2.577206492424011230e-01 -4.034732878208160400e-01 -2.025956958532333374e-01
-4.135267138481140137e-01 4.201712310314178467e-01 -4.493229687213897705e-01
1.319508552551269531e-01 1.719687730073928833e-01 -6.505750417709350586e-01
-4.623433649539947510e-01 1.094086319208145142e-01 4.484916329383850098e-01
-2.117448598146438599e-01 -3.235144913196563721e-01 -3.589179515838623047e-01
3.437563404440879822e-02 7.161578536033630371e-02 6.590355038642883301e-01
-2.615022659301757812e-01 4.567098319530487061e-01 5.550841689109802246e-01
2.096062153577804565e-01 1.978413015604019165e-01 -4.015286564826965332e-01
-2.414527833461761475e-01 -3.770570755004882812e-01 1.279727220535278320e-01
-1.248686667531728745e-02 -1.241865009069442749e-01 7.629442214965820312e-01
1.558707803487777710e-01 6.222209706902503967e-02 7.083292603492736816e-01
-1.910417713224887848e-02 -1.971716582775115967e-01 -4.953720271587371826e-01
5.533784031867980957e-01 -1.492242217063903809e-01 -6.654987335205078125e-01
-3.600925803184509277e-01 -4.865101538598537445e-03 -3.158113956451416016e-01
4.620172381401062012e-01 -4.498184919357299805e-01 -4.764938056468963623e-01
-5.922158807516098022e-02 -1.900226622819900513e-01 6.188660264015197754e-01
4.308443367481231689e-01 -5.389828085899353027e-01 -4.750706627964973450e-02
5.039230734109878540e-02 -5.605293810367584229e-02 7.281377911567687988e-01
1.943563669919967651e-01 5.297323465347290039e-01 4.551402032375335693e-01
-4.452739655971527100e-01 3.024270534515380859e-01 5.218678116798400879e-01
4.138811230659484863e-01 -5.214415192604064941e-01 -3.624156117439270020e-01
-2.899297773838043213e-01 5.030727982521057129e-01 5.386207699775695801e-01
-4.618172049522399902e-01 3.715297281742095947e-01 -4.290937781333923340e-01
-2.111703306436538696e-01 -3.914983272552490234e-01 2.182201147079467773e-01
5.399037599563598633e-01 -1.805490702390670776e-01 -6.798217296600341797e-01
5.374084711074829102e-01 -7.020014524459838867e-02 6.704683601856231689e-02
-3.751665651798248291e-01 4.405685365200042725e-01 -4.920131564140319824e-01
-4.122244566679000854e-02 -1.534788012504577637e-01 7.527863383293151855e-01
-5.877557992935180664e-01 5.494475737214088440e-02 3.288142085075378418e-01
6.369152069091796875e-01 -2.283099591732025146e-01 4.058634638786315918e-01
-2.832632064819335938e-01 -3.783536553382873535e-01 -1.679214984178543091e-01
1.064961403608322144e-01 1.148234680294990540e-02 7.226878404617309570e-01
4.324447512626647949e-01 -5.292652845382690430e-01 -3.681336939334869385e-01
-5.501297712326049805e-01 1.078440472483634949e-01 3.920188248157501221e-01
4.815852940082550049e-01 -2.034439593553543091e-01 -5.234174728393554688e-01
-3.293187022209167480e-01 3.154964148998260498e-01 -5.146859288215637207e-01
-4.271323382854461670e-01 3.404089212417602539e-01 5.422063469886779785e-01
-4.438402131199836731e-02 -9.459828585386276245e-02 -5.684460997581481934e-01
5.882994532585144043e-01 -3.881444633007049561e-01 4.257070124149322510e-01
4.154850542545318604e-01 -2.528998851776123047e-01 -6.453683376312255859e-01
-2.576895356178283691e-01 5.438445210456848145e-01 5.374242663383483887e-01
4.912049174308776855e-01 -4.670265913009643555e-01 -1.112344115972518921e-01
6.767588853836059570e-01 -4.735309630632400513e-02 3.746279478073120117e-01
-4.166691899299621582e-01 3.609818220138549805e-01 5.529740452766418457e-01
-4.057493507862091064e-01 3.673595488071441650e-01 -4.015187025070190430e-01
-1.350371539592742920e-01 -1.710894256830215454e-01 -4.275339245796203613e-01
1.530525982379913330e-01 7.041695713996887207e-02 7.186347246170043945e-01
-6.135758012533187866e-02 2.636386156082153320e-01 -5.526301264762878418e-01
3.845678865909576416e-01 1.674412488937377930e-01 -3.832557797431945801e-01
5.458292365074157715e-01 -4.321966469287872314e-01 3.661025464534759521e-01
4.341332018375396729e-01 -5.649074316024780273e-01 2.123443037271499634e-01
8.100526034832000732e-02 -1.861158013343811035e-02 7.232004404067993164e-01
-2.545904815196990967e-01 -3.424177765846252441e-01 3.510808944702148438e-01
1.466724723577499390e-01 -4.249583482742309570e-01 3.440856933593750000e-01
-6.997287273406982422e-02 -3.245426416397094727e-01 4.305624365806579590e-01
1.687088906764984131e-01 9.586001932621002197e-02 7.037361264228820801e-01
5.925742983818054199e-01 -4.011302292346954346e-01 -3.000057674944400787e-02
5.536029338836669922e-01 -1.949280947446823120e-01 -6.836311817169189453e-01
4.681429862976074219e-01 -3.821301162242889404e-01 5.127328038215637207e-01
-1.575291007757186890e-01 -1.814127415418624878e-01 -4.065395295619964600e-01
-4.588761627674102783e-01 3.739263415336608887e-01 -3.964477777481079102e-01
-9.208945930004119873e-02 -2.359714806079864502e-01 6.509919762611389160e-01
4.846749007701873779e-01 -4.171299934387207031e-01 4.291370511054992676e-01
-2.733581662178039551e-01 -4.288633465766906738e-01 -1.009556874632835388e-01
1.099448502063751221e-01 2.958127856254577637e-01 -2.681495249271392822e-01
1.770752668380737305e-01 9.241916239261627197e-02 7.068147063255310059e-01
2.726698219776153564e-01 3.735957741737365723e-01 -1.168989986181259155e-01
-1.891239546239376068e-02 4.690030813217163086e-01 1.019565835595130920e-01
2.842095196247100830e-01 3.809482753276824951e-01 -1.349595338106155396e-01
4.432106614112854004e-01 -5.208417177200317383e-01 -3.720216751098632812e-01
4.483721852302551270e-01 -4.733807146549224854e-01 -4.677162468433380127e-01
-1.061953380703926086e-01 -2.883411645889282227e-01 5.487009286880493164e-01
-4.568148255348205566e-01 4.153313934803009033e-01 -5.472023412585258484e-02
-2.206451445817947388e-01 -3.063525855541229248e-01 -3.536263406276702881e-01
-2.110840678215026855e-01 -4.043053090572357178e-01 3.459672331809997559e-01
1.747630834579467773e-01 5.106360912322998047e-01 5.491657853126525879e-01
4.461136460304260254e-01 -5.430609583854675293e-01 -1.017322242259979248e-01
5.123797655105590820e-01 -2.071906030178070068e-01 -6.730022430419921875e-01
-2.189589142799377441e-01 -3.300203084945678711e-01 -3.498378098011016846e-01
4.469387829303741455e-01 -5.217167735099792480e-01 -3.702767491340637207e-01
2.701020836830139160e-01 2.890716791152954102e-01 6.112965345382690430e-01
1.528054624795913696e-01 7.014721632003784180e-02 7.176110148429870605e-01
-2.242909930646419525e-02 -1.417039483785629272e-01 -9.573293477296829224e-02
6.476695090532302856e-02 1.071033403277397156e-01 -6.265304088592529297e-01
-4.734928011894226074e-01 2.469774484634399414e-01 4.932679235935211182e-01
-3.580290675163269043e-01 4.357867836952209473e-01 5.505638122558593750e-01
2.360245138406753540e-01 -2.365833073854446411e-01 -5.188973546028137207e-01
1.113329082727432251e-01 -4.278293550014495850e-01 4.108152389526367188e-01
5.808054804801940918e-01 -3.939137160778045654e-01 4.100218713283538818e-01
-4.277395308017730713e-01 3.387984931468963623e-01 5.411395430564880371e-01
-3.356451988220214844e-01 5.036278963088989258e-01 2.175446897745132446e-01
2.848032712936401367e-01 3.818519115447998047e-01 -1.459970027208328247e-01
4.307254850864410400e-01 -3.591308593750000000e-01 -1.636233329772949219e-01
4.406584501266479492e-01 -5.332375764846801758e-01 -3.620114028453826904e-01
8.259295672178268433e-02 4.024698138236999512e-01 -1.815365999937057495e-01
-4.210183918476104736e-01 1.154483184218406677e-01 4.289592504501342773e-01
-1.421679109334945679e-01 -3.401177823543548584e-01 4.729399383068084717e-01
6.749811172485351562e-01 1.646396517753601074e-02 4.150718748569488525e-01
-3.915100097656250000e-01 4.410392642021179199e-01 -4.794433414936065674e-01
-5.413929224014282227e-01 1.252483874559402466e-01 3.070033192634582520e-01
-2.024653553962707520e-01 -3.440381884574890137e-01 -9.712488204240798950e-02
-1.506802290678024292e-01 -3.340542614459991455e-01 4.730491936206817627e-01
5.063848495483398438e-01 -4.786244928836822510e-01 2.978835105895996094e-01
-6.032729148864746094e-01 1.894304603338241577e-01 -1.876229643821716309e-01
7.863134145736694336e-02 1.499368846416473389e-01 -6.381180882453918457e-01
-2.245930731296539307e-01 1.416175812482833862e-01 -5.357033610343933105e-01
2.733939886093139648e-01 3.736366331577301025e-01 -1.773537844419479370e-01
1.780094504356384277e-01 -2.085292637348175049e-01 -1.591725274920463562e-02
8.913656324148178101e-02 1.140731945633888245e-01 -6.467452049255371094e-01
-3.887078464031219482e-01 4.436769485473632812e-01 -4.900007545948028564e-01
5.306891631335020065e-03 -1.707811206579208374e-01 5.356073975563049316e-01
2.156809419393539429e-01 -1.009213402867317200e-01 5.886495113372802734e-01
5.578699111938476562e-01 -1.947696208953857422e-01 -6.766857504844665527e-01
-5.951563715934753418e-01 2.117389738559722900e-01 -1.669674217700958252e-01
2.140631675720214844e-01 1.047026664018630981e-01 6.747968792915344238e-01
5.825058221817016602e-01 -3.705986738204956055e-01 4.525642991065979004e-01
-1.422335058450698853e-01 4.908164739608764648e-01 -5.531220138072967529e-02
1.644195914268493652e-01 1.866974234580993652e-01 -5.234097838401794434e-01
-4.844384491443634033e-01 9.935440123081207275e-02 4.404271245002746582e-01
-3.876024186611175537e-01 4.432774186134338379e-01 -4.872127175331115723e-01
-4.421921968460083008e-01 4.494557678699493408e-01 -6.575213372707366943e-02
5.557963848114013672e-01 -1.967817842960357666e-01 -6.821398735046386719e-01
1.606374979019165039e-01 8.440429717302322388e-02 7.079550623893737793e-01
5.517960190773010254e-01 -4.750006273388862610e-02 -6.082500219345092773e-01
-2.913575172424316406e-01 -2.616230845451354980e-01 2.362617850303649902e-01
2.418865561485290527e-01 1.871619820594787598e-01 5.629047155380249023e-01
-2.976928055286407471e-01 -1.728779971599578857e-01 -3.075540959835052490e-01
2.588059604167938232e-01 3.623259067535400391e-01 -4.964251816272735596e-01
-4.134535789489746094e-01 3.509501218795776367e-01 5.531940460205078125e-01
5.961488485336303711e-01 -3.799659609794616699e-01 4.375193715095520020e-01
3.278468549251556396e-01 -3.052322268486022949e-01 3.330160081386566162e-01
2.644636631011962891e-01 5.326904654502868652e-01 4.107563197612762451e-01
4.372577369213104248e-01 -5.336152315139770508e-01 -3.210236132144927979e-01
-3.335173428058624268e-01 4.984393119812011719e-01 -1.304029487073421478e-02
4.459280371665954590e-01 -5.237619280815124512e-01 -3.710942268371582031e-01
6.036011576652526855e-01 -3.528753519058227539e-01 4.357126057147979736e-01
2.132885716855525970e-02 2.520186305046081543e-01 -4.291984736919403076e-01
4.518334567546844482e-01 -5.172278881072998047e-01 -3.644554018974304199e-01
-3.515979349613189697e-01 3.895944952964782715e-01 -5.056108236312866211e-01
6.394233703613281250e-01 -2.148998677730560303e-01 -2.460262030363082886e-01
6.263229250907897949e-02 4.855084046721458435e-02 6.201552152633666992e-01
4.375056326389312744e-01 -5.105021595954895020e-01 -3.832508325576782227e-01
-4.983335733413696289e-02 1.745891571044921875e-02 2.860391438007354736e-01
7.787653803825378418e-02 4.793505072593688965e-01 5.446017980575561523e-01
4.745629131793975830e-01 1.123772636055946350e-01 -4.987668693065643311e-01
-4.089884459972381592e-01 3.773286640644073486e-01 5.606682896614074707e-01
-2.693195044994354248e-01 -4.134543240070343018e-01 -1.898257583379745483e-01
-1.261675208806991577e-01 -4.183945655822753906e-01 3.191738128662109375e-01
-6.247534230351448059e-02 -1.888158917427062988e-01 7.051333785057067871e-01
-4.329166710376739502e-01 4.010152816772460938e-01 -4.518485665321350098e-01
1.286345720291137695e-01 1.432493031024932861e-01 -6.676466464996337891e-01
5.672075748443603516e-01 -3.098059818148612976e-02 -6.211055442690849304e-03
4.306607842445373535e-01 -4.728428125381469727e-01 -1.166355609893798828e-01
4.817230105400085449e-01 -4.892196059226989746e-01 -1.753519624471664429e-01
4.489048421382904053e-01 -4.945239126682281494e-01 -4.200668931007385254e-01
-5.583314970135688782e-02 -3.936054706573486328e-01 2.087331116199493408e-01
-3.867081701755523682e-01 4.408431351184844971e-01 -4.841825664043426514e-01
-1.625242233276367188e-01 5.640264749526977539e-01 4.737015962600708008e-01
-1.741461455821990967e-01 -2.831112444400787354e-01 -3.767217993736267090e-01
6.492793560028076172e-01 -3.108409047126770020e-01 2.727220654487609863e-01
-1.350803077220916748e-01 -3.161084949970245361e-01 5.461766123771667480e-01
-2.366353273391723633e-01 -4.004932343959808350e-01 8.675023913383483887e-02
5.207729339599609375e-01 -2.788856625556945801e-01 -6.402178406715393066e-01
-3.425484299659729004e-01 3.376015126705169678e-01 5.875312685966491699e-01
-3.985321223735809326e-01 3.882040381431579590e-01 5.571817159652709961e-01
5.547735095024108887e-01 -2.038544714450836182e-01 -6.650026440620422363e-01
1.550623923540115356e-01 7.505075633525848389e-02 7.129999995231628418e-01
3.399176597595214844e-01 -4.963273108005523682e-01 -3.505594134330749512e-01
-3.982905745506286621e-01 -3.391454741358757019e-02 -2.617878615856170654e-01
4.857908487319946289e-01 -4.624476730823516846e-01 2.715976238250732422e-01
5.729250907897949219e-01 -4.064508676528930664e-01 4.001294672489166260e-01
3.168913424015045166e-01 -3.438308835029602051e-01 6.088883876800537109e-01
4.451089203357696533e-01 -5.280712246894836426e-01 -3.654250204563140869e-01
-5.780785679817199707e-01 5.264173820614814758e-02 3.417693972587585449e-01
-1.818229705095291138e-01 -3.617236614227294922e-01 2.568239569664001465e-01
-5.326414704322814941e-01 9.776668250560760498e-02 3.627662658691406250e-01
-1.966835707426071167e-01 -3.870351314544677734e-01 3.839848637580871582e-01
3.248327076435089111e-01 1.096794568002223969e-02 6.380954384803771973e-01
1.436207629740238190e-02 -1.474039405584335327e-01 -5.063788499683141708e-03
-4.563703760504722595e-02 2.907403409481048584e-01 -5.802350044250488281e-01
-1.721287220716476440e-01 1.856575608253479004e-01 -5.516124367713928223e-01
4.948417246341705322e-01 -1.039032265543937683e-01 4.916979372501373291e-01
-2.356879226863384247e-02 -1.425041705369949341e-01 7.404049634933471680e-01
-5.765759348869323730e-01 4.907272383570671082e-02 3.255379199981689453e-01
-4.963751435279846191e-01 3.223176002502441406e-01 -1.220460459589958191e-01
-6.064664721488952637e-01 1.928682923316955566e-01 -1.774282753467559814e-01
-3.536217510700225830e-01 -3.753000870347023010e-02 4.945150315761566162e-01
-4.970546439290046692e-02 -1.285368055105209351e-01 7.532926201820373535e-01
-1.972475498914718628e-01 -3.155217170715332031e-01 -3.022163808345794678e-01
5.058988928794860840e-01 -4.593271315097808838e-01 -2.033284902572631836e-01
-4.747582077980041504e-01 2.442056834697723389e-01 4.916543066501617432e-01
-1.404318511486053467e-01 4.263176023960113525e-01 -3.508440852165222168e-01
-5.606871247291564941e-01 9.463016688823699951e-02 3.871575891971588135e-01
3.489498198032379150e-01 4.627562165260314941e-01 5.742602944374084473e-01
4.862214624881744385e-01 -4.988147914409637451e-01 -1.445615291595458984e-01
1.889052093029022217e-01 2.235505282878875732e-01 -8.461438119411468506e-02
-4.152340888977050781e-01 3.485479056835174561e-01 5.461893081665039062e-01
3.577739000320434570e-01 4.501993060111999512e-01 5.727363824844360352e-01
-7.720926403999328613e-02 -2.180941998958587646e-01 6.693904399871826172e-01
-2.612676322460174561e-01 -4.037291705608367920e-01 -1.848392486572265625e-01
-1.705660820007324219e-01 -3.633196949958801270e-01 4.423090517520904541e-01
7.609678804874420166e-02 2.331518828868865967e-01 -5.845708250999450684e-01
5.837386250495910645e-01 5.246579647064208984e-02 2.515026926994323730e-01
1.317929029464721680e-01 2.053193598985671997e-01 -5.814024209976196289e-01
-2.176197022199630737e-01 -4.087280333042144775e-01 3.234449028968811035e-01
5.500295162200927734e-01 -2.031887173652648926e-01 -6.785705089569091797e-01
-6.089245676994323730e-01 1.891460865736007690e-01 -1.818905174732208252e-01
-6.006103157997131348e-01 2.011611908674240112e-01 -1.664735376834869385e-01
-6.035922765731811523e-01 1.925113946199417114e-01 -1.567179858684539795e-01
-3.886260688304901123e-01 4.432378411293029785e-01 -4.883168339729309082e-01
6.773291230201721191e-01 -6.183079630136489868e-02 4.085080325603485107e-01
7.249642610549926758e-01 7.842782884836196899e-02 3.749520778656005859e-01
4.985305666923522949e-01 -4.240064620971679688e-01 -3.708830475807189941e-01
-2.120311409235000610e-01 -3.212812840938568115e-01 -3.566242754459381104e-01
-5.267600417137145996e-01 1.484753936529159546e-01 4.303655028343200684e-01
-1.094393804669380188e-01 -2.698521316051483154e-01 6.254147887229919434e-01
-4.019071459770202637e-01 3.864565789699554443e-01 5.607460141181945801e-01
-6.036255359649658203e-01 1.834425777196884155e-01 -1.824683845043182373e-01
-2.882809042930603027e-01 2.966949343681335449e-01 6.099100112915039062e-01
6.392104625701904297e-01 -2.416935712099075317e-01 -2.368349432945251465e-01
4.923009574413299561e-01 -4.600947499275207520e-01 -3.450082242488861084e-01
-3.148904070258140564e-02 -9.416096657514572144e-02 -6.043864488601684570e-01
2.520735561847686768e-01 3.437678515911102295e-01 -4.812117516994476318e-01
-3.752182126045227051e-01 4.250408709049224854e-01 -4.959653317928314209e-01
1.105142161250114441e-01 1.488552708178758621e-02 7.062745094299316406e-01
-3.735356926918029785e-01 3.421004414558410645e-01 -4.686552584171295166e-01
-4.028177857398986816e-01 3.703861236572265625e-01 5.581366419792175293e-01
-2.161697298288345337e-01 -3.297365903854370117e-01 -3.253536522388458252e-01
-1.001999676227569580e-01 -1.561238914728164673e-01 -4.827752113342285156e-01
4.332177340984344482e-01 4.494289755821228027e-01 3.437641859054565430e-01
2.075846046209335327e-01 3.125695586204528809e-01 1.545125991106033325e-01
-4.087340533733367920e-01 3.771322667598724365e-01 5.608194470405578613e-01
-5.952875614166259766e-01 2.093847990036010742e-01 -1.880284696817398071e-01
6.176005005836486816e-01 -2.158462107181549072e-01 -3.315267264842987061e-01
2.979115247726440430e-01 -4.717144668102264404e-01 2.443502992391586304e-01
1.567610055208206177e-01 5.053611397743225098e-01 5.545608401298522949e-01
5.750320553779602051e-01 -4.013920724391937256e-01 4.064513742923736572e-01
5.717335343360900879e-01 -3.497402667999267578e-01 4.594138860702514648e-01
2.588652670383453369e-01 3.615450561046600342e-01 -3.943454027175903320e-01
4.299190342426300049e-01 -5.281371474266052246e-01 -3.684174418449401855e-01
-8.882236480712890625e-02 6.030726432800292969e-01 4.727941751480102539e-01
-3.716649413108825684e-01 3.420611321926116943e-01 5.793765187263488770e-01
1.858703978359699249e-02 -2.954720556735992432e-01 4.319439232349395752e-01
4.105692505836486816e-01 -1.156218815594911575e-02 4.226675629615783691e-01
1.343618780374526978e-01 3.987199962139129639e-01 -2.415424436330795288e-01
-5.798275470733642578e-01 6.109078228473663330e-02 3.552867472171783447e-01
-2.166377007961273193e-01 -4.092164337635040283e-01 3.327546417713165283e-01
-3.739181160926818848e-02 -7.579920440912246704e-02 -5.947152972221374512e-01
-2.241668999195098877e-01 -3.377913832664489746e-01 -3.293717205524444580e-01
2.802438437938690186e-01 3.779413998126983643e-01 -1.639691144227981567e-01
-2.676784098148345947e-01 -3.828184604644775391e-01 -1.226403340697288513e-01
-3.002804517745971680e-01 4.992660284042358398e-01 5.419806241989135742e-01
-5.368984490633010864e-02 -1.260059177875518799e-01 -5.093750953674316406e-01
4.351296424865722656e-01 -5.345554351806640625e-01 -3.115971982479095459e-01
1.484492570161819458e-01 1.699320226907730103e-01 -6.721636652946472168e-01
-2.351354211568832397e-01 -3.846714794635772705e-01 3.330031037330627441e-01
-1.180892810225486755e-01 -2.367058247327804565e-01 -4.053792059421539307e-01
-1.031275764107704163e-01 -2.491392046213150024e-01 6.666061878204345703e-01
3.653281629085540771e-01 5.234930515289306641e-01 3.929532766342163086e-01
6.132392883300781250e-01 -2.859260737895965576e-01 -2.108492553234100342e-01
1.041548140347003937e-02 -2.264128625392913818e-01 5.239515304565429688e-01
1.320348978042602539e-01 4.326394200325012207e-02 7.150878310203552246e-01
-2.170530557632446289e-01 -3.916465938091278076e-01 1.151224672794342041e-01
-5.051479116082191467e-02 -1.993991434574127197e-01 6.219581365585327148e-01
5.561285018920898438e-01 -1.954183280467987061e-01 -6.828418374061584473e-01
-3.002327382564544678e-01 4.984503686428070068e-01 5.275232791900634766e-01
-5.888957977294921875e-01 2.196689248085021973e-01 -1.538993418216705322e-01
1.750982552766799927e-01 1.181522905826568604e-01 6.823861002922058105e-01
5.852398276329040527e-01 -3.899485766887664795e-01 4.208254814147949219e-01
5.269988179206848145e-01 -1.796643286943435669e-01 -6.788642406463623047e-01
-4.507114738225936890e-02 -1.153137162327766418e-01 -5.780132412910461426e-01
2.193992435932159424e-01 4.400908201932907104e-02 5.066366791725158691e-01
5.607737228274345398e-02 4.110803604125976562e-01 -1.007159650325775146e-01
-4.570002481341362000e-02 4.211187362670898438e-01 -1.658969968557357788e-01
-3.147066757082939148e-02 4.537188708782196045e-01 -7.542353868484497070e-02
-3.943322002887725830e-01 3.802208602428436279e-01 -2.493567168712615967e-01
-2.162361294031143188e-01 -4.090274572372436523e-01 3.321999609470367432e-01
1.669509559869766235e-01 -2.640380263328552246e-01 -5.170308947563171387e-01
-5.283070206642150879e-01 7.600829750299453735e-02 3.915137350559234619e-01
-1.824260689318180084e-02 -3.737271726131439209e-01 1.389652341604232788e-01
6.006724238395690918e-01 -2.217246592044830322e-01 -3.946402072906494141e-01
-3.455800712108612061e-01 4.410166740417480469e-01 5.432561039924621582e-01
-3.724057674407958984e-01 -1.835622042417526245e-01 2.924256622791290283e-01
5.925561785697937012e-01 -2.855620980262756348e-01 -3.020719885826110840e-01
5.925920605659484863e-01 -3.610499799251556396e-01 4.171152412891387939e-01
5.574728846549987793e-01 -1.906844973564147949e-01 -6.846199035644531250e-01
3.066618144512176514e-01 3.462095856666564941e-01 -1.209142804145812988e-01
-3.894929587841033936e-01 4.303657114505767822e-01 -4.880689084529876709e-01
4.211186245083808899e-02 -2.564638257026672363e-01 -4.701823294162750244e-01
2.961661219596862793e-01 1.510206609964370728e-01 -3.853299319744110107e-01
6.029543876647949219e-01 -3.574278354644775391e-01 4.356194436550140381e-01
2.282035797834396362e-01 -2.533773481845855713e-01 -5.876842141151428223e-01
-3.880997598171234131e-01 4.443044662475585938e-01 -4.908259809017181396e-01
-1.130118295550346375e-01 -2.016206532716751099e-01 -4.519824683666229248e-01
-3.663090467453002930e-01 4.292760491371154785e-01 -4.955015182495117188e-01
5.851810574531555176e-01 -3.171826601028442383e-01 -2.994555234909057617e-01
-4.405522644519805908e-01 3.129450678825378418e-01 5.281531810760498047e-01
5.509913340210914612e-02 -2.534780465066432953e-02 7.084355950355529785e-01
3.474456444382667542e-02 -1.446750164031982422e-01 7.240450978279113770e-01
-8.807889372110366821e-02 -2.637340724468231201e-01 4.976356029510498047e-01
2.039336562156677246e-01 2.928058207035064697e-01 -5.349083542823791504e-01
-3.288303315639495850e-01 4.508501887321472168e-01 -4.787416160106658936e-01
1.573837101459503174e-01 1.882524788379669189e-01 -5.686539411544799805e-01
-2.096933275461196899e-01 -4.113743305206298828e-01 3.180924952030181885e-01
-3.864308297634124756e-01 4.424136877059936523e-01 -4.914114177227020264e-01
-2.153782695531845093e-01 -3.814482688903808594e-01 3.638601899147033691e-01
2.886109650135040283e-01 3.743327558040618896e-01 2.922553010284900665e-02
4.706809520721435547e-01 1.986855268478393555e-01 1.500570476055145264e-01
3.812909424304962158e-01 -2.812081873416900635e-01 -6.221778392791748047e-01
6.092980504035949707e-01 -3.314323723316192627e-01 4.306320548057556152e-01
-2.646660804748535156e-02 -1.518735587596893311e-01 6.852918863296508789e-01
-1.306725591421127319e-01 -2.671816349029541016e-01 4.657638072967529297e-01
4.399783611297607422e-01 -4.947548210620880127e-01 -4.287185370922088623e-01
-3.343664482235908508e-02 -1.694501638412475586e-01 6.778347492218017578e-01
-7.295283675193786621e-02 4.031043052673339844e-01 -1.105962172150611877e-01
4.462537467479705811e-01 -5.228366255760192871e-01 -3.641346991062164307e-01
-5.100347995758056641e-01 3.079243004322052002e-01 -3.552371263504028320e-01
4.447338581085205078e-01 -5.025110244750976562e-01 -4.220968186855316162e-01
-3.901408612728118896e-01 4.415253400802612305e-01 -4.893741011619567871e-01
1.774005778133869171e-02 -7.555317878723144531e-02 7.320426702499389648e-01
5.897883176803588867e-01 -8.664841204881668091e-02 1.051578223705291748e-01
6.078962087631225586e-01 -2.956975698471069336e-01 4.082813262939453125e-01
4.955256879329681396e-01 -5.002258419990539551e-01 2.848037779331207275e-01
4.365203082561492920e-01 -2.210101932287216187e-01 -4.911664128303527832e-01
-2.626124918460845947e-01 -4.075961112976074219e-01 -1.718393266201019287e-01
2.371362149715423584e-01 2.927278578281402588e-01 -4.918492138385772705e-01
4.578202366828918457e-01 -5.426433682441711426e-01 -6.400943547487258911e-02
4.882348701357841492e-02 -6.410458683967590332e-02 7.330659627914428711e-01
-1.992397010326385498e-02 -6.874153017997741699e-02 -6.038106679916381836e-01
2.464396506547927856e-01 4.692133143544197083e-02 6.820705533027648926e-01
4.411985576152801514e-01 -5.331462025642395020e-01 -3.681876361370086670e-01
3.610979020595550537e-01 -5.323001146316528320e-01 2.118969261646270752e-01
-3.620664179325103760e-01 1.418541520833969116e-01 -4.126009941101074219e-01
5.838710665702819824e-01 -1.815297454595565796e-01 3.237485289573669434e-01
4.634903669357299805e-01 -5.409026741981506348e-01 1.412532944232225418e-02
-4.113734364509582520e-01 3.726234436035156250e-01 5.584529638290405273e-01
-8.306897431612014771e-02 -2.145565152168273926e-01 6.993042230606079102e-01
2.857013344764709473e-01 3.803364634513854980e-01 -1.437150686979293823e-01
1.990280300378799438e-01 2.686327993869781494e-01 -5.955824255943298340e-01
7.461577188223600388e-03 5.384799838066101074e-01 5.312238335609436035e-01
2.530016601085662842e-01 2.564278841018676758e-01 6.015508770942687988e-01
-3.798740208148956299e-01 3.885431587696075439e-01 5.635052919387817383e-01
2.676446735858917236e-01 3.510073423385620117e-01 -3.879309296607971191e-01
-4.066101908683776855e-01 3.805689513683319092e-01 5.612072348594665527e-01
-2.921610698103904724e-02 -9.202886372804641724e-02 -5.991286635398864746e-01
9.713777154684066772e-02 4.330591559410095215e-01 -8.476898074150085449e-02
-6.065392494201660156e-01 1.897880136966705322e-01 -1.841249912977218628e-01
3.039974719285964966e-02 -8.806655555963516235e-02 -6.003834605216979980e-01
1.751252263784408569e-01 1.017565205693244934e-01 7.074204683303833008e-01
2.768283486366271973e-01 -1.172597184777259827e-01 5.599450469017028809e-01
2.708078324794769287e-01 3.640857636928558350e-01 -8.874577283859252930e-02
9.661812335252761841e-03 -9.584659337997436523e-02 -6.066945195198059082e-01
4.236863255500793457e-01 2.653599083423614502e-01 5.519669651985168457e-01
5.957983136177062988e-01 -3.797007501125335693e-01 4.362577795982360840e-01
-4.336964190006256104e-01 3.266276121139526367e-01 5.349876284599304199e-01
1.353523135185241699e-01 -5.196616053581237793e-03 -6.199450492858886719e-01
6.328692436218261719e-01 -2.978948950767517090e-01 -1.943081803619861603e-02
2.464144527912139893e-01 4.961955845355987549e-01 5.350905060768127441e-01
-2.789786756038665771e-01 5.352740287780761719e-01 4.431796073913574219e-01
-1.674612015485763550e-01 4.576742053031921387e-01 -3.603157699108123779e-01
-3.935327231884002686e-01 4.387663006782531738e-01 -4.855568110942840576e-01
4.134775698184967041e-01 -3.819786310195922852e-01 4.832209348678588867e-01
3.723528385162353516e-01 2.918614149093627930e-01 5.702093839645385742e-01
1.367316097021102905e-01 1.705957055091857910e-01 -6.277832388877868652e-01
2.366135083138942719e-02 -9.210617840290069580e-02 7.192408442497253418e-01
-2.656626999378204346e-01 -2.772685289382934570e-01 -1.886223852634429932e-01
3.880896568298339844e-01 1.829684823751449585e-01 -2.604287266731262207e-01
4.435112476348876953e-01 -5.280914306640625000e-01 -3.682647943496704102e-01
5.022261142730712891e-01 -3.170822858810424805e-01 -5.902779698371887207e-01
4.406816661357879639e-01 -4.044748246669769287e-01 8.116928488016128540e-02
-5.471042990684509277e-01 1.156252324581146240e-01 4.047093391418457031e-01
-6.752065569162368774e-02 -3.618219196796417236e-01 -2.223452031612396240e-01
-5.086374469101428986e-03 -8.456267416477203369e-02 -6.077895164489746094e-01
-5.351302623748779297e-01 1.492543369531631470e-01 -1.669046729803085327e-01
-4.465243816375732422e-01 2.889935970306396484e-01 5.195320248603820801e-01
-3.874408006668090820e-01 4.448378980159759521e-01 -4.913911521434783936e-01
5.579462647438049316e-01 -1.891449242830276489e-01 -6.860395073890686035e-01
5.897434353828430176e-01 -3.515450656414031982e-01 3.896389603614807129e-01
-5.552680492401123047e-01 9.916599839925765991e-02 1.232071816921234131e-01
5.442878007888793945e-01 -3.526240289211273193e-01 2.892175614833831787e-01
-2.878705263137817383e-01 5.159105062484741211e-01 5.071644783020019531e-01
2.568073272705078125e-01 3.475543558597564697e-01 -4.182381033897399902e-01
-1.948434859514236450e-01 -4.070572853088378906e-01 3.402543962001800537e-01
4.762738049030303955e-01 -4.936973750591278076e-01 -2.756956815719604492e-01
6.475545763969421387e-01 -2.145754992961883545e-01 3.822035193443298340e-01
-8.298737555742263794e-02 6.709124445915222168e-01 5.303083062171936035e-01
5.540003180503845215e-01 -1.872932314872741699e-01 -6.852849125862121582e-01
-2.179379314184188843e-01 -3.283939063549041748e-01 -3.570156693458557129e-01
-2.300710529088973999e-01 -4.012707769870758057e-01 1.301914751529693604e-01
5.151702761650085449e-01 -4.289151728153228760e-01 3.178216516971588135e-01
-2.180089354515075684e-01 -3.285206556320190430e-01 -3.562111556529998779e-01
-1.046440079808235168e-01 -2.586033344268798828e-01 6.447353959083557129e-01
1.140702292323112488e-01 1.617600470781326294e-01 -6.347435712814331055e-01
4.268568754196166992e-01 -5.128397345542907715e-01 -3.811619579792022705e-01
-3.161058723926544189e-01 4.821161031723022461e-01 5.437847971916198730e-01
-4.746900498867034912e-02 -1.630308181047439575e-01 7.257632613182067871e-01
1.825607120990753174e-01 -1.510068029165267944e-01 6.835296154022216797e-01
-4.010185599327087402e-01 3.961738944053649902e-01 5.189928412437438965e-01
4.766231775283813477e-01 -5.282149314880371094e-01 4.777489602565765381e-02
3.233625590801239014e-01 4.301100969314575195e-01 5.811719298362731934e-01
-5.798174142837524414e-01 2.285515069961547852e-01 -2.434963434934616089e-01
2.209748774766921997e-01 4.293145984411239624e-02 6.999216675758361816e-01
-2.368348538875579834e-01 -2.302547991275787354e-01 -3.215596973896026611e-01
-3.519783020019531250e-01 5.082101225852966309e-01 1.075442284345626831e-01
1.330255717039108276e-02 -1.004939004778862000e-01 7.430800795555114746e-01
2.448279559612274170e-01 -4.653802216053009033e-01 -3.600906431674957275e-01
-3.805240690708160400e-01 3.446567356586456299e-01 5.704717636108398438e-01
-2.567937970161437988e-01 -3.434064686298370361e-01 3.168045878410339355e-01
5.538690686225891113e-01 -1.993624418973922729e-01 -6.787852644920349121e-01
2.185171097517013550e-01 -3.718322813510894775e-01 -4.704584777355194092e-01
4.817620292305946350e-02 -6.760041415691375732e-02 7.296489477157592773e-01
-2.476378977298736572e-01 4.957681894302368164e-01 3.697789460420608521e-02
5.903925299644470215e-01 -3.866389393806457520e-01 4.279416501522064209e-01
-2.169043719768524170e-01 -4.084148406982421875e-01 3.335816562175750732e-01
-3.866202533245086670e-01 4.423210620880126953e-01 -4.889549016952514648e-01
-1.391981095075607300e-01 -3.210643827915191650e-01 5.665120482444763184e-01
5.854460000991821289e-01 -2.048649340867996216e-01 -4.592584371566772461e-01
5.572858825325965881e-02 5.642007454298436642e-04 -6.184642314910888672e-01
4.329992532730102539e-01 1.778326481580734253e-01 -1.499757468700408936e-01
4.800453186035156250e-01 -3.686040341854095459e-01 -5.742326974868774414e-01
4.408375024795532227e-01 -5.326997637748718262e-01 -3.653892874717712402e-01
5.553444027900695801e-01 -1.873504370450973511e-01 -6.854330301284790039e-01
1.619439274072647095e-01 3.255083560943603516e-01 5.927408337593078613e-01
-3.918694332242012024e-02 -1.506195962429046631e-01 7.540963292121887207e-01
5.960569381713867188e-01 -3.936945796012878418e-01 3.049111366271972656e-01
-5.026801824569702148e-01 1.871288716793060303e-01 4.544810354709625244e-01
-5.338310822844505310e-02 -2.334617674350738525e-01 5.657002925872802734e-01
4.418915510177612305e-01 -5.288324356079101562e-01 -3.746818900108337402e-01
5.530730485916137695e-01 -1.940685361623764038e-01 -6.837568879127502441e-01
-3.670146465301513672e-01 4.497833549976348877e-01 -4.562975466251373291e-01
2.584015130996704102e-01 4.751928150653839111e-01 5.637512803077697754e-01
-5.961322188377380371e-01 2.000611722469329834e-01 -2.075745910406112671e-01
9.084001183509826660e-02 1.641504019498825073e-01 -4.447162449359893799e-01
5.390473604202270508e-01 -4.420014321804046631e-01 3.499309122562408447e-01
2.137796431779861450e-01 5.383169651031494141e-01 4.215866625308990479e-01
-4.554322659969329834e-01 9.609661251306533813e-02 -2.894884943962097168e-01
1.224085912108421326e-01 -7.564854621887207031e-02 -6.006532311439514160e-01
-5.524052977561950684e-01 9.871083498001098633e-02 3.853740692138671875e-01
6.810449361801147461e-01 -8.849846571683883667e-02 2.576274275779724121e-01
-1.835289597511291504e-01 -2.874072492122650146e-01 -3.752168416976928711e-01
2.553033530712127686e-01 3.859700560569763184e-01 -1.286901682615280151e-01
1.818890720605850220e-01 3.596082329750061035e-01 8.818783797323703766e-03
5.141685605049133301e-01 -4.764857888221740723e-01 3.096250593662261963e-01
-2.138892859220504761e-01 -4.071389734745025635e-01 3.368873298168182373e-01
2.906681001186370850e-01 3.242765963077545166e-01 6.033794879913330078e-01
-1.371144801378250122e-01 -3.181440532207489014e-01 5.689651370048522949e-01
2.838723063468933105e-01 3.785001933574676514e-01 -1.422499269247055054e-01
5.597066283226013184e-01 -3.738120198249816895e-01 -2.686132490634918213e-01
-3.906687498092651367e-01 4.416564106941223145e-01 -4.854466617107391357e-01
-4.263726174831390381e-01 4.070159196853637695e-01 -4.557150006294250488e-01
2.032423168420791626e-01 3.652295768260955811e-01 -3.287357687950134277e-01
-6.029891371726989746e-01 1.972827166318893433e-01 -1.979797631502151489e-01
5.493035316467285156e-01 -1.741201877593994141e-01 -6.795921325683593750e-01
-5.791811347007751465e-01 1.484953016042709351e-01 -1.928701102733612061e-01
5.335340499877929688e-01 -4.511461257934570312e-01 3.382660448551177979e-01
2.557841539382934570e-01 3.743294775485992432e-01 -1.881244331598281860e-01
-1.235461086034774780e-01 -2.892204225063323975e-01 6.172659397125244141e-01
-6.003436446189880371e-01 1.992015540599822998e-01 -2.028230577707290649e-01
4.771818965673446655e-02 4.147360026836395264e-01 -1.284333616495132446e-01
-1.955944895744323730e-01 5.720848590135574341e-02 -2.682420909404754639e-01
-2.024529874324798584e-01 -3.961615562438964844e-01 3.647834956645965576e-01
2.363095805048942566e-02 -2.766355574131011963e-01 -4.419170618057250977e-01
-8.548621088266372681e-02 -2.385075092315673828e-01 6.115052103996276855e-01
-4.581254422664642334e-01 3.736148774623870850e-01 -4.325532615184783936e-01
2.708513140678405762e-01 3.662283420562744141e-01 -2.372720539569854736e-01
4.420517385005950928e-01 -5.294024944305419922e-01 -3.734446167945861816e-01
-5.575063824653625488e-01 2.661039233207702637e-01 -1.640751361846923828e-01
-3.854275047779083252e-01 4.438061714172363281e-01 -4.885904192924499512e-01
4.326571226119995117e-01 -5.359474420547485352e-01 -2.110933512449264526e-01
-5.028431415557861328e-01 1.056975945830345154e-01 4.202632308006286621e-01
-3.879965543746948242e-01 4.441977143287658691e-01 -4.908889532089233398e-01
2.434960454702377319e-01 -4.656620025634765625e-01 1.839636117219924927e-01
3.546313941478729248e-01 -9.825872629880905151e-02 6.366217136383056641e-01
-4.899008274078369141e-01 4.372583702206611633e-02 -2.061304748058319092e-01
2.092405110597610474e-01 -1.619521081447601318e-01 5.024474263191223145e-01
-4.107097685337066650e-01 4.226729571819305420e-01 -4.710110723972320557e-01
-1.781615763902664185e-01 -3.728149533271789551e-01 4.309581518173217773e-01
6.016045808792114258e-01 -1.023384630680084229e-01 -2.141083329916000366e-01
5.421316027641296387e-01 -4.184797406196594238e-01 -2.600713968276977539e-01
-5.495584011077880859e-01 2.821304798126220703e-01 -1.301481127738952637e-01
2.168284803628921509e-01 3.708674013614654541e-01 -2.023131698369979858e-01
1.775868535041809082e-01 1.098363399505615234e-01 6.989670395851135254e-01
5.552548766136169434e-01 -1.977091878652572632e-01 -6.825968623161315918e-01
1.999777927994728088e-02 -1.225251033902168274e-01 7.255673408508300781e-01
6.675662398338317871e-01 -3.296716809272766113e-01 2.473021447658538818e-01
4.457907080650329590e-01 -5.512685775756835938e-01 -3.425935655832290649e-02
6.075227856636047363e-01 -3.361496627330780029e-01 4.312531948089599609e-01
-6.079141497611999512e-01 1.913767457008361816e-01 -1.830867528915405273e-01
-1.014590263366699219e-01 6.498748660087585449e-01 5.264832973480224609e-01
-1.405782848596572876e-01 4.727272391319274902e-01 1.002120152115821838e-01
5.998185873031616211e-01 -3.690198957920074463e-01 4.383726418018341064e-01
3.404700756072998047e-02 -7.669667154550552368e-02 7.341346144676208496e-01
4.433101713657379150e-01 -5.093377828598022461e-01 -4.118054807186126709e-01
-3.035417199134826660e-01 3.664572834968566895e-01 5.814623832702636719e-01
-2.109582126140594482e-01 -4.041733741760253906e-01 3.457555472850799561e-01
4.774167537689208984e-01 -4.868894517421722412e-01 -3.452611863613128662e-01
5.116663575172424316e-01 -4.764937758445739746e-01 3.075842559337615967e-01
2.727569043636322021e-01 3.400615453720092773e-01 -2.999443113803863525e-01
-4.501653313636779785e-01 3.995376527309417725e-01 -1.062190160155296326e-01
-4.536160826683044434e-01 2.865681052207946777e-01 5.145614147186279297e-01
4.587382674217224121e-01 -4.989790320396423340e-01 2.983090579509735107e-01
-4.019639790058135986e-01 3.205636739730834961e-01 5.347952842712402344e-01
-4.787698760628700256e-02 7.070598751306533813e-02 6.225289106369018555e-01
-3.901801705360412598e-01 3.907569050788879395e-01 5.610914230346679688e-01
4.576612114906311035e-01 -4.970933794975280762e-01 -3.874393403530120850e-01
-3.036174178123474121e-02 -4.787096008658409119e-02 6.780148148536682129e-01
4.435436129570007324e-01 -5.305104851722717285e-01 -3.623337149620056152e-01
1.255195736885070801e-01 -3.061845898628234863e-01 5.255146622657775879e-01
1.857198476791381836e-01 1.201019212603569031e-01 6.846753358840942383e-01
-1.131502762436866760e-01 -2.725180387496948242e-01 6.241884231567382812e-01
-4.078280031681060791e-01 3.790430724620819092e-01 5.610198378562927246e-01
-4.699865356087684631e-02 -1.162227615714073181e-01 -5.761813521385192871e-01
-2.494268119335174561e-01 -3.726445436477661133e-01 3.277872204780578613e-01
-3.705995380878448486e-01 4.451418220996856689e-01 -4.894009828567504883e-01
-9.657273441553115845e-02 -2.455007731914520264e-01 5.971146225929260254e-01
-4.454917609691619873e-01 2.563007473945617676e-01 5.134528875350952148e-01
4.323630630970001221e-01 -5.241731405258178711e-01 -3.652827143669128418e-01
5.233119726181030273e-01 2.932829856872558594e-01 4.113526344299316406e-01
-1.073525752872228622e-02 -1.309483647346496582e-01 7.306045889854431152e-01
5.631409883499145508e-01 -3.298191130161285400e-01 4.674510061740875244e-01
5.465185046195983887e-01 -3.887021839618682861e-01 -2.695557177066802979e-01
5.829478502273559570e-01 -3.951843678951263428e-01 4.156283140182495117e-01
-5.771399140357971191e-01 4.928551614284515381e-02 3.360886871814727783e-01
-1.164230927824974060e-01 -1.556457132101058960e-01 7.002739906311035156e-01
3.784700036048889160e-01 4.201216101646423340e-01 4.921629130840301514e-01
2.792871594429016113e-01 3.760180473327636719e-01 -1.699523478746414185e-01
-6.031515598297119141e-01 1.970930695533752441e-01 -1.976608484983444214e-01
1.115236729383468628e-01 1.691610515117645264e-01 -6.569470167160034180e-01
5.976585745811462402e-01 -3.768907785415649414e-01 4.407940208911895752e-01
6.445066928863525391e-01 -2.143979519605636597e-01 2.985502183437347412e-01
5.618027448654174805e-01 -2.237622588872909546e-01 4.523705542087554932e-01
-4.602621197700500488e-01 2.573902010917663574e-01 4.824189543724060059e-01
-6.336881220340728760e-02 6.829613447189331055e-01 5.216857194900512695e-01
2.141408324241638184e-01 1.341139227151870728e-01 -6.456588506698608398e-01
-8.998523652553558350e-02 2.021527588367462158e-01 6.570653915405273438e-01
-2.010522633790969849e-01 -3.875148296356201172e-01 3.522309362888336182e-01
3.883686363697052002e-01 -1.431131958961486816e-01 5.929765105247497559e-01
-1.008485723286867142e-02 -1.191372647881507874e-01 7.609909772872924805e-01
3.470018506050109863e-01 2.476168125867843628e-01 -1.850818097591400146e-01
-5.464529395103454590e-01 1.088455095887184143e-01 3.938806354999542236e-01
3.139639198780059814e-01 1.880063414573669434e-01 -1.078492328524589539e-01
-4.766075313091278076e-02 5.968970060348510742e-01 3.640389144420623779e-01
5.011709332466125488e-01 -1.943805813789367676e-01 -6.756324768066406250e-01
-4.846156239509582520e-01 2.254261374473571777e-01 4.812593758106231689e-01
5.271667242050170898e-01 -4.598918259143829346e-01 3.264603912830352783e-01
-5.567446351051330566e-01 8.881925791501998901e-02 3.702360987663269043e-01
4.235693216323852539e-01 3.970435261726379395e-01 5.603176951408386230e-01
-4.068946242332458496e-01 5.138055980205535889e-02 3.441770672798156738e-01
5.150490999221801758e-01 -4.538695812225341797e-01 1.594846323132514954e-02
2.764665782451629639e-01 3.716125488281250000e-01 -1.907598078250885010e-01
-3.583903908729553223e-01 3.294938206672668457e-01 5.622838735580444336e-01
2.181701809167861938e-01 1.882079094648361206e-01 6.532189249992370605e-01
-3.226078152656555176e-01 4.537742733955383301e-01 -4.611323177814483643e-01
5.575039982795715332e-01 -1.858461052179336548e-01 -6.848930120468139648e-01
-1.174531131982803345e-01 -2.783510684967041016e-01 5.663076043128967285e-01
-2.680036239326000214e-02 -1.511510759592056274e-01 7.126783132553100586e-01
6.685131192207336426e-01 1.835719048976898193e-01 4.454917907714843750e-01
-2.267302870750427246e-01 -3.406077325344085693e-01 -3.227926194667816162e-01
-5.145118236541748047e-01 7.112406194210052490e-02 1.859081089496612549e-01
-5.061392784118652344e-01 3.220607936382293701e-01 -3.700524270534515381e-01
-1.842389553785324097e-01 -2.792775630950927734e-01 -3.370975852012634277e-01
2.870248854160308838e-01 3.788099288940429688e-01 -1.364175975322723389e-01
-1.271954970434308052e-03 -2.122400850057601929e-01 5.952181220054626465e-01
5.537471175193786621e-01 -2.014879584312438965e-01 -6.810908317565917969e-01
-2.066455930471420288e-01 -4.005189836025238037e-01 3.574488759040832520e-01
-1.556808948516845703e-01 -3.446402549743652344e-01 4.309740662574768066e-01
1.600402891635894775e-01 4.482240378856658936e-01 3.119503855705261230e-01
-5.984898209571838379e-01 1.828357577323913574e-01 -1.899892389774322510e-01
5.994458794593811035e-01 -3.717597723007202148e-01 4.395326673984527588e-01
5.177953839302062988e-01 -1.999534964561462402e-01 -6.782294511795043945e-01
-1.425694525241851807e-01 7.242297381162643433e-02 1.314897537231445312e-01
5.778774023056030273e-01 2.484791576862335205e-01 4.526464045047760010e-01
1.971825361251831055e-01 3.719689846038818359e-01 -2.218609750270843506e-01
-1.893890202045440674e-01 -2.748226821422576904e-01 -3.353720605373382568e-01
2.399811297655105591e-01 2.848327159881591797e-01 -4.865378439426422119e-01
4.753330945968627930e-01 -4.946798682212829590e-01 2.663136422634124756e-01
5.040680407546460629e-04 -1.161879748106002808e-01 7.022250890731811523e-01
-3.716048598289489746e-01 1.521100550889968872e-01 5.659831166267395020e-01
4.433493912220001221e-01 -5.099495649337768555e-01 -4.033769667148590088e-01
5.925723910331726074e-01 -3.838840425014495850e-01 4.312736988067626953e-01
-4.827959239482879639e-01 2.745271921157836914e-01 2.685627937316894531e-01
-5.598756074905395508e-01 2.261345684528350830e-01 -2.689982652664184570e-01
4.681400060653686523e-01 -1.978119909763336182e-01 -6.280106902122497559e-01
5.089148879051208496e-01 -1.709606051445007324e-01 -6.759855747222900391e-01
6.072939634323120117e-01 -3.404968976974487305e-01 4.325580000877380371e-01
1.547302007675170898e-01 7.363726943731307983e-02 7.126548886299133301e-01
1.466151624917984009e-01 2.007096558809280396e-01 -5.971236228942871094e-01
-1.207715123891830444e-01 -3.141475915908813477e-01 5.721628665924072266e-01
6.435166001319885254e-01 -2.380353212356567383e-01 3.744194507598876953e-01
-2.057014554738998413e-01 -3.991000354290008545e-01 3.575097620487213135e-01
-4.443185329437255859e-01 4.070161283016204834e-01 -1.777023524045944214e-01
2.658293247222900391e-01 3.619161546230316162e-01 -2.301834225654602051e-01
4.589699804782867432e-01 2.030031234025955200e-01 5.434920787811279297e-01
4.353902339935302734e-01 -5.304892063140869141e-01 -3.435401320457458496e-01
-2.416494935750961304e-01 -1.631527394056320190e-01 -2.908445596694946289e-01
1.379467397928237915e-01 1.141673922538757324e-01 -6.376919746398925781e-01
-4.259993135929107666e-01 4.078621864318847656e-01 -4.616799354553222656e-01
6.072266101837158203e-01 -3.099648952484130859e-01 -2.340992540121078491e-01
4.890880361199378967e-02 3.237762153148651123e-01 -5.429649949073791504e-01
1.120223924517631531e-01 2.444349676370620728e-01 -5.987261533737182617e-01
5.424526333808898926e-01 -3.872409462928771973e-01 4.598121941089630127e-01
5.568446516990661621e-01 -3.806501328945159912e-01 4.252277910709381104e-01
-4.322237148880958557e-02 -1.846738159656524658e-01 6.109259128570556641e-01
4.122413992881774902e-01 -5.121998190879821777e-01 -3.513938188552856445e-01
-5.881105661392211914e-01 4.557827487587928772e-02 3.384141325950622559e-01
-2.520622014999389648e-01 3.123821616172790527e-01 -5.403539538383483887e-01
4.270021319389343262e-01 -5.385483503341674805e-01 -1.353831961750984192e-02
3.418419659137725830e-01 -5.003701448440551758e-01 -3.634202778339385986e-01
-2.133089303970336914e-01 -3.388281762599945068e-01 -3.309458792209625244e-01
2.257720082998275757e-01 3.820211589336395264e-01 -1.881713867187500000e-01
-1.907388120889663696e-01 -3.997133374214172363e-01 2.130394130945205688e-01
2.754714526236057281e-02 -9.360054880380630493e-02 7.425799965858459473e-01
-4.634328484535217285e-01 2.593185007572174072e-01 4.863856732845306396e-01
-2.166803032159805298e-01 -4.092229008674621582e-01 3.320460021495819092e-01
-6.070650815963745117e-01 1.914924979209899902e-01 -1.867162287235260010e-01
-2.142050713300704956e-01 -2.974994182586669922e-01 -3.549959361553192139e-01
-1.043892949819564819e-01 -1.223057061433792114e-01 6.585373282432556152e-01
5.623194575309753418e-01 2.808654010295867920e-01 4.208456277847290039e-01
5.543140172958374023e-01 -3.961154520511627197e-01 -2.631359100341796875e-01
3.035248517990112305e-01 3.375801146030426025e-01 5.999736785888671875e-01
5.749346613883972168e-01 -2.640218734741210938e-01 -4.335496723651885986e-01
2.899041771888732910e-02 -8.534393459558486938e-02 6.840365529060363770e-01
4.824835658073425293e-01 2.173570729792118073e-02 -4.232191145420074463e-01
-4.898647367954254150e-01 2.365740835666656494e-01 2.399728894233703613e-01
8.771786838769912720e-02 -6.572828441858291626e-02 7.288960218429565430e-01
2.266808897256851196e-01 5.018720626831054688e-01 5.468952059745788574e-01
2.990046441555023193e-01 -4.338917508721351624e-02 -6.041963696479797363e-01
-5.674501061439514160e-01 9.648180007934570312e-02 2.213991731405258179e-01
-3.091799318790435791e-01 2.635315656661987305e-01 -5.198748707771301270e-01
-3.868030905723571777e-01 4.409924447536468506e-01 -4.869597554206848145e-01
-1.404241751879453659e-02 -1.510292887687683105e-01 7.236475348472595215e-01
-2.179043143987655640e-01 -3.284483850002288818e-01 -3.563719391822814941e-01
5.209159255027770996e-01 -4.266479611396789551e-01 -3.204310238361358643e-01
-5.719025731086730957e-01 2.212751656770706177e-01 -2.442137897014617920e-01
-1.912269145250320435e-01 -2.972803711891174316e-01 -3.699808418750762939e-01
-2.173062860965728760e-01 -4.091838598251342773e-01 3.314928114414215088e-01
7.096581459045410156e-01 1.244051475077867508e-02 3.943386971950531006e-01
-1.116926074028015137e-01 -2.927157282829284668e-01 5.796735882759094238e-01
-5.989962816238403320e-01 1.798499822616577148e-01 -1.734378635883331299e-01
2.702392339706420898e-01 3.810701966285705566e-01 -1.506187170743942261e-01
-4.896016418933868408e-01 1.761742979288101196e-01 4.621632695198059082e-01
4.588329195976257324e-01 -4.370615184307098389e-01 -4.853840172290802002e-01
-5.341821163892745972e-02 -1.743492633104324341e-01 7.296589612960815430e-01
4.579149782657623291e-01 -5.436454415321350098e-01 1.692593544721603394e-01
2.510659694671630859e-01 4.065633714199066162e-01 1.364120990037918091e-01
8.788264542818069458e-02 2.230312228202819824e-01 6.321964263916015625e-01
4.750047028064727783e-01 -5.257562398910522461e-01 2.590820193290710449e-01
5.240842103958129883e-01 -3.307074606418609619e-01 5.001708269119262695e-01
-3.346897363662719727e-01 3.166809678077697754e-01 -4.893456697463989258e-01
5.620983242988586426e-01 -1.957022100687026978e-01 -6.598039269447326660e-01
-3.812354207038879395e-01 4.423750936985015869e-01 -4.930363595485687256e-01
5.583090782165527344e-01 -4.228112101554870605e-01 -3.768019750714302063e-02
5.531480908393859863e-01 -4.043513536453247070e-01 4.076520204544067383e-01
-3.847869634628295898e-01 4.258531928062438965e-01 -4.900491833686828613e-01
-1.706152409315109253e-01 -3.605574369430541992e-01 4.492684900760650635e-01
4.899342656135559082e-01 -3.579230606555938721e-01 -6.009079813957214355e-01
6.085902452468872070e-01 -3.301366567611694336e-01 4.258123636245727539e-01
-4.298806190490722656e-01 4.787438511848449707e-01 1.416017711162567139e-01
1.104997768998146057e-01 -2.711551785469055176e-01 5.330737829208374023e-01
4.738378822803497314e-01 -4.896189868450164795e-01 2.951200604438781738e-01
4.025611579418182373e-01 3.787674307823181152e-01 3.563912510871887207e-01
-1.835844516754150391e-01 4.588735401630401611e-01 -4.383262395858764648e-01
-4.113782048225402832e-01 3.628244698047637939e-01 5.563051700592041016e-01
-3.861513137817382812e-01 4.425039589405059814e-01 -4.888110756874084473e-01
4.485027492046356201e-01 -1.308583915233612061e-01 -6.668340563774108887e-01
-2.971558831632137299e-02 -6.245278194546699524e-02 -5.988479852676391602e-01
-3.861137628555297852e-01 4.441840946674346924e-01 -4.916327297687530518e-01
3.682281076908111572e-01 -3.251144289970397949e-02 2.628075778484344482e-01
-3.588977158069610596e-01 3.493244349956512451e-01 5.771761536598205566e-01
5.157871842384338379e-01 -4.425009787082672119e-01 3.549956381320953369e-01
-2.729322016239166260e-01 5.277234315872192383e-01 5.377530455589294434e-01
5.331679582595825195e-01 -3.281872272491455078e-01 7.365539669990539551e-02
-2.614222168922424316e-01 -3.618631660938262939e-01 3.197128176689147949e-01
-4.208028018474578857e-01 3.870869278907775879e-01 4.522740542888641357e-01
-3.870964283123612404e-03 -1.192578002810478210e-01 7.530990242958068848e-01
4.545998573303222656e-01 -4.723631739616394043e-01 2.870309948921203613e-01
1.781246215105056763e-01 -2.153221666812896729e-01 -5.859949588775634766e-01
6.001334190368652344e-01 -3.630590140819549561e-01 4.327272772789001465e-01
5.977346897125244141e-01 -3.778719007968902588e-01 4.399224817752838135e-01
-2.941314280033111572e-01 3.666436374187469482e-01 -2.594192326068878174e-01
5.741291642189025879e-01 -4.054767787456512451e-01 4.015139341354370117e-01
-8.572003245353698730e-02 -1.240471601486206055e-01 7.357070446014404297e-01
-3.953299224376678467e-01 4.370656907558441162e-01 -4.855701327323913574e-01
-2.152663916349411011e-01 -3.971498906612396240e-01 2.784699201583862305e-01
-1.465574949979782104e-01 -3.339786529541015625e-01 5.082041025161743164e-01
4.475404620170593262e-01 -5.191083550453186035e-01 -3.773284256458282471e-01
5.582969188690185547e-01 -1.884969323873519897e-01 -6.862632632255554199e-01
-1.007624864578247070e-01 4.699234664440155029e-01 -4.277489483356475830e-01
-5.179485678672790527e-01 3.008262515068054199e-01 -3.600524663925170898e-01
-4.732495844364166260e-01 3.951909542083740234e-01 -1.007763445377349854e-01
2.383331209421157837e-01 1.639788299798965454e-01 -2.336254268884658813e-01
4.010923206806182861e-01 -4.802910089492797852e-01 3.344452977180480957e-01
5.985512137413024902e-01 -3.756328821182250977e-01 4.400672316551208496e-01
5.211415290832519531e-01 -2.851428091526031494e-01 -6.438284516334533691e-01
-4.899592399597167969e-01 1.636159121990203857e-01 3.670003414154052734e-01
6.873489022254943848e-01 -5.683429539203643799e-02 4.024036228656768799e-01
-5.262138843536376953e-01 2.968909740447998047e-01 -3.285622298717498779e-01
1.679238826036453247e-01 9.238810092210769653e-02 7.095198035240173340e-01
-3.968436419963836670e-01 3.876184523105621338e-01 5.604677200317382812e-01
-1.415955275297164917e-01 7.522138208150863647e-02 -5.434280633926391602e-01
8.454509824514389038e-02 5.277512669563293457e-01 5.486285686492919922e-01
6.445416212081909180e-01 -2.098997980356216431e-01 -2.162948399782180786e-01
2.821779847145080566e-01 1.597982496023178101e-01 -4.375215470790863037e-01
-2.064444124698638916e-04 -2.914244234561920166e-01 5.703521370887756348e-01
-5.187900066375732422e-01 2.984208762645721436e-01 -1.072325631976127625e-01
-4.398515224456787109e-01 3.127768933773040771e-01 5.241221189498901367e-01
-4.137808680534362793e-01 4.198525547981262207e-01 -4.701844155788421631e-01
4.814565181732177734e-02 -7.751384377479553223e-02 6.323617696762084961e-01
-5.923908948898315430e-01 2.098362296819686890e-01 -1.328432857990264893e-01
-4.117601513862609863e-01 4.662226140499114990e-01 3.043533563613891602e-01
5.821373462677001953e-01 -3.943497538566589355e-01 4.174541234970092773e-01
1.178534701466560364e-01 -1.366410255432128906e-01 -6.155765056610107422e-01
-5.894780158996582031e-02 -1.560958474874496460e-01 7.193514704704284668e-01
1.952850259840488434e-02 -2.029893994331359863e-01 -4.817614853382110596e-01
2.419997900724411011e-01 -7.806929200887680054e-02 6.742426753044128418e-01
-1.908407211303710938e-01 -2.988928854465484619e-01 -3.689961135387420654e-01
-2.997762262821197510e-01 -7.446517795324325562e-02 4.934807419776916504e-01
5.509121417999267578e-01 -1.289990246295928955e-01 -5.568418502807617188e-01
-3.950869739055633545e-01 3.832258284091949463e-01 5.525830388069152832e-01
-3.851185739040374756e-01 4.445465207099914551e-01 -4.846660196781158447e-01
3.973071873188018799e-01 4.725505709648132324e-01 4.951239228248596191e-01
-2.246765196323394775e-01 5.755976438522338867e-01 5.298177003860473633e-01
-1.822159290313720703e-01 3.441655635833740234e-02 -4.723266363143920898e-01
5.964034795761108398e-01 -3.770187795162200928e-01 4.355364441871643066e-01
2.209971249103546143e-01 -3.601384460926055908e-01 5.648975968360900879e-01
-2.152284979820251465e-01 -3.253329694271087646e-01 -3.538120985031127930e-01
-5.331453084945678711e-01 1.341019421815872192e-01 -1.181352287530899048e-01
-2.593058720231056213e-02 -8.157591521739959717e-02 -5.977671146392822266e-01
4.867245554924011230e-01 7.045868784189224243e-02 -5.596673488616943359e-01
-3.548420965671539307e-01 3.550255596637725830e-01 -4.408581554889678955e-01
1.286260038614273071e-02 3.024690747261047363e-01 -5.570724606513977051e-01
6.463915109634399414e-01 -2.160412967205047607e-01 -2.149610221385955811e-01
4.292402267456054688e-01 -5.225608944892883301e-01 -3.642721176147460938e-01
5.778278112411499023e-01 -3.105431795120239258e-01 4.635533988475799561e-01
-2.212717384099960327e-01 -4.095020592212677002e-01 3.143318295478820801e-01
5.421265028417110443e-03 -1.051093414425849915e-01 7.563347220420837402e-01
5.865303277969360352e-01 -3.773536682128906250e-01 4.328001737594604492e-01
4.783883094787597656e-01 -1.315068900585174561e-01 -6.582435965538024902e-01
-5.403819680213928223e-01 1.247781366109848022e-01 4.036506712436676025e-01
1.156094595789909363e-01 -2.314756959676742554e-01 6.640799045562744141e-01
5.151611566543579102e-01 -7.141926139593124390e-02 -6.373935937881469727e-01
-3.815262019634246826e-01 4.422766268253326416e-01 -4.917090833187103271e-01
-4.221181869506835938e-01 3.423155546188354492e-01 -3.920632898807525635e-01
-3.727705478668212891e-01 4.105964601039886475e-01 -4.962498545646667480e-01
-6.051284074783325195e-01 1.845124512910842896e-01 -1.818462461233139038e-01
-2.532397210597991943e-02 -8.586064726114273071e-02 -6.073776483535766602e-01
-2.974567711353302002e-01 5.054620504379272461e-01 4.407643079757690430e-01
-1.191231682896614075e-01 6.521416902542114258e-01 5.294907689094543457e-01
-1.776214987039566040e-01 -3.639231920242309570e-01 4.414879977703094482e-01
-3.830744624137878418e-01 4.389133751392364502e-01 -4.929902255535125732e-01
-3.961459696292877197e-01 4.363005757331848145e-01 -4.837909340858459473e-01
5.488391965627670288e-02 -6.369561702013015747e-02 7.266942262649536133e-01
6.379415392875671387e-01 -2.324811965227127075e-01 -2.447019517421722412e-01
-5.504602566361427307e-02 1.297875493764877319e-01 4.980808198451995850e-01
1.520949751138687134e-01 -7.378590106964111328e-02 5.334064960479736328e-01
3.070301413536071777e-01 1.324740350246429443e-01 -4.544936418533325195e-01
5.124617815017700195e-01 -2.441262900829315186e-01 -6.613754630088806152e-01
4.489306509494781494e-01 -4.732489883899688721e-01 -4.712948203086853027e-01
5.033734440803527832e-01 -3.273614048957824707e-01 -6.219810843467712402e-01
9.632768481969833374e-02 2.527035176753997803e-01 -5.358282923698425293e-01
-3.873981833457946777e-01 4.448713064193725586e-01 -4.914521872997283936e-01
3.251316845417022705e-01 3.836910426616668701e-01 5.836971402168273926e-01
2.152744084596633911e-01 3.960289955139160156e-01 -1.030806824564933777e-01
-8.022804558277130127e-02 -2.326720952987670898e-01 6.677091717720031738e-01
-1.860825531184673309e-02 -1.315514445304870605e-01 7.646786570549011230e-01
1.761032342910766602e-01 2.904076874256134033e-01 6.122771501541137695e-01
1.616977602243423462e-01 -1.722386479377746582e-01 -6.162405610084533691e-01
-3.432071208953857422e-02 4.494301378726959229e-01 -1.683429181575775146e-01
6.522855758666992188e-01 -1.720192283391952515e-01 4.050360620021820068e-01
4.738982319831848145e-01 -5.300133824348449707e-01 2.567209303379058838e-01
-1.158375479280948639e-02 -1.372787356376647949e-01 7.058817148208618164e-01
-4.125166833400726318e-01 3.689334392547607422e-01 5.572758316993713379e-01
-3.209072947502136230e-01 4.118616282939910889e-01 5.628210306167602539e-01
-3.646722063422203064e-02 -1.415415108203887939e-01 7.524917721748352051e-01
4.281621575355529785e-01 -5.866200327873229980e-01 2.024278640747070312e-01
7.929277606308460236e-03 1.806198358535766602e-01 -5.462467670440673828e-01
-2.452392578125000000e-01 -2.694399356842041016e-01 -3.010330796241760254e-01
-3.582091331481933594e-01 3.669199049472808838e-01 -4.591288566589355469e-01
5.405313968658447266e-01 -2.496591955423355103e-01 -5.488822460174560547e-01
-3.047761917114257812e-01 4.933277964591979980e-01 5.399568676948547363e-01
6.688800454139709473e-01 -2.194015979766845703e-01 1.802994608879089355e-01
1.188558414578437805e-01 3.415574133396148682e-02 7.112949490547180176e-01
5.960841178894042969e-01 -3.797219991683959961e-01 4.375322163105010986e-01
-6.452417373657226562e-02 -2.215838879346847534e-01 5.360002517700195312e-01
6.246550679206848145e-01 -1.437575519084930420e-01 -1.188043653964996338e-01
4.676265418529510498e-01 -4.133952558040618896e-01 -5.481538772583007812e-01
7.151476740837097168e-01 1.094819158315658569e-01 4.056259095668792725e-01
2.275189459323883057e-01 -4.321813285350799561e-01 4.064580798149108887e-01
-5.533546805381774902e-01 1.239723414182662964e-01 -5.761772021651268005e-02
2.761327922344207764e-01 -4.596551656723022461e-01 -3.217805922031402588e-01
6.021503359079360962e-03 2.721110880374908447e-01 -5.494500994682312012e-01
3.269911110401153564e-01 -4.753949642181396484e-01 1.575833261013031006e-01
1.646642088890075684e-01 3.474937379360198975e-01 -3.919653892517089844e-01
6.683805584907531738e-01 -2.578370869159698486e-01 -6.143488734960556030e-02
1.779450178146362305e-01 -4.349383711814880371e-01 -3.675591945648193359e-01
8.872543461620807648e-03 -1.030001938343048096e-01 7.479658722877502441e-01
-6.025902032852172852e-01 1.995430141687393188e-01 -1.762912273406982422e-01
-2.226004004478454590e-01 -3.293547034263610840e-01 -3.149438798427581787e-01
-2.186278849840164185e-01 -4.109947085380554199e-01 3.282393515110015869e-01
1.651963889598846436e-01 8.336820453405380249e-02 7.184585332870483398e-01
4.442038834095001221e-01 -4.857528209686279297e-01 -2.782381139695644379e-02
-9.691108018159866333e-02 -2.181213051080703735e-01 -4.048028886318206787e-01
6.683191061019897461e-01 -1.297532487660646439e-02 3.459334075450897217e-01
-2.132584750652313232e-01 -4.026991128921508789e-01 3.295105099678039551e-01
-4.366253316402435303e-01 3.136680424213409424e-01 5.260754227638244629e-01
4.603084921836853027e-01 -4.315350353717803955e-01 -5.312085151672363281e-01
2.465311139822006226e-01 2.770291827619075775e-02 6.806545853614807129e-01
1.695472151041030884e-01 4.107320904731750488e-01 -9.120442718267440796e-02
5.344417095184326172e-01 -1.675981581211090088e-01 -4.899618625640869141e-01
4.410587549209594727e-01 -5.328585505485534668e-01 -3.692986965179443359e-01
4.667548835277557373e-01 -3.885825872421264648e-01 5.029634833335876465e-01
-5.958272218704223633e-01 1.486201584339141846e-01 -5.057616531848907471e-02
2.772563137114048004e-02 2.508985698223114014e-01 -5.780724883079528809e-01
-4.271523952484130859e-01 4.935362040996551514e-01 1.087318137288093567e-01
-5.937347412109375000e-01 2.026428878307342529e-01 -1.463503092527389526e-01
4.714219868183135986e-01 -3.629630804061889648e-01 -8.021037094295024872e-03
-3.607099056243896484e-01 3.786391317844390869e-01 -5.006516575813293457e-01
5.534910559654235840e-01 -2.053636461496353149e-01 -6.762716770172119141e-01
-5.921093281358480453e-03 -1.218074336647987366e-01 7.372127175331115723e-01
6.517969369888305664e-01 1.522350460290908813e-01 3.162298500537872314e-01
2.881591916084289551e-01 3.593411147594451904e-01 -1.653103381395339966e-01
-3.835776746273040771e-01 4.451401531696319580e-01 -4.905249476432800293e-01
4.636841416358947754e-01 7.701615989208221436e-02 -2.048559039831161499e-01
-6.053228974342346191e-01 1.940439939498901367e-01 -1.904704868793487549e-01
-3.846910893917083740e-01 4.030904173851013184e-01 5.519382357597351074e-01
6.079470515251159668e-01 -9.189320355653762817e-02 -1.787670701742172241e-01
-3.869958519935607910e-01 4.447558820247650146e-01 -4.910853207111358643e-01
1.552374362945556641e-01 7.280587404966354370e-02 7.192873954772949219e-01
-2.144260406494140625e-01 -3.941054642200469971e-01 1.797045320272445679e-01
5.558633208274841309e-01 -1.962193697690963745e-01 -6.827523708343505859e-01
5.570629835128784180e-01 -1.877360045909881592e-01 -6.857542991638183594e-01
4.413881979417055845e-04 8.560579270124435425e-02 6.106730699539184570e-01
-4.289073646068572998e-01 3.322769999504089355e-01 5.401067137718200684e-01
-6.078651547431945801e-01 1.909574866294860840e-01 -1.831376999616622925e-01
-6.061819791793823242e-01 1.934797614812850952e-01 -1.752228140830993652e-01
-2.175656855106353760e-01 -3.300196826457977295e-01 -3.345990180969238281e-01
4.408266842365264893e-01 -5.323453545570373535e-01 -3.689121305942535400e-01
4.912281632423400879e-01 -4.035596847534179688e-01 -4.678955078125000000e-01
-8.279990404844284058e-02 4.694786965847015381e-01 -9.880459308624267578e-02
-4.395531024783849716e-03 3.561095148324966431e-02 -4.253337532281875610e-02
3.040319681167602539e-01 7.632868736982345581e-02 4.282209277153015137e-01
-3.501872122287750244e-01 3.961364328861236572e-01 -5.040599703788757324e-01
-5.368876084685325623e-02 -1.745257228612899780e-01 7.160981893539428711e-01
4.763402044773101807e-01 -4.273233413696289062e-01 -4.678194820880889893e-01
-2.146624214947223663e-02 2.846855223178863525e-01 -4.119333922863006592e-01
-4.011226296424865723e-01 3.868986368179321289e-01 5.605192780494689941e-01
-4.857316911220550537e-01 2.233694046735763550e-01 4.798463881015777588e-01
-2.156116962432861328e-01 -3.456900417804718018e-01 -2.977992892265319824e-01
-3.416359424591064453e-01 -2.113168388605117798e-01 2.834047675132751465e-01
-6.063308119773864746e-01 1.793995052576065063e-01 -1.371730417013168335e-01
5.524689555168151855e-01 -2.030715942382812500e-01 -6.808873414993286133e-01
4.410482347011566162e-01 -5.317441225051879883e-01 -3.677678704261779785e-01
1.830657571554183960e-01 1.226268708705902100e-01 6.848253011703491211e-01
-5.856058001518249512e-01 2.218474894762039185e-01 -2.147380709648132324e-01
5.822520256042480469e-01 -3.930565714836120605e-01 4.132234752178192139e-01
6.329163908958435059e-01 -2.398893237113952637e-01 4.124237596988677979e-01
-7.747626304626464844e-02 -3.489427566528320312e-01 -1.357751637697219849e-01
1.339266151189804077e-01 4.696035757660865784e-02 7.185819149017333984e-01
-3.634760975837707520e-01 4.480927288532257080e-01 -4.281075596809387207e-01
-3.496027886867523193e-01 -1.895807087421417236e-01 2.523813247680664062e-01
6.190221905708312988e-01 -2.529252171516418457e-01 -2.811537683010101318e-01
-2.015666514635086060e-01 -3.087166547775268555e-01 -3.647128641605377197e-01
-3.615579903125762939e-01 4.304115772247314453e-01 5.524554848670959473e-01
-1.049720570445060730e-01 -1.863893121480941772e-01 -4.595095217227935791e-01
4.423042237758636475e-01 -4.995830357074737549e-01 -3.643972277641296387e-01
3.664206266403198242e-01 9.677141159772872925e-02 -4.427039921283721924e-01
4.423286914825439453e-01 -5.270841717720031738e-01 -3.768440186977386475e-01
5.971484780311584473e-01 -1.081944480538368225e-01 -2.611766159534454346e-01
5.542856454849243164e-01 -1.844868510961532593e-01 -6.840908527374267578e-01
-3.346350193023681641e-01 -4.189399629831314087e-02 -1.109682302922010422e-02
5.737432837486267090e-01 -4.021728038787841797e-01 3.331589698791503906e-01
-1.383032649755477905e-01 -3.173111975193023682e-01 5.002757906913757324e-01
-2.610895335674285889e-01 -4.045583307743072510e-01 -1.830706745386123657e-01
-5.173318982124328613e-01 3.129174411296844482e-01 -2.101460695266723633e-01
-1.678161472082138062e-01 4.640821740031242371e-02 -1.963325738906860352e-01
1.052196323871612549e-01 1.233832612633705139e-01 -6.454403400421142578e-01
6.132660508155822754e-01 -3.207668960094451904e-01 4.212831854820251465e-01
5.200658440589904785e-01 -4.205647408962249756e-01 -3.291414082050323486e-01
-5.001446604728698730e-01 1.910159438848495483e-01 4.549675583839416504e-01
-6.012378334999084473e-01 2.018227428197860718e-01 -1.785607337951660156e-01
-2.183316946029663086e-01 1.927867382764816284e-01 -5.486553907394409180e-01
-5.652504786849021912e-02 -3.503145277500152588e-01 -3.620812296867370605e-01
1.662385165691375732e-01 1.146484166383743286e-01 6.993674635887145996e-01
4.273662716150283813e-02 -3.321981430053710938e-01 3.872988820075988770e-01
2.034413367509841919e-01 1.576189547777175903e-01 6.695745587348937988e-01
-3.020742535591125488e-01 3.459655940532684326e-01 -3.319325447082519531e-01
-5.410315468907356262e-02 -1.533192247152328491e-01 -5.139575004577636719e-01
-5.948396921157836914e-01 1.589083522558212280e-01 -1.025804504752159119e-01
-3.913578689098358154e-01 4.411266744136810303e-01 -4.871021211147308350e-01
-3.917128443717956543e-01 4.405422806739807129e-01 -4.875941872596740723e-01
-3.416822552680969238e-01 5.085894465446472168e-01 -2.095450647175312042e-02
5.432603955268859863e-01 -1.782233417034149170e-01 -6.810558438301086426e-01
5.641803741455078125e-01 -4.141782522201538086e-01 3.850198984146118164e-01
-2.185357213020324707e-01 5.671384334564208984e-01 5.170521140098571777e-01
1.556366384029388428e-01 6.809623539447784424e-02 7.069910764694213867e-01
-1.253326237201690674e-01 4.888912662863731384e-02 -5.014226436614990234e-01
6.300356388092041016e-01 -2.537873387336730957e-01 3.741701543331146240e-01
5.509976670145988464e-02 4.864520952105522156e-02 -6.232540607452392578e-01
-5.332425832748413086e-01 2.759521603584289551e-01 -2.313882261514663696e-01
4.128372073173522949e-01 -4.729003310203552246e-01 2.760728299617767334e-01
-2.658007144927978516e-01 -4.178066551685333252e-01 -9.887622296810150146e-02
-5.293067693710327148e-01 1.535848975181579590e-01 1.321492195129394531e-01
2.723753452301025391e-01 3.644284307956695557e-01 -2.311467379331588745e-01
-4.076129496097564697e-01 4.253069758415222168e-01 -4.721995294094085693e-01
1.362639218568801880e-01 3.959176838397979736e-01 -4.975925385951995850e-02
-2.138873189687728882e-01 -3.220755159854888916e-01 -3.559224903583526611e-01
-6.069096922874450684e-01 1.901284754276275635e-01 -1.814225763082504272e-01
5.698726177215576172e-01 -4.018139243125915527e-01 4.114691615104675293e-01
3.449701070785522461e-01 -4.592241346836090088e-01 -4.262906908988952637e-01
6.814450621604919434e-01 -1.049829423427581787e-01 3.444823026657104492e-01
-6.048185378313064575e-02 6.469607949256896973e-01 5.023010373115539551e-01
-5.839164257049560547e-01 1.971306353807449341e-01 -2.156853824853897095e-01
-2.069931328296661377e-01 -4.006988704204559326e-01 3.561790287494659424e-01
-1.997607797384262085e-01 -3.044417500495910645e-01 -3.324864208698272705e-01
-4.269524216651916504e-01 5.100929737091064453e-01 1.308199111372232437e-02
2.883276939392089844e-01 3.712181448936462402e-01 -1.188188344240188599e-01
6.387274861335754395e-01 -3.529544770717620850e-01 2.986289560794830322e-01
5.825309753417968750e-01 -3.917878568172454834e-01 4.112155735492706299e-01
4.380140602588653564e-01 -3.986914157867431641e-01 -4.037518799304962158e-01
-4.015769958496093750e-01 4.315930604934692383e-01 -4.809835255146026611e-01
5.577603578567504883e-01 -1.926359683275222778e-01 -6.813115477561950684e-01
-2.357157617807388306e-01 5.142378807067871094e-01 3.786306083202362061e-01
1.900648027658462524e-01 3.898914158344268799e-01 -1.706912815570831299e-01
