-5.819916129112243652e-01
9.702576994895935059e-01
2.656541764736175537e-01
3.299070000648498535e-01
9.312343597412109375e-01
6.695678234100341797e-01
9.899443984031677246e-01
6.169884204864501953e-01
-8.215501308441162109e-01
-6.274228692054748535e-01
-7.251610159873962402e-01
-4.666786193847656250e-01
-8.804746270179748535e-01
-1.606765091419219971e-01
-7.252262830734252930e-01
9.009565114974975586e-01
-9.107173085212707520e-01
-8.370682597160339355e-01
6.795490980148315430e-01
-7.246074676513671875e-01
-8.268846869468688965e-01
9.991186857223510742e-01
7.589391469955444336e-01
7.610435485839843750e-01
3.283164799213409424e-01
-3.907468616962432861e-01
-4.412583410739898682e-01
2.509673535823822021e-01
9.848960041999816895e-01
6.104544401168823242e-01
7.460252642631530762e-01
-1.571087241172790527e-01
6.822966337203979492e-01
3.281207680702209473e-01
8.847188353538513184e-01
-7.330992221832275391e-01
3.246308267116546631e-01
9.850011467933654785e-01
-9.346619248390197754e-02
6.590207815170288086e-01
-8.254286050796508789e-01
9.849182963371276855e-01
-7.047026753425598145e-01
-9.994970560073852539e-01
6.813314557075500488e-01
5.977073311805725098e-01
5.327939242124557495e-02
-9.966111779212951660e-01
2.503139078617095947e-01
-8.311541080474853516e-01
-6.862451881170272827e-02
3.034081757068634033e-01
-1.195383965969085693e-01
-1.223162338137626648e-01
-1.614340692758560181e-01
3.230620324611663818e-01
9.218804240226745605e-01
8.728205561637878418e-01
3.222166001796722412e-01
-9.978826642036437988e-01
-2.225274294614791870e-01
3.365539610385894775e-01
5.805788636207580566e-01
6.815137863159179688e-01
6.118524670600891113e-01
-4.763473868370056152e-01
7.317908406257629395e-01
3.759271204471588135e-01
-1.551269143819808960e-01
-4.469071328639984131e-01
-8.167365789413452148e-01
-1.992714256048202515e-01
-6.189977526664733887e-01
3.918881416320800781e-01
-7.245724797248840332e-01
-4.872307181358337402e-01
2.787922620773315430e-01
-4.207637608051300049e-01
9.787009954452514648e-01
-5.323979258537292480e-01
7.251282334327697754e-01
-4.469524025917053223e-01
3.012225031852722168e-01
6.895248293876647949e-01
-5.872543454170227051e-01
2.135500311851501465e-01
2.837154567241668701e-01
3.219570815563201904e-01
-4.670812487602233887e-01
-7.190220952033996582e-01
8.158152699470520020e-01
-8.038142919540405273e-01
2.639867961406707764e-01
-8.860278129577636719e-01
2.978642284870147705e-01
3.955665826797485352e-01
6.920183300971984863e-01
-8.302470445632934570e-01
6.526311039924621582e-01
9.727104902267456055e-01
2.196885347366333008e-01
-7.203809618949890137e-01
-9.965828061103820801e-01
9.859712719917297363e-01
2.774838507175445557e-01
7.559054493904113770e-01
-1.327602267265319824e-01
-4.152382910251617432e-01
3.151717185974121094e-01
-8.291797637939453125e-01
7.417217493057250977e-01
-7.164553403854370117e-01
9.892085790634155273e-01
6.854659914970397949e-01
-4.805517792701721191e-01
-1.596097797155380249e-01
-7.377868294715881348e-01
6.307592391967773438e-01
-9.216541647911071777e-01
-1.159566938877105713e-01
6.833055615425109863e-01
9.699842333793640137e-01
-4.723491966724395752e-01
3.248351514339447021e-01
9.703096747398376465e-01
-6.490736007690429688e-01
-1.782882958650588989e-01
-2.239740937948226929e-01
3.079847693443298340e-01
2.313908189535140991e-01
2.529828548431396484e-01
2.336858361959457397e-01
3.288516998291015625e-01
-9.969849586486816406e-01
-7.258863449096679688e-01
-1.620860248804092407e-01
-4.688654839992523193e-01
9.639053940773010254e-01
2.588441967964172363e-01
-1.819400191307067871e-01
-4.079157114028930664e-01
1.534762978553771973e-01
3.272073566913604736e-01
1.270561218261718750e-01
5.522394776344299316e-01
1.217458695173263550e-01
-8.297886252403259277e-01
-8.085654377937316895e-01
2.482936233282089233e-01
8.990653157234191895e-01
-4.433356225490570068e-01
2.260853201150894165e-01
3.833159506320953369e-01
-8.949445486068725586e-01
-7.259077429771423340e-01
-4.455004632472991943e-01
-8.306474685668945312e-01
3.508734703063964844e-01
3.248170316219329834e-01
-4.711704552173614502e-01
-5.265694856643676758e-01
7.065872550010681152e-01
6.752060651779174805e-01
-7.582172155380249023e-01
2.471580207347869873e-01
-1.636865437030792236e-01
6.855363845825195312e-01
7.969796657562255859e-01
1.176991537213325500e-01
-9.327438473701477051e-01
-8.297162652015686035e-01
4.802865087985992432e-01
7.216640710830688477e-01
2.382775247097015381e-01
-1.009403318166732788e-01
9.834531545639038086e-01
7.544052004814147949e-01
-4.145447015762329102e-01
2.405595481395721436e-01
-1.934312134981155396e-01
8.766900897026062012e-01
-5.235140323638916016e-01
9.904764890670776367e-01
9.926795959472656250e-02
-8.903997540473937988e-01
-5.217861533164978027e-01
9.847240447998046875e-01
2.595046758651733398e-01
2.964473366737365723e-01
-7.255124449729919434e-01
8.792879581451416016e-01
3.254509270191192627e-01
-1.564822196960449219e-01
9.522948861122131348e-01
-5.602373480796813965e-01
7.330386638641357422e-01
9.845092296600341797e-01
9.058244228363037109e-01
-7.261930108070373535e-01
3.265266716480255127e-01
-6.977604031562805176e-01
2.134567946195602417e-01
3.513425290584564209e-01
-4.496227502822875977e-01
-5.900681614875793457e-01
6.844675540924072266e-01
-1.569347828626632690e-01
-2.079551964998245239e-01
3.957538008689880371e-01
-8.346456289291381836e-01
9.028028845787048340e-01
-8.301985859870910645e-01
-1.553083956241607666e-01
4.660868644714355469e-01
-8.326005935668945312e-01
9.887649416923522949e-01
-9.924356937408447266e-01
3.178771734237670898e-01
-8.271875381469726562e-01
5.687418580055236816e-01
3.641076087951660156e-01
-6.497868299484252930e-01
6.823342442512512207e-01
-4.207973480224609375e-01
2.282077670097351074e-01
2.690213918685913086e-01
9.785990715026855469e-01
-5.215992927551269531e-01
-9.986448884010314941e-01
-9.059301018714904785e-01
-8.696354031562805176e-01
-8.205872774124145508e-01
2.422693520784378052e-01
9.843449592590332031e-01
6.355878710746765137e-01
-4.534048438072204590e-01
-1.626482456922531128e-01
2.442418187856674194e-01
2.310139983892440796e-01
-7.393895387649536133e-01
6.790563464164733887e-01
6.817380785942077637e-01
-7.261340618133544922e-01
3.250976502895355225e-01
-8.317533731460571289e-01
8.433255553245544434e-01
-2.009106129407882690e-01
-1.666888743638992310e-01
1.941364705562591553e-01
-8.308650255203247070e-01
7.621764540672302246e-01
2.176090925931930542e-01
7.527640461921691895e-01
2.288891673088073730e-01
3.459029495716094971e-01
-5.412223339080810547e-01
9.797183275222778320e-01
9.890575408935546875e-01
-1.117372587323188782e-01
2.788099050521850586e-01
7.621296048164367676e-01
8.925698995590209961e-01
8.765202760696411133e-01
5.792339444160461426e-01
2.772422730922698975e-01
-4.458130896091461182e-01
-8.865132927894592285e-01
7.071430087089538574e-01
9.964647889137268066e-01
7.475104331970214844e-01
3.700850307941436768e-01
-8.786378502845764160e-01
-9.914849698543548584e-02
6.834974288940429688e-01
3.707025647163391113e-01
2.617448270320892334e-01
-4.181114137172698975e-01
2.335451245307922363e-01
-4.742517769336700439e-01
-8.026775717735290527e-02
-5.455627441406250000e-01
2.247081398963928223e-01
-7.264674305915832520e-01
8.761073946952819824e-01
8.771869540214538574e-01
8.741585612297058105e-01
9.845609068870544434e-01
-1.184299364686012268e-01
-9.565515071153640747e-02
-8.202781677246093750e-01
-4.465860724449157715e-01
7.265265583992004395e-01
2.544173300266265869e-01
6.821596622467041016e-01
8.758233785629272461e-01
6.502581834793090820e-01
-9.932458996772766113e-01
-8.338235616683959961e-01
-4.811613857746124268e-01
-6.316338181495666504e-01
9.863737821578979492e-01
3.113772571086883545e-01
9.826653599739074707e-01
6.822246909141540527e-01
-4.444394111633300781e-01
-4.722171127796173096e-01
4.051358103752136230e-01
1.566999107599258423e-01
6.823293566703796387e-01
8.804166316986083984e-01
-9.608308076858520508e-01
-4.995766654610633850e-02
3.761754333972930908e-01
-1.647940427064895630e-01
-1.578657627105712891e-01
-3.795902132987976074e-01
-8.291693925857543945e-01
5.993951559066772461e-01
6.828210353851318359e-01
2.514643073081970215e-01
-6.604324281215667725e-02
4.430539011955261230e-01
7.598614692687988281e-01
2.253983765840530396e-01
-4.810648858547210693e-01
-4.445238411426544189e-01
1.131831184029579163e-01
-4.173056781291961670e-01
6.501803994178771973e-01
-4.785451292991638184e-01
-8.360264301300048828e-01
-5.280808806419372559e-01
2.264684140682220459e-01
-4.621706306934356689e-01
2.595999538898468018e-01
3.956147432327270508e-01
-9.917165637016296387e-01
2.584416866302490234e-01
3.199132084846496582e-01
2.293453812599182129e-01
2.633877694606781006e-01
-7.259903550148010254e-01
6.672391295433044434e-01
8.790023326873779297e-01
3.331780433654785156e-01
-1.608590632677078247e-01
-7.185271978378295898e-01
-4.783482849597930908e-01
3.306675553321838379e-01
4.394801259040832520e-01
9.710164666175842285e-01
8.920019268989562988e-01
9.328222274780273438e-01
2.255002111196517944e-01
-6.553663015365600586e-01
7.481691837310791016e-01
2.065619528293609619e-01
-8.724160194396972656e-01
6.736825108528137207e-01
2.061365693807601929e-01
-9.597997665405273438e-01
-1.606221646070480347e-01
-7.252882719039916992e-01
7.633399963378906250e-02
9.847967028617858887e-01
-4.620160460472106934e-01
-6.384190917015075684e-01
-1.557132154703140259e-01
-7.022095322608947754e-01
9.848212599754333496e-01
-4.647167026996612549e-01
9.869599938392639160e-01
-9.526552557945251465e-01
6.900918483734130859e-01
2.999276220798492432e-01
2.879055738449096680e-01
2.527614831924438477e-01
-6.052319407463073730e-01
9.888221025466918945e-01
-5.498549938201904297e-01
2.268273532390594482e-01
9.850200414657592773e-01
2.290824502706527710e-01
2.604867517948150635e-02
1.651332378387451172e-01
-7.493039369583129883e-01
-1.526110917329788208e-01
2.765516340732574463e-01
2.414993643760681152e-01
-8.177829384803771973e-01
2.720419466495513916e-01
9.645535349845886230e-01
-8.315989971160888672e-01
9.357395768165588379e-01
-8.198353052139282227e-01
9.846584796905517578e-01
2.887485027313232422e-01
-9.813799262046813965e-01
-1.521308869123458862e-01
-1.961997002363204956e-01
-7.319454550743103027e-01
-4.176600277423858643e-01
-6.133724451065063477e-01
-8.876703381538391113e-01
2.985480427742004395e-01
-4.816605746746063232e-01
3.295977115631103516e-01
-8.290439248085021973e-01
-1.941524147987365723e-01
9.703360199928283691e-01
-1.255901306867599487e-01
-9.320872426033020020e-01
6.825181841850280762e-01
2.646540701389312744e-01
1.163573712110519409e-01
-5.574672222137451172e-01
4.096550047397613525e-01
3.516219258308410645e-01
6.822271943092346191e-01
-4.936908781528472900e-01
6.822396516799926758e-01
-4.810169637203216553e-01
1.447430849075317383e-01
8.764663338661193848e-01
-4.883907139301300049e-01
3.299405872821807861e-01
1.894102841615676880e-01
1.333893984556198120e-01
-4.879640042781829834e-01
3.550480008125305176e-01
-1.571859270334243774e-01
6.873940229415893555e-01
-5.037347674369812012e-01
-9.993140101432800293e-01
3.733804821968078613e-01
6.260545849800109863e-01
9.948596358299255371e-01
9.841668009757995605e-01
-2.035380154848098755e-01
3.778042495250701904e-01
-5.377279520034790039e-01
2.862366735935211182e-01
-4.199778139591217041e-01
-5.566847920417785645e-01
-8.300323486328125000e-01
-7.490516304969787598e-01
-9.590988159179687500e-01
7.378180027008056641e-01
-4.223095774650573730e-01
-4.834111034870147705e-01
8.746797442436218262e-01
6.954577565193176270e-01
9.848959445953369141e-01
-7.252033352851867676e-01
-1.647263169288635254e-01
7.838880419731140137e-01
-1.713307648897171021e-01
6.843825578689575195e-01
-5.663061738014221191e-01
2.270366400480270386e-01
-8.427318334579467773e-01
-1.354560106992721558e-01
6.216061115264892578e-01
-7.241356372833251953e-01
-4.460381567478179932e-01
2.252950072288513184e-01
-1.911397725343704224e-01
-4.459793865680694580e-01
2.573671936988830566e-01
-5.329128503799438477e-01
-8.267913460731506348e-01
6.586508154869079590e-01
2.753261327743530273e-01
2.903783917427062988e-01
6.605343818664550781e-01
-9.281156659126281738e-01
3.716278374195098877e-01
8.878757357597351074e-01
3.231025040149688721e-01
-4.470802843570709229e-01
8.876450657844543457e-01
2.868460416793823242e-01
-8.318865895271301270e-01
6.835165023803710938e-01
2.169336229562759399e-01
-7.260478734970092773e-01
-8.104088306427001953e-01
2.970616817474365234e-01
8.813369274139404297e-01
-1.590423434972763062e-01
2.253785729408264160e-01
9.847902655601501465e-01
2.449835389852523804e-01
-7.513739466667175293e-01
-4.938510060310363770e-01
-3.636390864849090576e-01
-7.653099894523620605e-01
-8.294642567634582520e-01
-7.243539094924926758e-01
3.501030504703521729e-01
2.779959738254547119e-01
-1.630674153566360474e-01
7.195191979408264160e-01
2.546434700489044189e-01
-8.282902836799621582e-01
-7.256876230239868164e-01
9.825505018234252930e-01
3.690622448921203613e-01
8.792873024940490723e-01
-5.593773722648620605e-01
-1.817016452550888062e-01
3.763154745101928711e-01
9.007491469383239746e-01
-5.027453303337097168e-01
7.474133372306823730e-01
-1.220776215195655823e-01
-4.519844651222229004e-01
1.048545390367507935e-01
2.767470665276050568e-02
-1.906945556402206421e-01
2.258797883987426758e-01
3.543220460414886475e-01
2.455870360136032104e-01
1.195024549961090088e-01
-9.397739171981811523e-01
9.841869473457336426e-01
9.794313311576843262e-01
1.190619021654129028e-01
8.782821297645568848e-01
-7.218295931816101074e-01
8.738899827003479004e-01
-1.847472637891769409e-01
1.003745347261428833e-01
2.525653839111328125e-01
8.788737654685974121e-01
5.753398537635803223e-01
9.194905161857604980e-01
2.275797277688980103e-01
-4.664736986160278320e-01
2.566332519054412842e-01
9.736591577529907227e-01
4.974066466093063354e-02
-8.285211324691772461e-01
8.888651132583618164e-01
9.848039746284484863e-01
-8.651172518730163574e-01
7.349869012832641602e-01
9.848366975784301758e-01
-4.816954955458641052e-02
1.854006052017211914e-01
8.903006911277770996e-01
1.898626089096069336e-01
9.820581078529357910e-01
2.314616739749908447e-01
-9.860789179801940918e-01
-9.134609699249267578e-01
8.855997323989868164e-01
9.840269386768341064e-02
3.313464522361755371e-01
-7.263771891593933105e-01
2.858586311340332031e-01
-1.505006402730941772e-01
-8.968911170959472656e-01
-1.535880416631698608e-01
8.766136765480041504e-01
6.150968074798583984e-01
8.494166731834411621e-01
-1.563691794872283936e-01
2.923947870731353760e-01
-8.217750787734985352e-01
6.816775202751159668e-01
2.260343134403228760e-01
-8.362945318222045898e-01
-1.906288415193557739e-01
-3.663867115974426270e-01
9.035957455635070801e-01
6.961779594421386719e-01
-2.262589484453201294e-01
6.879567503929138184e-01
3.188130557537078857e-01
6.820211410522460938e-01
-8.281894326210021973e-01
2.797640264034271240e-01
-8.307174444198608398e-01
2.637106180191040039e-01
3.341547846794128418e-01
2.543240785598754883e-01
6.822761297225952148e-01
-4.780133664608001709e-01
2.279467284679412842e-01
9.862172603607177734e-01
2.543466389179229736e-01
7.041173577308654785e-01
-8.297109603881835938e-01
-7.419569045305252075e-02
2.802031636238098145e-01
-1.581019461154937744e-01
-9.219312667846679688e-01
-1.621942073106765747e-01
7.629758119583129883e-01
2.678925991058349609e-01
3.765407204627990723e-01
1.087375581264495850e-01
8.782308697700500488e-01
-5.277256369590759277e-01
-1.564133763313293457e-01
-1.488952040672302246e-01
-1.490700542926788330e-01
7.026007175445556641e-01
6.203378438949584961e-01
-5.418406724929809570e-01
6.023607850074768066e-01
2.275244593620300293e-01
-6.305453181266784668e-02
2.840885519981384277e-01
-3.613805472850799561e-01
7.429558634757995605e-01
-3.030420839786529541e-01
6.000357866287231445e-01
-7.224595546722412109e-01
7.120178937911987305e-01
-1.870366185903549194e-01
7.521789669990539551e-01
3.703104257583618164e-01
7.563094496726989746e-01
-9.844235181808471680e-01
9.316498786211013794e-02
6.847285628318786621e-01
3.413552343845367432e-01
9.877060651779174805e-01
-7.246743440628051758e-01
2.500717043876647949e-01
2.768019735813140869e-01
-8.438125252723693848e-02
-4.432035684585571289e-01
8.015308976173400879e-01
9.454790353775024414e-01
-4.499800801277160645e-01
1.162924617528915405e-01
2.599941492080688477e-01
-7.268639206886291504e-01
2.262348532676696777e-01
2.405997514724731445e-01
4.023091197013854980e-01
8.759852051734924316e-01
-1.562896370887756348e-01
-7.256460785865783691e-01
8.169137835502624512e-01
-7.224544882774353027e-02
1.423726528882980347e-01
-4.500470459461212158e-01
-6.058803796768188477e-01
-2.031302601099014282e-01
2.810743749141693115e-01
6.975896954536437988e-01
-8.235985040664672852e-01
-1.582735031843185425e-01
7.346590161323547363e-01
8.875598907470703125e-01
-7.158402204513549805e-01
-7.137044668197631836e-01
-1.538348048925399780e-01
3.252900838851928711e-01
-5.451008081436157227e-01
2.457169741392135620e-01
-1.434130072593688965e-01
2.269181460142135620e-01
9.117547273635864258e-01
1.200243551284074783e-02
1.506759822368621826e-01
-8.321331739425659180e-01
-4.659540355205535889e-01
-5.142463445663452148e-01
9.804034233093261719e-01
-9.872526526451110840e-01
8.032503724098205566e-01
-5.508138537406921387e-01
-1.572905629873275757e-01
-1.611233502626419067e-01
2.662299871444702148e-01
-8.318839669227600098e-01
7.631066441535949707e-01
9.960075020790100098e-01
-9.102323651313781738e-01
-8.298704028129577637e-01
-4.399282634258270264e-01
1.336444020271301270e-01
2.328518480062484741e-01
2.920502424240112305e-01
7.008131742477416992e-01
2.254429608583450317e-01
8.767757415771484375e-01
-4.448111355304718018e-01
2.746238410472869873e-01
-8.716986328363418579e-02
-9.317194223403930664e-01
3.554349839687347412e-01
-7.863672971725463867e-01
2.855999469757080078e-01
-6.545187234878540039e-01
7.831651568412780762e-01
3.043226897716522217e-01
3.772433698177337646e-01
-6.636942028999328613e-01
7.867233157157897949e-01
9.897569417953491211e-01
9.846194386482238770e-01
2.775875627994537354e-01
-4.461690485477447510e-01
-8.522796034812927246e-01
8.856424093246459961e-01
-4.508916735649108887e-01
2.252778559923171997e-01
-1.057059094309806824e-01
2.487804293632507324e-01
8.753433227539062500e-01
1.119920164346694946e-01
7.220748662948608398e-01
-7.985657453536987305e-01
2.727231085300445557e-01
-2.216980904340744019e-01
3.225179761648178101e-02
3.237029016017913818e-01
-2.060218602418899536e-01
-1.535410284996032715e-01
9.870108366012573242e-01
-7.249946594238281250e-01
9.855573177337646484e-01
-9.909647703170776367e-01
-1.662229299545288086e-01
9.852991700172424316e-01
2.341469973325729370e-01
-7.602226734161376953e-01
-1.534604728221893311e-01
8.793925046920776367e-01
2.611261010169982910e-01
-2.072118967771530151e-01
3.952533900737762451e-01
9.961314201354980469e-01
6.831399202346801758e-01
9.848043918609619141e-01
-6.980925798416137695e-01
-4.831704497337341309e-01
9.850265383720397949e-01
2.213897928595542908e-02
6.815582513809204102e-01
-1.878095716238021851e-01
6.375955343246459961e-01
-9.904764890670776367e-01
2.261948138475418091e-01
6.816424727439880371e-01
2.840637862682342529e-01
-2.026501893997192383e-01
-5.636864900588989258e-01
-1.568985134363174438e-01
-1.564487218856811523e-01
9.659413695335388184e-01
-1.662767231464385986e-01
2.716842591762542725e-01
9.841455221176147461e-01
2.201422601938247681e-01
2.398119270801544189e-01
-8.294053077697753906e-01
-7.251216769218444824e-01
9.983416199684143066e-01
9.349547624588012695e-01
9.026848673820495605e-01
-6.327398419380187988e-01
-2.632962763309478760e-01
-1.563431322574615479e-01
-7.412754297256469727e-01
7.393328547477722168e-01
-1.207302063703536987e-01
9.220692515373229980e-01
3.281964063644409180e-01
6.819893121719360352e-01
4.368077814579010010e-01
3.671599328517913818e-01
-9.950306415557861328e-01
-6.208007931709289551e-01
2.536049187183380127e-01
8.858539462089538574e-01
6.883633732795715332e-01
9.818915128707885742e-01
2.867662906646728516e-01
8.748956322669982910e-01
6.311411857604980469e-01
-1.617633104324340820e-01
-4.713386297225952148e-01
2.751216888427734375e-01
-4.769947230815887451e-01
3.332116305828094482e-01
-4.507666826248168945e-01
2.521274089813232422e-01
-7.016738057136535645e-01
6.812787652015686035e-01
9.843700528144836426e-01
3.819301128387451172e-01
6.316576004028320312e-01
8.305536210536956787e-02
-1.572696417570114136e-01
2.704956531524658203e-01
-4.460549950599670410e-01
8.723387718200683594e-01
-4.813486635684967041e-01
-6.744228601455688477e-01
9.817290306091308594e-01
8.465980887413024902e-01
-9.952580332756042480e-01
-8.298445343971252441e-01
-1.566310673952102661e-01
2.235814929008483887e-01
2.876926064491271973e-01
-1.587527692317962646e-01
-7.022027373313903809e-01
7.335609793663024902e-01
2.789492905139923096e-01
-7.057275772094726562e-01
9.854160547256469727e-01
9.636167883872985840e-01
9.866676330566406250e-01
8.758676052093505859e-01
-4.812208116054534912e-01
6.833133101463317871e-01
6.145792603492736816e-01
2.338240444660186768e-01
9.854305982589721680e-01
9.839237332344055176e-01
2.985903918743133545e-01
-9.924104213714599609e-01
5.604433417320251465e-01
2.951221764087677002e-01
-6.072390079498291016e-01
-7.335749864578247070e-01
-8.078479766845703125e-01
-7.513087987899780273e-01
-5.810636878013610840e-01
9.849035143852233887e-01
3.629783987998962402e-01
6.901571154594421387e-02
2.597826123237609863e-01
2.823543548583984375e-01
3.422220051288604736e-01
-4.809849262237548828e-01
9.662221074104309082e-01
-1.245776936411857605e-01
-2.079214304685592651e-01
2.785555720329284668e-01
6.828310489654541016e-01
6.842700839042663574e-01
2.787197530269622803e-01
-2.288104295730590820e-01
-1.569975726306438446e-02
-4.462781250476837158e-01
9.839009642601013184e-01
-7.298807501792907715e-01
6.549651622772216797e-01
-3.893085420131683350e-01
3.167916238307952881e-01
-1.569580435752868652e-01
2.557305991649627686e-01
-9.974737167358398438e-01
-7.815688252449035645e-01
-1.066379919648170471e-01
2.605959475040435791e-01
8.613481521606445312e-01
-8.487259745597839355e-01
5.144202709197998047e-01
-3.893437385559082031e-01
1.773607172071933746e-02
-9.992825388908386230e-01
-8.370719552040100098e-01
2.865277826786041260e-01
8.778579831123352051e-01
-4.429227709770202637e-01
2.251711487770080566e-01
3.267737329006195068e-01
-9.219994544982910156e-01
-4.660696387290954590e-01
-9.175153821706771851e-02
2.250582128763198853e-01
6.884173154830932617e-01
-7.887738347053527832e-01
3.287191092967987061e-01
3.445066884160041809e-02
-7.077891230583190918e-01
-8.288123011589050293e-01
-1.634326875209808350e-01
8.585772514343261719e-01
-2.041670978069305420e-01
8.833600282669067383e-01
8.752740025520324707e-01
-9.882199168205261230e-01
9.876924157142639160e-01
-7.272793650627136230e-01
2.816569209098815918e-01
-7.608539611101150513e-02
5.781592056155204773e-02
9.851552248001098633e-01
-6.558918356895446777e-01
8.773915767669677734e-01
6.796244382858276367e-01
-9.910193085670471191e-01
9.849032163619995117e-01
3.253121376037597656e-01
2.222892493009567261e-01
-7.261348962783813477e-01
-7.247450947761535645e-01
3.205463588237762451e-01
6.870752573013305664e-01
8.765303492546081543e-01
8.764526247978210449e-01
-4.447534680366516113e-01
-8.289485573768615723e-01
-7.913471460342407227e-01
9.631922245025634766e-01
-1.580894589424133301e-01
1.816561073064804077e-01
9.888026714324951172e-01
2.726577818393707275e-01
-7.995701432228088379e-01
9.854812622070312500e-01
6.821100115776062012e-01
7.125457525253295898e-01
-4.382729232311248779e-01
2.084486633539199829e-01
8.692824244499206543e-01
-7.271362543106079102e-01
-8.292979598045349121e-01
3.345890939235687256e-01
8.846502304077148438e-01
-1.628060787916183472e-01
-1.336384266614913940e-01
-4.183718562126159668e-01
3.208884596824645996e-01
9.792905449867248535e-01
2.054886072874069214e-01
-9.825195074081420898e-01
-4.486422240734100342e-01
6.768524646759033203e-01
-4.670641720294952393e-01
-8.308429121971130371e-01
-6.229922175407409668e-01
-8.280876278877258301e-01
-9.739109277725219727e-01
-7.237913012504577637e-01
8.325365781784057617e-01
-1.724617183208465576e-01
2.438173741102218628e-01
-4.189484119415283203e-01
9.049998521804809570e-01
8.938547372817993164e-01
-5.234866738319396973e-01
-1.521597653627395630e-01
-8.469979763031005859e-01
7.187764644622802734e-01
8.784460425376892090e-01
9.960076212882995605e-01
-4.529225826263427734e-01
3.314571380615234375e-01
2.475344985723495483e-01
3.388964533805847168e-01
9.746376872062683105e-01
-4.734379649162292480e-01
8.659913539886474609e-01
9.843643307685852051e-01
9.844244718551635742e-01
9.051482677459716797e-01
-7.207685112953186035e-01
-1.710720211267471313e-01
6.462515592575073242e-01
3.239339292049407959e-01
-2.581957355141639709e-02
-1.475590914487838745e-01
-5.112707018852233887e-01
8.980152010917663574e-01
-2.059679776430130005e-01
-4.153132736682891846e-01
8.269543647766113281e-01
3.362788632512092590e-02
9.822788238525390625e-01
2.421138994395732880e-02
-4.461849629878997803e-01
8.763156533241271973e-01
-1.645249724388122559e-01
-8.193486332893371582e-01
-1.076707467436790466e-01
6.040345430374145508e-01
8.790519833564758301e-01
2.263142615556716919e-01
-4.459419846534729004e-01
8.960976600646972656e-01
1.181854680180549622e-01
-1.484638899564743042e-01
-1.633110940456390381e-01
-8.058037161827087402e-01
9.835008978843688965e-01
-7.254511117935180664e-01
6.068785786628723145e-01
1.262091100215911865e-01
