-8.278230577707290649e-02 -8.549051731824874878e-02 -1.074850000441074371e-02 -8.243560791015625000e-02
-9.498181194067001343e-02 -7.431247830390930176e-02 -2.724017761647701263e-02 -1.322550177574157715e-01
-9.689839929342269897e-02 -1.029757112264633179e-01 -1.022049114108085632e-01 -2.405561879277229309e-02
-9.941034764051437378e-02 -1.025566905736923218e-01 -8.683270961046218872e-02 -4.015137627720832825e-02
2.315554302185773849e-03 -5.743124708533287048e-02 -8.060172945261001587e-02 -9.038220345973968506e-02
1.201037690043449402e-01 5.600307136774063110e-02 -1.424615830183029175e-01 -1.060647070407867432e-01
-9.548850357532501221e-03 -1.492974907159805298e-01 -2.688520215451717377e-02 1.012188345193862915e-01
-4.419773072004318237e-02 -1.011907905340194702e-01 1.328458916395902634e-02 -1.763573847711086273e-02
-4.766573756933212280e-02 -1.340161710977554321e-01 1.844899728894233704e-02 3.111715428531169891e-02
7.214098004624247551e-04 -5.115912854671478271e-02 -8.577790111303329468e-02 -1.091288849711418152e-01
-4.222003370523452759e-02 -1.278048455715179443e-01 -8.581302314996719360e-02 8.615621924400329590e-02
4.241237044334411621e-02 -1.698300987482070923e-01 -4.587525036185979843e-03 1.537456810474395752e-01
-3.271212428808212280e-02 -1.411241292953491211e-01 4.243014380335807800e-02 3.869663923978805542e-02
1.726530939340591431e-01 1.717078089714050293e-01 -8.452530205249786377e-02 -4.866823181509971619e-02
1.395941227674484253e-01 8.548319339752197266e-02 -6.958568841218948364e-02 -9.049970656633377075e-02
-5.342102423310279846e-02 -1.306710243225097656e-01 1.972911693155765533e-02 1.670530624687671661e-02
-2.041934803128242493e-02 -7.772323489189147949e-02 -5.644074641168117523e-03 -5.668150633573532104e-02
5.290998518466949463e-02 -1.721076369285583496e-01 -1.491600414738059044e-03 1.753541380167007446e-01
6.995347794145345688e-03 -1.383200008422136307e-02 -1.997406780719757080e-02 -1.193574443459510803e-01
-1.108096633106470108e-02 -1.417476087808609009e-01 -5.598463490605354309e-02 1.197883784770965576e-01
-6.451545655727386475e-02 -1.190027073025703430e-01 -9.153547883033752441e-02 4.639476165175437927e-02
1.549433171749114990e-01 1.652174443006515503e-01 -5.200902000069618225e-02 -4.997440427541732788e-02
-2.161470055580139160e-02 -3.607510030269622803e-02 4.992810636758804321e-02 -8.036565780639648438e-02
-1.030680388212203979e-01 -9.976808726787567139e-02 -1.382189691066741943e-01 -3.663458162918686867e-03
1.900237947702407837e-01 8.602889627218246460e-02 -2.036877274513244629e-01 -8.567413687705993652e-02
8.400344103574752808e-02 -1.839709877967834473e-01 3.058506920933723450e-02 1.764633208513259888e-01
3.498107893392443657e-03 -3.836641460657119751e-02 -3.870651498436927795e-02 -9.001629054546356201e-02
2.706843800842761993e-02 -1.965689361095428467e-01 1.259950846433639526e-01 1.134801059961318970e-01
1.900569908320903778e-02 -1.511166095733642578e-01 -4.600349813699722290e-02 1.369707435369491577e-01
1.815603859722614288e-02 1.230385825037956238e-01 1.237093955278396606e-01 -3.625759482383728027e-02
-8.271329104900360107e-02 -5.865322053432464600e-02 -1.185804023407399654e-03 -1.276887953281402588e-01
-1.078169271349906921e-01 -9.909916669130325317e-02 -1.308233737945556641e-01 -9.081042371690273285e-04
-7.404341548681259155e-02 -8.679297566413879395e-02 -9.453620761632919312e-02 -6.894771754741668701e-02
-2.403562143445014954e-02 -1.561421602964401245e-01 2.148943766951560974e-02 8.074455708265304565e-02
1.762489080429077148e-01 -2.430645078420639038e-01 1.675778329372406006e-01 2.101706564426422119e-01
-8.409085869789123535e-02 -7.585693895816802979e-02 1.476913038641214371e-02 -9.057132154703140259e-02
-1.007071323692798615e-02 -4.885130375623703003e-02 -5.619687214493751526e-02 -1.354644298553466797e-01
8.537839353084564209e-02 -1.808321923017501831e-01 2.524161944165825844e-03 2.062630057334899902e-01
-5.648504570126533508e-02 -1.097890064120292664e-01 -1.703279912471771240e-01 1.154150590300559998e-01
-1.849368959665298462e-02 1.763834431767463684e-02 1.417857557535171509e-01 -1.449947506189346313e-01
-7.989509403705596924e-02 -6.101470440626144409e-02 4.877070337533950806e-02 -1.279343068599700928e-01
-9.893470257520675659e-02 -1.001281663775444031e-01 -1.612575799226760864e-01 2.269065566360950470e-02
-2.125279977917671204e-02 -1.184074506163597107e-01 -1.507818698883056641e-01 1.455185413360595703e-01
7.454504817724227905e-02 -2.136716842651367188e-01 1.460899412631988525e-01 1.570791900157928467e-01
-4.088481888175010681e-02 -7.414652407169342041e-02 -3.931542485952377319e-02 -1.477977186441421509e-01
-1.065694317221641541e-01 -1.007464155554771423e-01 -1.594020426273345947e-01 -1.022967230528593063e-02
3.286242485046386719e-02 -1.622577160596847534e-01 -1.842536218464374542e-02 1.469526737928390503e-01
7.990104705095291138e-02 1.987332254648208618e-01 1.079558953642845154e-01 -5.849367007613182068e-02
-1.167489811778068542e-01 -9.049104154109954834e-02 -1.976937055587768555e-01 1.636839285492897034e-02
2.813460230827331543e-01 2.437777668237686157e-01 -2.497506588697433472e-01 -4.165394231677055359e-02
1.321749109774827957e-02 -1.623889058828353882e-01 1.281412597745656967e-02 1.388600766658782959e-01
8.476829528808593750e-02 1.294297724962234497e-02 -4.086116328835487366e-02 -1.424363851547241211e-01
-5.262662470340728760e-02 -7.768158614635467529e-02 -5.738972499966621399e-02 -1.356400102376937866e-01
-1.578054763376712799e-02 -1.231661066412925720e-01 -1.521567553281784058e-01 1.532140374183654785e-01
-5.925342440605163574e-02 -6.452330946922302246e-02 2.616223320364952087e-02 -1.618927270174026489e-01
-7.234978675842285156e-02 -9.977108985185623169e-02 -1.867940127849578857e-01 7.969471812248229980e-02
-8.328088372945785522e-02 -8.715251833200454712e-02 -1.076905056834220886e-01 -6.190854683518409729e-02
-7.644835859537124634e-02 -9.218338876962661743e-02 1.632925681769847870e-02 -6.121122837066650391e-02
2.044462561607360840e-01 2.069120556116104126e-01 -7.255264371633529663e-02 -4.562177881598472595e-02
9.173077996820211411e-04 -5.477239564061164856e-02 -9.312012046575546265e-02 -9.671056270599365234e-02
-5.010228976607322693e-02 -7.984555512666702271e-02 2.061097137629985809e-02 -6.397688388824462891e-02
-1.935381069779396057e-02 -1.602985262870788574e-01 7.372302561998367310e-02 6.410789489746093750e-02
-7.956560701131820679e-02 -8.860636502504348755e-02 -9.675303846597671509e-02 -6.735119223594665527e-02
2.778613865375518799e-01 -2.920528650283813477e-01 2.298756688833236694e-01 3.072722852230072021e-01
-3.855653479695320129e-02 -5.678030103445053101e-02 5.278928205370903015e-02 -8.741316199302673340e-02
-1.164626181125640869e-01 -9.038153290748596191e-02 -6.053445488214492798e-02 -9.515693783760070801e-02
-7.789953052997589111e-02 -1.121623143553733826e-01 -9.266279637813568115e-02 3.625393658876419067e-02
-1.022543907165527344e-01 -1.019404232501983643e-01 -1.094980165362358093e-01 -3.969637677073478699e-02
7.906351238489151001e-02 -4.246979660820215940e-04 -7.695111632347106934e-02 -1.241791769862174988e-01
2.676656842231750488e-01 -2.794983685016632080e-01 2.008873820304870605e-01 3.051069974899291992e-01
6.980707496404647827e-02 -1.740486621856689453e-01 3.026660531759262085e-03 1.919744610786437988e-01
-9.969103336334228516e-02 -8.914650231599807739e-02 -5.933909863233566284e-02 -7.274221628904342651e-02
-4.507991299033164978e-02 -6.632529199123382568e-02 -2.183907292783260345e-02 -1.477574110031127930e-01
8.433684706687927246e-02 -2.137500941753387451e-01 1.367620527744293213e-01 1.632271707057952881e-01
1.926831752061843872e-01 -2.459921687841415405e-01 1.616341322660446167e-01 2.338773012161254883e-01
-9.586645662784576416e-02 -8.391933888196945190e-02 -5.792802199721336365e-02 -1.224968060851097107e-01
6.577194482088088989e-02 -1.992570012807846069e-01 9.916675090789794922e-02 1.555449515581130981e-01
3.060069866478443146e-02 -1.505044400691986084e-01 -6.679060310125350952e-02 1.844286173582077026e-01
8.641211688518524170e-02 -2.050917744636535645e-01 8.832010626792907715e-02 1.926344335079193115e-01
-8.196679991669952869e-04 1.968774572014808655e-02 8.023776859045028687e-02 -1.346956938505172729e-01
2.603962831199169159e-02 3.832879289984703064e-02 7.834911346435546875e-02 -8.423630893230438232e-02
-3.402034938335418701e-02 -1.427094936370849609e-01 -4.777741432189941406e-02 1.006336584687232971e-01
-2.667166851460933685e-02 -6.867823004722595215e-02 -4.562402516603469849e-02 -1.386291980743408203e-01
-8.468011021614074707e-02 -8.776436001062393188e-02 -1.025043576955795288e-01 -7.721107453107833862e-02
1.396843045949935913e-02 -2.126969024538993835e-02 -4.264006856828927994e-03 -1.019488871097564697e-01
-9.968791157007217407e-02 -9.992173314094543457e-02 -1.264708787202835083e-01 -5.168481729924678802e-03
-2.904153242707252502e-02 -1.355001032352447510e-01 -9.167154878377914429e-02 1.380867213010787964e-01
1.391382887959480286e-02 -1.298171728849411011e-01 -1.259588748216629028e-01 1.763886213302612305e-01
-3.993005305528640747e-02 -1.220993027091026306e-01 -1.303068548440933228e-01 1.251112818717956543e-01
-1.078535392880439758e-01 -9.476102143526077271e-02 -1.871604770421981812e-01 1.744219288229942322e-02
1.234920993447303772e-01 7.051829248666763306e-02 -8.665501326322555542e-02 -8.249218761920928955e-02
-9.730986505746841431e-02 -9.880245476961135864e-02 -1.137370169162750244e-01 -4.156647995114326477e-02
2.145429700613021851e-01 1.629582792520523071e-01 -1.197085231542587280e-01 -7.183118164539337158e-02
-7.176194339990615845e-02 -1.171647757291793823e-01 -2.617089264094829559e-02 1.095083821564912796e-02
-1.068203896284103394e-01 -9.204111993312835693e-02 -1.643279045820236206e-01 7.166001480072736740e-03
-4.495511949062347412e-02 -1.260781437158584595e-01 -9.669192880392074585e-02 8.772397786378860474e-02
-1.122808977961540222e-01 -9.192394465208053589e-02 -1.024668961763381958e-01 -8.724195510149002075e-02
-8.102633059024810791e-02 -1.080453544855117798e-01 -1.331567764282226562e-01 4.385380074381828308e-02
-6.006866693496704102e-02 -8.187890797853469849e-02 -9.056616574525833130e-02 -7.432885468006134033e-02
5.570932850241661072e-02 9.812263771891593933e-03 -5.166722461581230164e-02 -1.160633340477943420e-01
2.221793122589588165e-02 1.150518562644720078e-02 8.266003802418708801e-03 -8.935519307851791382e-02
2.736044116318225861e-02 -2.308214269578456879e-02 3.318876773118972778e-02 -5.979167670011520386e-02
1.142442524433135986e-01 -2.041731029748916626e-01 7.280360907316207886e-02 1.971311718225479126e-01
-1.133170630782842636e-02 -1.544394344091415405e-01 -1.779647544026374817e-02 1.076906993985176086e-01
8.992325514554977417e-03 -1.390695292502641678e-02 3.789865598082542419e-02 -1.621274352073669434e-01
3.023631498217582703e-02 -1.629926860332489014e-01 -3.181688860058784485e-02 1.808440089225769043e-01
-6.693436950445175171e-02 -1.142036989331245422e-01 -1.279812157154083252e-01 7.232067734003067017e-02
-7.282175123691558838e-02 -5.287946388125419617e-02 6.255477666854858398e-02 -1.367207765579223633e-01
2.662452496588230133e-02 -1.826356202363967896e-01 7.274295389652252197e-02 1.344543099403381348e-01
1.843038648366928101e-01 -2.632939815521240234e-01 2.224501967430114746e-01 2.433194816112518311e-01
1.542636305093765259e-01 1.943218708038330078e-01 -4.725070670247077942e-03 -6.037675961852073669e-02
-2.395085245370864868e-02 3.293985128402709961e-02 1.575206965208053589e-01 -1.241079643368721008e-01
-8.171547949314117432e-02 -8.663842827081680298e-02 -7.270606607198715210e-02 -1.072357818484306335e-01
-1.080254837870597839e-01 -9.225190430879592896e-02 -6.751225143671035767e-02 -9.101192653179168701e-02
-6.862715631723403931e-02 -1.086115315556526184e-01 -1.529705971479415894e-01 8.304534852504730225e-02
-1.673093810677528381e-02 -3.661144897341728210e-02 1.290757209062576294e-02 -9.198127686977386475e-02
-1.115687340497970581e-01 -8.164709806442260742e-02 -6.549189984798431396e-02 -1.212836578488349915e-01
-6.954593211412429810e-02 -5.571416392922401428e-02 2.661534957587718964e-02 -1.232728809118270874e-01
-9.617524594068527222e-02 -8.516362309455871582e-02 -6.978221982717514038e-02 -1.080415993928909302e-01
7.416121661663055420e-02 -2.236987799406051636e-01 1.845036894083023071e-01 1.513485312461853027e-01
-3.240129351615905762e-02 -1.363134980201721191e-01 -6.492680311203002930e-02 1.127845048904418945e-01
-1.050039604306221008e-01 -9.888449311256408691e-02 -9.235710650682449341e-02 -4.555555433034896851e-02
-9.095568209886550903e-02 -9.399410337209701538e-02 -2.182027697563171387e-01 8.401423692703247070e-02
-5.104301124811172485e-02 -5.833961442112922668e-02 -1.645067520439624786e-02 -1.450680345296859741e-01
7.588494103401899338e-03 -5.118877068161964417e-02 -5.477137863636016846e-02 -7.549814134836196899e-02
-7.562837749719619751e-02 -1.114422157406806946e-01 -1.235797479748725891e-01 5.575489997863769531e-02
3.115087747573852539e-04 -1.003021653741598129e-02 3.597163408994674683e-02 -1.549149602651596069e-01
5.244883522391319275e-02 8.764876984059810638e-03 -2.315893024206161499e-02 -1.368316262960433960e-01
-9.696057438850402832e-02 -9.828520566225051880e-02 -1.225227862596511841e-01 -1.547956001013517380e-02
-6.292694807052612305e-02 -8.034193515777587891e-02 -9.250266104936599731e-02 -8.311376720666885376e-02
-7.919358462095260620e-02 -6.453130394220352173e-02 4.451455175876617432e-02 -1.542954593896865845e-01
-1.075730398297309875e-01 -9.276148676872253418e-02 -1.158786043524742126e-01 -6.203072890639305115e-02
1.462778449058532715e-01 7.000173628330230713e-02 -1.360358297824859619e-01 -7.558853179216384888e-02
-5.377761274576187134e-02 -1.314923763275146484e-01 8.623199537396430969e-03 2.407539263367652893e-02
3.250409290194511414e-02 -1.807107329368591309e-01 4.746083915233612061e-02 1.469155251979827881e-01
4.033030942082405090e-02 -1.677824705839157104e-01 -1.404784433543682098e-02 1.805256158113479614e-01
-7.567593455314636230e-02 -1.137342080473899841e-01 -1.034575700759887695e-01 2.652138099074363708e-02
-2.139347605407238007e-02 -1.377594023942947388e-01 -5.004882067441940308e-02 1.046186536550521851e-01
-7.184709887951612473e-03 -4.243516549468040466e-02 -3.619072586297988892e-02 -1.467134654521942139e-01
-3.586681932210922241e-02 -6.212239712476730347e-02 -8.052840083837509155e-02 -1.153961941599845886e-01
1.624059975147247314e-01 1.603717356920242310e-01 -7.449626922607421875e-02 -4.968208819627761841e-02
-6.428331881761550903e-02 -7.018195837736129761e-02 -4.944121092557907104e-02 -1.291904747486114502e-01
4.840882495045661926e-02 -2.049699723720550537e-01 1.405954211950302124e-01 1.338066458702087402e-01
-1.003146823495626450e-02 -5.518979206681251526e-02 -1.249138079583644867e-02 -7.192813605070114136e-02
5.155248567461967468e-02 -5.319425836205482483e-03 -4.962020739912986755e-02 -1.391972005367279053e-01
-1.031104400753974915e-01 -1.004468351602554321e-01 -1.074601262807846069e-01 -4.008110985159873962e-02
-4.973636195063591003e-02 -1.311647295951843262e-01 -4.495364055037498474e-02 4.717979580163955688e-02
-3.415095061063766479e-02 -7.533264160156250000e-02 -8.637195080518722534e-02 -1.078747063875198364e-01
1.492903381586074829e-01 -2.535883486270904541e-01 2.212561815977096558e-01 2.182106524705886841e-01
-1.138872355222702026e-01 -8.858484774827957153e-02 -1.539022624492645264e-01 -5.711771547794342041e-02
2.125674672424793243e-02 -1.503083705902099609e-01 -5.383285880088806152e-02 1.665293276309967041e-01
-9.293559193611145020e-02 -6.859148293733596802e-02 1.621775142848491669e-02 -1.414560377597808838e-01
-1.028071567416191101e-01 -9.069833159446716309e-02 -1.894746571779251099e-01 3.846377879381179810e-02
9.175772778689861298e-03 -1.409283839166164398e-02 -2.650178596377372742e-02 -1.300424188375473022e-01
-8.832563459873199463e-02 -1.002359539270401001e-01 -1.298417896032333374e-01 2.101390855386853218e-03
-8.006942272186279297e-02 -1.066459193825721741e-01 -4.082613065838813782e-02 -1.665580458939075470e-02
2.847830392420291901e-02 -1.396843791007995605e-01 -9.271842241287231445e-02 1.765794008970260620e-01
-7.700546830892562866e-02 -1.120567619800567627e-01 -1.183923929929733276e-01 4.387642070651054382e-02
2.774790162220597267e-03 -1.362739354372024536e-01 -1.085541322827339172e-01 1.661058515310287476e-01
-5.176340043544769287e-02 -7.997838407754898071e-02 -8.293525129556655884e-02 -1.019355580210685730e-01
-1.369868963956832886e-02 -1.369118392467498779e-01 -9.480178356170654297e-02 1.295581310987472534e-01
-1.178645938634872437e-01 -8.493601530790328979e-02 -1.603022813796997070e-01 -4.590446501970291138e-02
7.282120734453201294e-02 5.897125694900751114e-03 -4.124492779374122620e-02 -7.500312477350234985e-02
-1.086260899901390076e-01 -8.896402269601821899e-02 -1.173418909311294556e-01 -5.029922723770141602e-02
-1.151352822780609131e-01 -9.199617058038711548e-02 -7.442016154527664185e-02 -8.522300422191619873e-02
1.881340146064758301e-01 -2.301122248172760010e-01 1.066692247986793518e-01 2.676805257797241211e-01
-9.173528105020523071e-02 -1.009328216314315796e-01 -1.539402455091476440e-01 3.067404404282569885e-02
-4.246323555707931519e-02 -8.316909521818161011e-02 1.498476695269346237e-02 -5.722374096512794495e-02
-5.125849856995046139e-04 1.378301437944173813e-02 6.661628931760787964e-02 -1.449155509471893311e-01
-9.863429516553878784e-02 -9.753180295228958130e-02 -1.048962846398353577e-01 -5.163430422544479370e-02
-2.049867436289787292e-02 -1.384954899549484253e-01 -6.771302968263626099e-02 1.169627606868743896e-01
-1.178798303008079529e-01 -8.863266557455062866e-02 -1.453675329685211182e-01 -6.352182477712631226e-02
-1.002875640988349915e-01 -9.904992580413818359e-02 -1.309204399585723877e-01 -9.924310259521007538e-03
