-4.275275766849517822e-02 2.278481051325798035e-02 -1.694449968636035919e-02
-1.110810860991477966e-01 4.090685024857521057e-02 -3.218685835599899292e-02
5.113602802157402039e-02 1.081244796514511108e-01 -2.869786322116851807e-02
2.501788176596164703e-02 9.948745369911193848e-02 -2.502443455159664154e-02
-1.471573393791913986e-02 1.545513514429330826e-02 -5.762590095400810242e-02
-1.226342096924781799e-02 -9.552816301584243774e-02 -1.374261230230331421e-01
1.067648380994796753e-01 -1.811981014907360077e-02 8.182717859745025635e-02
1.535360515117645264e-02 -2.501796185970306396e-02 1.970176212489604950e-02
5.021077394485473633e-02 -1.171290967613458633e-02 5.435277149081230164e-02
-4.315472766757011414e-02 1.305722724646329880e-02 -6.209789216518402100e-02
1.184536442160606384e-01 3.439182788133621216e-02 4.102278873324394226e-02
1.255514174699783325e-01 -6.193875148892402649e-02 1.250533461570739746e-01
4.528476297855377197e-02 -3.226768225431442261e-02 6.912231445312500000e-02
3.202299028635025024e-02 -2.368825972080230713e-01 -2.045112252235412598e-01
-2.456706389784812927e-02 -1.668534725904464722e-01 -1.429102122783660889e-01
3.950804844498634338e-02 -6.692957598716020584e-03 4.742922633886337280e-02
-1.218783110380172729e-02 -2.727458439767360687e-02 -1.090037822723388672e-02
1.442366987466812134e-01 -6.974559277296066284e-02 1.290672123432159424e-01
-7.141142338514328003e-02 -6.025519222021102905e-02 -7.235016673803329468e-02
1.379577964544296265e-01 -6.763370241969823837e-03 7.057859748601913452e-02
9.433859586715698242e-02 6.093478947877883911e-02 1.526147127151489258e-02
1.059616543352603912e-02 -2.450437098741531372e-01 -1.905876845121383667e-01
-5.597984045743942261e-02 -9.560250490903854370e-02 -2.383504807949066162e-02
7.938314974308013916e-02 1.302983760833740234e-01 -3.757243603467941284e-02
5.197304487228393555e-02 -1.065447032451629639e-01 -1.725673675537109375e-01
1.209658682346343994e-01 -1.187196150422096252e-01 1.609899401664733887e-01
-2.683312632143497467e-02 -3.587341681122779846e-02 -5.386102944612503052e-02
4.765529558062553406e-02 -1.112303510308265686e-01 1.652885079383850098e-01
1.364728361368179321e-01 -2.630767971277236938e-02 8.949228376150131226e-02
-3.443833813071250916e-02 -2.711557149887084961e-01 -1.138892099261283875e-01
-1.174592673778533936e-01 -4.485092591494321823e-03 -2.869113348424434662e-02
7.316132634878158569e-02 1.237840279936790466e-01 -3.096057102084159851e-02
3.015225986018776894e-03 8.646675199270248413e-02 -4.413488134741783142e-02
7.503185421228408813e-02 -2.465264126658439636e-02 8.828270435333251953e-02
1.144784688949584961e-01 -2.209252417087554932e-01 2.348603755235671997e-01
-6.376025825738906860e-02 -7.038897834718227386e-03 -1.312213297933340073e-02
-9.945075213909149170e-02 -5.323896184563636780e-03 -5.344339460134506226e-02
1.732512861490249634e-01 -9.416483342647552490e-02 1.439937353134155273e-01
1.855071634054183960e-01 9.137427806854248047e-02 -2.126824110746383667e-04
-1.900419890880584717e-01 -1.612487882375717163e-01 -6.073257327079772949e-02
-1.253724843263626099e-01 -3.331515565514564514e-02 -1.992897503077983856e-02
9.604791551828384399e-02 1.362447291612625122e-01 -3.028574213385581970e-02
1.803410202264785767e-01 3.757968172430992126e-02 4.070141538977622986e-02
7.550919055938720703e-02 -1.548406183719635010e-01 1.943592578172683716e-01
-1.270448267459869385e-01 3.211372718214988708e-02 -4.021905735135078430e-02
7.718998193740844727e-02 1.527198106050491333e-01 -4.246452078223228455e-02
1.186555922031402588e-01 -6.023054569959640503e-02 1.199940294027328491e-01
-8.050078898668289185e-02 -3.088532984256744385e-01 -1.973058283329010010e-01
1.110054180026054382e-01 1.752121150493621826e-01 -5.567721277475357056e-02
1.116313412785530090e-01 -2.331409603357315063e-01 -2.960878908634185791e-01
1.259042173624038696e-01 -5.796917527914047241e-02 1.110147535800933838e-01
-1.058570072054862976e-01 -9.699551016092300415e-02 -9.825909882783889771e-02
-9.606613218784332275e-02 5.231045559048652649e-02 -4.449604451656341553e-02
1.834174096584320068e-01 3.887711837887763977e-02 4.628538340330123901e-02
-1.737667173147201538e-01 -1.536495797336101532e-02 -2.720164507627487183e-02
1.667047441005706787e-01 1.197605282068252563e-01 -2.487767301499843597e-02
1.530938968062400818e-02 1.033298373222351074e-01 -5.038295313715934753e-02
-2.956683933734893799e-02 -2.921148203313350677e-03 2.015125937759876251e-03
1.313437242060899734e-02 -2.751110494136810303e-01 -2.326112985610961914e-01
-1.620667800307273865e-02 2.577147819101810455e-02 -6.493217498064041138e-02
-2.092350274324417114e-02 -1.993017457425594330e-02 -1.141626667231321335e-02
5.005253478884696960e-02 -6.503242254257202148e-02 1.046527400612831116e-01
6.869439035654067993e-03 9.314929693937301636e-02 -4.671159386634826660e-02
1.749785840511322021e-01 -3.359334468841552734e-01 3.103992342948913574e-01
-7.011282444000244141e-02 -7.035509496927261353e-02 -1.140810269862413406e-02
-5.503366887569427490e-02 8.867774903774261475e-02 -2.980722859501838684e-02
9.794409573078155518e-02 7.080533355474472046e-02 1.981553854420781136e-03
3.626122325658798218e-02 1.215817779302597046e-01 -3.650605306029319763e-02
-6.147131323814392090e-02 -6.323079764842987061e-02 -9.560567140579223633e-02
1.866668313741683960e-01 -3.161133527755737305e-01 2.933976948261260986e-01
1.594213694334030151e-01 -9.482029080390930176e-02 1.383581161499023438e-01
-1.799868047237396240e-02 7.019847631454467773e-02 -2.995013818144798279e-02
-1.333088427782058716e-01 3.195349359884858131e-03 -3.676782920956611633e-02
7.810102403163909912e-02 -1.548581272363662720e-01 1.972884535789489746e-01
1.376527249813079834e-01 -2.367046475410461426e-01 2.439498007297515869e-01
-8.817895501852035522e-02 7.483862340450286865e-02 -3.716981783509254456e-02
8.466852456331253052e-02 -1.301220059394836426e-01 1.767591983079910278e-01
1.861524134874343872e-01 -2.885848470032215118e-02 8.931640535593032837e-02
1.173008009791374207e-01 -1.293326616287231445e-01 1.819972395896911621e-01
-1.515981405973434448e-01 -1.443784534931182861e-01 -6.678122282028198242e-02
-6.357260793447494507e-02 -1.749627590179443359e-01 -7.884123921394348145e-02
1.230544745922088623e-01 1.880509033799171448e-02 5.896143987774848938e-02
-9.690494090318679810e-02 2.831741794943809509e-02 -5.252024531364440918e-02
-9.699889458715915680e-03 9.772888571023941040e-02 -4.661408439278602600e-02
-5.092602223157882690e-02 -7.460103183984756470e-02 -5.917271226644515991e-02
7.739201933145523071e-02 1.182906180620193481e-01 -3.438374400138854980e-02
1.577551215887069702e-01 2.718970365822315216e-02 5.760710686445236206e-02
2.064381241798400879e-01 7.867144420742988586e-03 5.624623969197273254e-02
1.588140875101089478e-01 4.709814116358757019e-02 3.839336708188056946e-02
1.049430668354034424e-01 1.635583490133285522e-01 -4.833137989044189453e-02
-5.076610483229160309e-03 -1.474180221557617188e-01 -1.289274990558624268e-01
3.514460101723670959e-02 1.163580864667892456e-01 -3.594927489757537842e-02
1.736006885766983032e-02 -2.169055789709091187e-01 -2.171787172555923462e-01
4.442980512976646423e-02 2.463719807565212250e-02 2.664897590875625610e-02
8.458553254604339600e-02 1.323463320732116699e-01 -3.491135686635971069e-02
1.347703039646148682e-01 4.872519522905349731e-02 2.971713431179523468e-02
-2.335465699434280396e-02 1.239629760384559631e-01 -4.834774881601333618e-02
1.171283051371574402e-01 9.639380872249603271e-02 -1.101679448038339615e-02
5.693418905138969421e-03 7.298530638217926025e-02 -5.079083889722824097e-02
-5.465958639979362488e-02 -8.239248394966125488e-02 -9.345214068889617920e-02
-3.699228540062904358e-02 -1.112085506319999695e-01 -7.614119350910186768e-02
-1.496025267988443375e-02 -1.205476596951484680e-01 -3.589318320155143738e-02
1.298122107982635498e-01 -1.489939987659454346e-01 1.850254237651824951e-01
1.076678410172462463e-01 -1.825316064059734344e-02 8.648260682821273804e-02
-1.809687167406082153e-01 -9.823182970285415649e-02 -5.529735237360000610e-02
1.643616706132888794e-01 -3.942543268203735352e-02 1.094861924648284912e-01
1.383131146430969238e-01 8.280432224273681641e-02 2.221547067165374756e-03
-1.482429355382919312e-01 -5.384015664458274841e-02 -1.902600936591625214e-02
9.318540990352630615e-02 -8.809788525104522705e-02 1.410600990056991577e-01
1.096423268318176270e-01 -2.620148956775665283e-01 2.727734744548797607e-01
-3.860189020633697510e-02 -2.783268392086029053e-01 -2.121551036834716797e-01
-1.723996102809906006e-01 -1.875022202730178833e-01 -5.939550325274467468e-02
-6.102038919925689697e-02 7.810778170824050903e-02 -3.887814655900001526e-02
-4.705310612916946411e-02 8.500751107931137085e-02 -2.809218876063823700e-02
1.495453566312789917e-01 9.020757675170898438e-02 -2.368136541917920113e-03
-5.322939157485961914e-02 -6.330779939889907837e-02 -3.895533829927444458e-02
-7.944424450397491455e-02 9.511016309261322021e-02 -4.605311527848243713e-02
-1.159220039844512939e-01 -3.350130841135978699e-02 -2.335290610790252686e-02
-6.414601206779479980e-02 8.225641399621963501e-02 -3.842883557081222534e-02
5.542549863457679749e-02 -1.715493947267532349e-01 2.090609818696975708e-01
1.443750858306884766e-01 2.013758197426795959e-02 5.269988626241683960e-02
3.408377990126609802e-02 1.072359234094619751e-01 -3.543604537844657898e-02
1.830155998468399048e-01 1.525211781263351440e-01 -4.207580164074897766e-02
-1.325495690107345581e-01 -8.771536871790885925e-03 -3.399736434221267700e-02
-6.987451342865824699e-04 -1.501054037362337112e-02 -5.136828124523162842e-02
1.182864233851432800e-01 8.934141695499420166e-02 -2.537692198529839516e-03
-1.646078974008560181e-01 -9.815484285354614258e-02 -5.791761353611946106e-02
-9.833914041519165039e-02 -9.419061988592147827e-02 -9.033667296171188354e-02
6.146378070116043091e-02 1.149916425347328186e-01 -3.446003794670104980e-02
-4.487536381930112839e-03 7.635235041379928589e-02 -5.389337614178657532e-02
-1.668586283922195435e-01 -1.899958401918411255e-02 -2.111016958951950073e-02
1.206501852720975876e-02 1.297287940979003906e-01 -4.808868467807769775e-02
2.427897229790687561e-02 -1.270405501127243042e-01 -1.379575282335281372e-01
4.979693144559860229e-02 -7.580070523545145988e-04 4.781800135970115662e-02
1.038083285093307495e-01 -7.838368415832519531e-02 1.382394582033157349e-01
1.543177664279937744e-01 -5.654694885015487671e-02 1.207621097564697266e-01
9.796479344367980957e-02 9.341924637556076050e-02 -1.043339911848306656e-02
1.269930005073547363e-01 -1.682801404967904091e-03 6.385388225317001343e-02
-1.167118027806282043e-01 -2.101488970220088959e-02 -5.828829109668731689e-02
-5.546918138861656189e-02 3.627531602978706360e-02 -5.780902132391929626e-02
2.927337773144245148e-02 -2.307512164115905762e-01 -1.915895491838455200e-01
-9.287480264902114868e-02 3.565609827637672424e-02 -4.325880110263824463e-02
6.522979587316513062e-02 -1.293780505657196045e-01 1.757994890213012695e-01
-1.660172082483768463e-02 -4.092306271195411682e-02 -3.272169455885887146e-02
-8.803719282150268555e-02 -6.463356316089630127e-02 -9.070561826229095459e-02
3.642996400594711304e-02 1.200725361704826355e-01 -3.805088251829147339e-02
7.678675651550292969e-02 3.079883940517902374e-02 3.827251121401786804e-02
-4.036119207739830017e-02 6.235225498676300049e-02 -5.742418393492698669e-02
8.429074287414550781e-02 -2.401934117078781128e-01 2.621991336345672607e-01
3.272276744246482849e-02 1.607234925031661987e-01 -6.369593739509582520e-02
1.700766980648040771e-01 -3.456693142652511597e-02 9.143548458814620972e-02
-1.551355272531509399e-01 5.536898388527333736e-04 -1.708871684968471527e-02
1.301255673170089722e-01 1.504242271184921265e-01 -4.681004583835601807e-02
-8.546716719865798950e-02 -5.608444288372993469e-02 -7.432364672422409058e-02
7.155266404151916504e-02 1.097577437758445740e-01 -2.589604817330837250e-02
3.153814002871513367e-02 4.424254968762397766e-02 2.526069292798638344e-03
1.905150711536407471e-01 -1.945848949253559113e-02 7.783722132444381714e-02
1.024751812219619751e-01 8.666252344846725464e-02 6.806998280808329582e-04
1.864501237869262695e-01 6.385880522429943085e-03 6.650745868682861328e-02
-4.735526815056800842e-02 6.826943159103393555e-02 -4.565533250570297241e-02
1.544661968946456909e-01 1.851149089634418488e-02 5.836044996976852417e-02
3.250636532902717590e-02 1.538577526807785034e-01 -5.450201034545898438e-02
-5.205129738897085190e-03 -1.045173704624176025e-01 -8.078574389219284058e-02
2.478587999939918518e-02 1.172121316194534302e-01 -4.523796588182449341e-02
-3.745076060295104980e-02 1.041136831045150757e-01 -3.605578467249870300e-02
1.792267411947250366e-01 -2.258815169334411621e-01 2.328242957592010498e-01
1.085431203246116638e-01 1.207262501120567322e-01 -2.483724243938922882e-02
-2.011515013873577118e-02 -2.570677362382411957e-02 -2.185892546549439430e-03
-1.616847515106201172e-01 -1.317727714776992798e-01 -6.668274849653244019e-02
2.507272735238075256e-02 1.141941919922828674e-01 -4.044722393155097961e-02
1.236956641077995300e-01 7.774658501148223877e-03 6.884553283452987671e-02
1.970912143588066101e-02 1.577287465333938599e-01 -6.249189376831054688e-02
7.138987630605697632e-02 1.198782324790954590e-01 -3.558161109685897827e-02
