1.612612128257751465e+00 -5.368094444274902344e+00 1.925935407884915573e-01
1.801983118057250977e+00 -9.700034141540527344e+00 3.057844259008931642e-01
-1.751121997833251953e+00 -1.901651024818420410e+00 2.657489176567828099e-02
3.904489517211914062e+00 -6.581111907958984375e+00 2.689914305467219213e-01
9.342467308044433594e+00 -8.511446952819824219e+00 5.956024996100988123e-01
-8.401490211486816406e+00 6.015879154205322266e+00 -3.653008012267785487e-01
-5.057840824127197266e+00 3.822756290435791016e+00 -1.662826380610346599e-01
4.905991554260253906e+00 -7.659104824066162109e+00 3.243659769976897089e-01
-8.280562400817871094e+00 4.500730991363525391e+00 -3.024703405675366330e-01
-9.844094276428222656e+00 8.341222763061523438e+00 -5.186690397100659489e-01
1.066005229949951172e+01 -1.078873252868652344e+01 8.247883805436626581e-01
9.315958023071289062e+00 -1.053545951843261719e+01 6.846973947885053313e-01
-4.357621669769287109e+00 3.509149074554443359e+00 -1.239420291485403558e-01
3.911707162857055664e+00 -4.742360115051269531e+00 1.822207554360969484e-01
-1.021849918365478516e+01 8.915424346923828125e+00 -5.676269595995159234e-01
6.145227909088134766e+00 -8.657268524169921875e+00 4.739350123280083316e-01
-9.535525321960449219e+00 6.037439823150634766e+00 -3.972898128187723477e-01
-6.550125122070312500e+00 2.695941448211669922e+00 -1.963619366954818535e-01
1.045103931427001953e+01 -1.116055870056152344e+01 8.216937962740673562e-01
6.708614349365234375e+00 -5.688437461853027344e+00 3.691349458320083987e-01
-4.238373756408691406e+00 2.329249382019042969e-01 -7.164598118055032216e-02
1.014585876464843750e+01 -8.427548408508300781e+00 6.220351222969832117e-01
-9.793030738830566406e+00 9.880350112915039062e+00 -6.081094208867279249e-01
6.377940654754638672e+00 -6.992954730987548828e+00 3.476448280234615829e-01
-7.742560386657714844e+00 9.374860763549804688e+00 -4.398762175937575569e-01
-9.606574058532714844e+00 7.127800464630126953e+00 -4.557455760255962884e-01
9.574818611145019531e+00 -1.217027473449707031e+01 7.267757991298551268e-01
2.312466144561767578e+00 -1.103986358642578125e+01 3.515484131653252575e-01
-4.054915428161621094e+00 4.350688457489013672e-01 -7.668684072957254738e-02
-4.987665414810180664e-01 -4.546119689941406250e+00 1.210442117334847023e-01
-6.990301132202148438e+00 6.074134349822998047e+00 -3.153073035853322104e-01
3.157206296920776367e+00 -5.667665481567382812e+00 2.520738295801880913e-01
3.832630395889282227e+00 -9.371360778808593750e+00 3.921581083198845130e-01
-1.059559440612792969e+01 9.922670364379882812e+00 -6.363877744917608714e-01
-9.239880561828613281e+00 4.270482063293457031e+00 -3.498420599077247672e-01
6.504388332366943359e+00 -1.286298561096191406e+01 6.681923350801807215e-01
2.611178398132324219e+00 -1.169345474243164062e+01 3.772731262972466304e-01
-5.991315841674804688e+00 9.163794517517089844e-01 -1.365203394782596447e-01
-1.017300128936767578e+01 5.664400577545166016e+00 -4.265246176975482362e-01
-8.469738960266113281e+00 1.085890388488769531e+01 -5.625010266117161928e-01
2.774507999420166016e+00 -9.275873184204101562e+00 3.497134365845062653e-01
-4.134520053863525391e+00 -4.501025676727294922e-01 -6.727621340021008867e-02
-9.680518150329589844e+00 7.890295505523681641e+00 -4.951286769253466225e-01
9.763691902160644531e+00 -1.302142333984375000e+01 9.578295281440245557e-01
-5.763467311859130859e+00 4.427816867828369141e-01 -1.245998623353177237e-01
1.115001010894775391e+01 -1.048623466491699219e+01 9.226327263904018361e-01
-9.173298835754394531e+00 7.994461536407470703e+00 -4.755089601987791958e-01
7.492042064666748047e+00 -9.845932006835937500e+00 6.012221523211769281e-01
2.288317918777465820e+00 -8.820060729980468750e+00 3.077064872638425874e-01
-1.072317028045654297e+01 5.648898601531982422e+00 -4.399164690623657004e-01
3.383252143859863281e+00 -1.116647148132324219e+01 4.285621509625979209e-01
-8.380394935607910156e+00 2.663673877716064453e+00 -2.657002434147144876e-01
-9.011310338973999023e-01 -3.946039438247680664e+00 9.993871468110132605e-02
2.846980810165405273e+00 -4.403584480285644531e+00 1.512289947529596723e-01
1.073804187774658203e+01 -1.163201332092285156e+01 9.159841070044770772e-01
4.200411796569824219e+00 -6.908651351928710938e+00 2.794747091917937909e-01
4.170688152313232422e+00 -4.826722145080566406e+00 1.994947334151156992e-01
-6.133958816528320312e+00 6.148046970367431641e+00 -2.827161567386805019e-01
-1.711739301681518555e-01 -4.238494873046875000e+00 1.226893823889257246e-01
-9.722205162048339844e+00 1.312192153930664062e+01 -9.487144582812048199e-01
5.790418624877929688e+00 -5.555441856384277344e+00 3.242381596884621464e-01
9.079524874687194824e-01 -6.066002368927001953e+00 1.769583351563724372e-01
-6.118322372436523438e+00 2.214959621429443359e+00 -1.718154555174459808e-01
-2.396086454391479492e+00 -2.173556566238403320e+00 1.574880337758165563e-02
7.603603839874267578e+00 -9.197534561157226562e+00 5.070633039323239055e-01
-9.743031501770019531e+00 1.306809043884277344e+01 -9.310095692322299943e-01
-1.041486930847167969e+01 9.536748886108398438e+00 -6.067378956104435561e-01
1.400786638259887695e-01 -5.170928955078125000e+00 1.337824195951813344e-01
3.138340711593627930e+00 -9.843492507934570312e+00 3.731431700957227315e-01
-9.046581268310546875e+00 1.063617706298828125e+01 -5.900785403328319134e-01
-9.823040008544921875e+00 1.232025337219238281e+01 -8.032610746610304719e-01
1.314954876899719238e+00 -8.380086898803710938e+00 2.528523181989993374e-01
-8.722394943237304688e+00 1.028710937500000000e+01 -5.418694234273334631e-01
-1.083400249481201172e+01 8.056827545166015625e+00 -5.496469564396806451e-01
-9.997225761413574219e+00 1.038207054138183594e+01 -6.393704828117546812e-01
6.179012775421142578e+00 -1.241341400146484375e+01 6.292082527508909839e-01
8.216382980346679688e+00 -1.086712837219238281e+01 6.002135398955412704e-01
-8.551277160644531250e+00 5.265332698822021484e+00 -3.496534480939587075e-01
3.278638839721679688e+00 -8.894494056701660156e+00 3.557158446273752106e-01
-4.783480167388916016e-01 -5.202086925506591797e+00 1.370321297010758110e-01
6.803893566131591797e+00 -7.490526676177978516e+00 4.343395988358523807e-01
-4.646611690521240234e+00 -4.639077186584472656e-02 -6.333678744016227324e-02
-1.018966865539550781e+01 5.718840599060058594e+00 -4.291708963420026723e-01
-1.074668502807617188e+01 6.920177936553955078e+00 -5.079035124043530525e-01
-9.900399208068847656e+00 4.816712379455566406e+00 -3.824141968660094149e-01
-6.221627235412597656e+00 2.497735023498535156e-01 -1.244473182268905631e-01
9.538169860839843750e+00 -8.976519584655761719e+00 6.264158022675196946e-01
-2.380488395690917969e+00 -2.348350524902343750e+00 2.436136251267869562e-02
1.097519493103027344e+01 -1.071783447265625000e+01 8.382422580558153147e-01
-4.208068370819091797e+00 2.834730148315429688e+00 -1.032932188982046279e-01
-5.309594631195068359e+00 1.272118091583251953e-01 -8.627712555282542051e-02
-8.332610130310058594e+00 4.254068851470947266e+00 -3.027573607653857302e-01
-3.986653089523315430e-01 -6.241461277008056641e+00 1.390063157164196372e-01
-6.784782886505126953e+00 1.843372344970703125e+00 -1.820534496874071650e-01
-2.577871561050415039e+00 -1.141947507858276367e+00 -1.598890820583583451e-03
4.241521358489990234e-01 -4.685288429260253906e+00 1.594530299276864793e-01
7.622620582580566406e+00 -8.589909553527832031e+00 5.259663946391515132e-01
7.884899616241455078e+00 -6.952994823455810547e+00 5.038730997340341577e-01
7.597657203674316406e+00 -6.529361724853515625e+00 3.631214407572203040e-01
-1.003939342498779297e+01 1.089147567749023438e+01 -6.722388660548552775e-01
-8.527371406555175781e+00 6.384601116180419922e+00 -3.819545421714283240e-01
5.455932617187500000e+00 -1.203030776977539062e+01 5.793559740608000830e-01
-1.063306427001953125e+01 8.130006790161132812e+00 -5.514683953211043654e-01
-7.708059310913085938e+00 3.110756874084472656e+00 -2.521957363060839397e-01
3.097317218780517578e+00 -1.185104942321777344e+01 4.244234932594441179e-01
-8.387134552001953125e+00 9.106081008911132812e+00 -4.778549522164687868e-01
-9.734985351562500000e+00 1.252602195739746094e+01 -8.168194184754826725e-01
-2.431224346160888672e+00 -1.178313374519348145e+00 1.565650747925618385e-03
1.005813026428222656e+01 -1.252193260192871094e+01 9.251323281983235836e-01
6.689578056335449219e+00 -1.303081130981445312e+01 6.763032030547264650e-01
8.864148855209350586e-01 -7.121016979217529297e+00 2.177527009786337509e-01
4.920525550842285156e-01 -6.111863136291503906e+00 1.686600170539787058e-01
-8.242682456970214844e+00 3.204245567321777344e+00 -2.706250431157086189e-01
6.548054695129394531e+00 -6.031875133514404297e+00 3.721863202105389901e-01
1.326472401618957520e+00 -8.190298080444335938e+00 2.404515491976817465e-01
2.530102252960205078e+00 -1.169155883789062500e+01 3.750840053992687828e-01
7.599961161613464355e-01 -7.440215587615966797e+00 2.182227573496352824e-01
-8.347011566162109375e+00 1.103559303283691406e+01 -5.623282072376594165e-01
-9.193940162658691406e+00 5.269097328186035156e+00 -3.766718279402760938e-01
-1.385553836822509766e+00 -2.604922294616699219e+00 3.793907457964609820e-02
-8.475612640380859375e+00 2.292782783508300781e+00 -2.680887271581980924e-01
2.918766498565673828e+00 -1.046222686767578125e+01 3.915431473373648941e-01
5.752921104431152344e+00 -6.778213024139404297e+00 2.794455305330105221e-01
-7.473437309265136719e+00 2.306821823120117188e+00 -2.216239863098631857e-01
5.375638961791992188e+00 -1.207630920410156250e+01 5.735531484847775641e-01
6.788450717926025391e+00 -9.935276985168457031e+00 5.739443076221030227e-01
-3.194762706756591797e+00 -6.251419782638549805e-01 -3.335110654163360444e-02
8.809520006179809570e-01 -5.599264144897460938e+00 1.781388852178281690e-01
2.970200538635253906e+00 -1.179026603698730469e+01 4.186774627278098682e-01
-1.360261917114257812e+00 -3.778129100799560547e+00 7.272744724882571066e-02
9.882531166076660156e+00 -8.683685302734375000e+00 5.925470405654638117e-01
-4.781891345977783203e+00 3.609038829803466797e+00 -1.494081784715016459e-01
-8.888248443603515625e+00 9.004238128662109375e+00 -5.008562539866253660e-01
-1.056105422973632812e+01 8.644035339355468750e+00 -5.618254523589361060e-01
-5.568635940551757812e+00 1.809414148330688477e+00 -1.491130952664091180e-01
-8.664860725402832031e+00 5.624489307403564453e+00 -3.616702507554747648e-01
4.465250015258789062e+00 -9.580591201782226562e+00 4.383613904394811911e-01
2.692958831787109375e+00 -8.251988410949707031e+00 3.017632859110448984e-01
1.051583671569824219e+01 -1.053255081176757812e+01 7.975200550152787837e-01
2.116483926773071289e+00 -9.176754951477050781e+00 3.155138654112416563e-01
-8.302793502807617188e+00 9.817998886108398438e+00 -5.045453478320103269e-01
5.159800052642822266e+00 -5.889397621154785156e+00 2.716979728118386062e-01
6.844792842864990234e+00 -9.563777923583984375e+00 5.249385921479228223e-01
-6.005420207977294922e+00 3.502300262451171875e+00 -2.098551773127453890e-01
2.681053638458251953e+00 -7.287894725799560547e+00 2.573968838178931073e-01
-1.626521348953247070e+00 -3.542797088623046875e+00 5.681616986756300031e-02
-1.044064903259277344e+01 7.458869457244873047e+00 -5.117047477089327057e-01
2.255393028259277344e+00 -1.131483459472656250e+01 3.668022088860478647e-01
-6.560487270355224609e+00 1.289925336837768555e+00 -1.643304998430615560e-01
5.819062232971191406e+00 -9.363122940063476562e+00 4.847677657597890821e-01
-4.749894618988037109e+00 7.429864406585693359e-01 -7.897483783260492163e-02
-1.115001010894775391e+01 7.202486515045166016e+00 -5.253802881924152235e-01
-6.725769996643066406e+00 2.203870296478271484e+00 -1.904912827616014048e-01
-1.050286960601806641e+01 6.666617870330810547e+00 -4.840539717953642462e-01
2.216361045837402344e+00 -6.800143241882324219e+00 2.285538123210387185e-01
-1.000506210327148438e+01 5.449522495269775391e+00 -4.063747051628746609e-01
-2.176671504974365234e+00 -3.216331958770751953e+00 3.475799118435784346e-02
8.684638977050781250e+00 -8.098342895507812500e+00 4.506119582641864296e-01
-1.544346332550048828e+00 -3.246797561645507812e+00 6.058856644674407571e-02
-1.533743143081665039e-01 -6.334716796875000000e+00 1.444701886865960572e-01
-1.016053104400634766e+01 1.225104331970214844e+01 -8.140071643229072063e-01
-6.123473644256591797e+00 1.369984149932861328e+00 -1.501995592323622786e-01
3.507200002670288086e+00 -4.492089748382568359e+00 1.725557733138223804e-01
5.977767944335937500e+00 -1.238634681701660156e+01 6.264704475608804390e-01
-1.315442085266113281e+00 -2.697711706161499023e+00 5.233997999491556141e-02
-9.107668876647949219e+00 5.798460483551025391e+00 -3.906502192508759519e-01
-1.358463287353515625e+00 -4.324076652526855469e+00 7.470502300786946437e-02
-3.900866031646728516e+00 -1.640317440032958984e-01 -4.862735587995288544e-02
6.554822444915771484e+00 -1.239207649230957031e+01 6.654405602923383345e-01
1.476300477981567383e+00 -3.482161521911621094e+00 1.079395928667510884e-01
5.244883537292480469e+00 -7.740104675292968750e+00 3.415094476725419881e-01
-1.224648952484130859e+00 -3.340501308441162109e+00 6.664312127541280328e-02
8.063988685607910156e+00 -7.218926906585693359e+00 4.639440836943941049e-01
-5.424929141998291016e+00 1.091214418411254883e+00 -1.215074432409408434e-01
-4.532133102416992188e+00 -6.495238542556762695e-01 -5.060826038174599112e-02
6.213451385498046875e+00 -9.415147781372070312e+00 5.146332920130299859e-01
7.280189990997314453e-01 -7.931510925292968750e+00 2.211117975890881659e-01
-7.016234397888183594e-01 -6.028295516967773438e+00 1.363500322712416502e-01
9.530724883079528809e-01 -4.725160598754882812e+00 1.625876180328933718e-01
-2.334095001220703125e+00 -1.000122904777526855e+00 1.107285940263193864e-04
8.612552642822265625e+00 -1.049748420715332031e+01 6.454018432790666893e-01
4.804198145866394043e-01 -2.271759510040283203e+00 6.738586888124319108e-02
-5.498593330383300781e+00 1.134414196014404297e+00 -1.379692312626458195e-01
6.584668159484863281e+00 -1.263347625732421875e+01 6.419608020825741113e-01
2.053489685058593750e+00 -1.053402709960937500e+01 3.443378588904660864e-01
2.573547959327697754e-01 -5.363668918609619141e+00 1.518698146013055805e-01
1.016001987457275391e+01 -1.077767181396484375e+01 7.692230382658036270e-01
5.847846031188964844e+00 -1.024069595336914062e+01 5.541627088798394274e-01
-1.033060741424560547e+01 9.687892913818359375e+00 -6.191655297843694505e-01
1.023577022552490234e+01 -1.222545623779296875e+01 9.942155887911691137e-01
2.012239098548889160e-01 -1.932975053787231445e+00 4.976222114545052200e-02
-8.149492263793945312e+00 9.902736663818359375e+00 -4.950170885061120907e-01
-7.876007080078125000e+00 2.871421337127685547e+00 -2.476304279679136522e-01
-1.534132480621337891e+00 -2.107336521148681641e+00 3.526332634837617275e-02
-2.166187524795532227e+00 -1.757341265678405762e+00 6.101263330228662990e-03
4.475094795227050781e+00 -5.264558792114257812e+00 2.446262370336090286e-01
-6.020051002502441406e+00 5.332630157470703125e+00 -2.517003816284485995e-01
8.042483329772949219e+00 -7.575542926788330078e+00 4.507357949602958103e-01
-5.056186199188232422e+00 1.592707633972167969e-02 -7.624361722003450414e-02
9.532290101051330566e-01 -4.487353324890136719e+00 1.378511755923826909e-01
-7.462903976440429688e+00 7.523951053619384766e+00 -3.845805519165197417e-01
-8.215882301330566406e+00 1.033007812500000000e+01 -5.253769900816580574e-01
-8.737641334533691406e+00 3.775979995727539062e+00 -2.945623280488474660e-01
6.986661911010742188e+00 -6.929375171661376953e+00 3.522971541029943920e-01
-5.387783050537109375e+00 3.828857421875000000e+00 -1.875273503595419333e-01
-5.697762012481689453e+00 1.643991470336914062e-02 -1.042781703088233036e-01
8.446693420410156250e+00 -1.144883155822753906e+01 7.559180989339187029e-01
-1.080638599395751953e+01 7.736646175384521484e+00 -5.393153142833713165e-01
4.679371833801269531e+00 -8.701974868774414062e+00 3.942262695446633325e-01
-9.152244567871093750e+00 1.090389633178710938e+01 -6.225061579195259043e-01
4.473795890808105469e+00 -1.210932922363281250e+01 5.269406859708881674e-01
-5.056309700012207031e-02 -6.263486385345458984e+00 1.685641192258123533e-01
1.010299921035766602e+00 -6.441464424133300781e+00 1.878078446136995650e-01
-1.085872936248779297e+01 9.936763763427734375e+00 -6.455733648086777743e-01
-6.598828315734863281e+00 6.136930942535400391e+00 -2.986120362217181690e-01
-9.282823562622070312e+00 5.956316471099853516e+00 -3.973924036431839557e-01
4.523422241210937500e+00 -1.108903694152832031e+01 4.921117484716207580e-01
-3.772856235504150391e+00 3.051168918609619141e+00 -6.880214859553444862e-02
8.262104034423828125e+00 -8.538822174072265625e+00 5.322866669290242658e-01
6.151549816131591797e+00 -5.588338851928710938e+00 3.201405635180292197e-01
-8.138978481292724609e-02 -4.214956283569335938e+00 1.024894566669863616e-01
8.267972946166992188e+00 -7.693204879760742188e+00 4.463377149189072246e-01
8.822152137756347656e+00 -7.842797279357910156e+00 5.064269373936989282e-01
-8.249455451965332031e+00 3.749168872833251953e+00 -2.903465436560138668e-01
6.313418149948120117e-01 -3.392416477203369141e+00 1.293932004819991211e-01
-7.613348960876464844e-02 -3.272113084793090820e+00 1.080671703556985441e-01
-5.458792209625244141e+00 4.970641136169433594e+00 -2.077638081621693833e-01
-5.173100948333740234e+00 2.675483703613281250e+00 -1.498738650962874452e-01
-6.606891632080078125e+00 6.875259876251220703e+00 -3.198867764009217796e-01
-9.744590759277343750e+00 1.289854049682617188e+01 -8.761599165585395310e-01
-5.402393341064453125e+00 4.817529201507568359e+00 -2.022304723324908071e-01
-1.277027368545532227e+00 -1.098160028457641602e+00 -2.274198442530951832e-03
2.205634593963623047e+00 -1.120786857604980469e+01 3.519850497613289941e-01
-1.592134237289428711e-01 -5.638089656829833984e+00 1.385025029152840703e-01
6.989644050598144531e+00 -8.831270217895507812e+00 4.557546243088222426e-01
-9.128273010253906250e+00 6.861268520355224609e+00 -4.284722496474814291e-01
5.847961902618408203e+00 -9.645273208618164062e+00 4.923120918775584220e-01
-9.296401977539062500e+00 1.015974617004394531e+01 -5.843696527823125653e-01
-7.050704956054687500e+00 8.019478321075439453e-01 -1.673871011784914264e-01
-4.285847187042236328e+00 2.618242263793945312e+00 -1.038297134486065587e-01
-2.030301809310913086e+00 -2.745631217956542969e+00 5.329284779177790449e-02
-3.454639911651611328e+00 -6.642669439315795898e-01 -3.423703903472038318e-02
-9.029695510864257812e+00 6.082958698272705078e+00 -3.902820394349517663e-01
-6.332805156707763672e+00 6.057189464569091797e+00 -2.879881512311286418e-01
1.000223159790039062e+01 -9.992452621459960938e+00 6.908488533073785520e-01
-9.683037757873535156e+00 6.605693340301513672e+00 -4.403476071205655318e-01
4.818178415298461914e-01 -3.820986747741699219e+00 9.800504064267923088e-02
9.655258178710937500e+00 -1.312192153930664062e+01 9.303998934898440876e-01
-9.791945457458496094e+00 1.070847702026367188e+01 -6.462479787448911495e-01
-4.593993186950683594e+00 4.508824348449707031e-01 -8.509187625280478784e-02
3.801824808120727539e+00 -1.070472908020019531e+01 4.042538851463668426e-01
9.742200851440429688e+00 -9.298223495483398438e+00 5.919690059874423982e-01
-2.658122777938842773e-01 -3.337954998016357422e+00 1.072057752912498330e-01
-1.003441524505615234e+01 1.166318893432617188e+01 -7.437398100181809024e-01
-9.137368202209472656e+00 1.141811561584472656e+01 -6.413616585467437625e-01
-6.014296531677246094e+00 5.590758323669433594e+00 -2.545574008537025423e-01
6.073009490966796875e+00 -6.555409431457519531e+00 3.218212993177877457e-01
5.947330951690673828e+00 -6.957625865936279297e+00 3.166848860610608218e-01
-9.762474060058593750e+00 8.596874237060546875e+00 -5.279096684120616612e-01
6.098238945007324219e+00 -5.814199447631835938e+00 3.404938614399027341e-01
4.228426218032836914e-01 -6.595531940460205078e+00 1.715810484703831074e-01
-6.675165653228759766e+00 5.203037261962890625e-01 -1.342160148811398779e-01
-7.462362289428710938e+00 8.552900314331054688e+00 -4.020141271269149774e-01
-6.686016321182250977e-01 -5.509441375732421875e+00 1.233117318214120711e-01
-7.771018028259277344e+00 9.115402221679687500e+00 -4.291400132163196712e-01
2.509382724761962891e+00 -9.600099563598632812e+00 3.433919234481837557e-01
8.074642181396484375e+00 -1.161419105529785156e+01 7.147039687187803914e-01
2.560405254364013672e+00 -1.095144844055175781e+01 3.719353206382322585e-01
2.468762874603271484e+00 -9.931545257568359375e+00 3.600272244515986264e-01
1.060886573791503906e+01 -1.095722198486328125e+01 6.940970321554620348e-01
-1.011677551269531250e+01 1.120595169067382812e+01 -7.040394886951533149e-01
7.039012432098388672e+00 -7.775491714477539062e+00 4.025596598561108630e-01
5.156306266784667969e+00 -1.164530372619628906e+01 5.423763175688973703e-01
7.359926223754882812e+00 -7.330242633819580078e+00 4.270089164013439742e-01
-3.620463371276855469e+00 -1.620760560035705566e+00 -2.428805923554162860e-02
3.074210166931152344e+00 -1.071213150024414062e+01 3.930513754213907918e-01
