-2.077743411064147949e-04 7.905658334493637085e-02 2.094012871384620667e-02 3.522564843297004700e-02 -5.113221122883260250e-04
6.620954722166061401e-03 1.172767728567123413e-01 1.870150305330753326e-02 5.856069922447204590e-02 -4.701152071356773376e-02
3.431174531579017639e-02 5.350185558199882507e-02 1.266233157366514206e-02 9.086235426366329193e-03 4.753423854708671570e-02
-2.004422247409820557e-02 8.391934633255004883e-02 -2.609356306493282318e-04 1.763923093676567078e-03 -1.756665483117103577e-02
-1.511324644088745117e-01 9.778055548667907715e-02 -5.361407995223999023e-02 -8.066253364086151123e-02 -8.641588687896728516e-02
7.097806036472320557e-02 -9.184791147708892822e-02 -1.107732206583023071e-02 -3.645135788246989250e-03 9.324364364147186279e-02
4.173195362091064453e-02 -2.286850847303867340e-02 8.415387012064456940e-03 1.351127866655588150e-02 7.179594039916992188e-02
-3.256784752011299133e-02 1.081322953104972839e-01 -3.421853855252265930e-02 -1.817689836025238037e-02 -3.106819838285446167e-02
7.126317173242568970e-02 -6.279052048921585083e-02 -1.280815340578556061e-03 -2.095475234091281891e-02 1.004791706800460815e-01
7.179065793752670288e-02 -1.531648337841033936e-01 -4.817024245858192444e-02 6.288527511060237885e-03 9.410113841295242310e-02
-1.617005169391632080e-01 -8.266037330031394958e-03 5.489284545183181763e-02 -2.033154219388961792e-01 -1.488836109638214111e-01
-9.974898397922515869e-02 3.253830596804618835e-02 4.853464290499687195e-02 -1.142334789037704468e-01 -1.278210729360580444e-01
3.209332376718521118e-02 -9.799043647944927216e-03 1.192736160010099411e-02 2.349605783820152283e-02 6.485058367252349854e-02
-2.770077064633369446e-02 5.196132883429527283e-02 5.725276656448841095e-03 1.865716301836073399e-03 1.062984950840473175e-02
7.356660813093185425e-02 -1.729745417833328247e-01 -5.985058844089508057e-02 6.696597207337617874e-03 9.306789934635162354e-02
-8.217523247003555298e-02 9.680922329425811768e-02 1.068318821489810944e-02 2.075406908988952637e-02 -7.521496713161468506e-02
7.937485724687576294e-02 -1.050903201103210449e-01 -1.507805846631526947e-02 -2.237590029835700989e-02 1.012922301888465881e-01
6.843900680541992188e-02 -2.232639491558074951e-02 1.261491049081087112e-02 -1.794245280325412750e-02 8.897687494754791260e-02
-1.342459768056869507e-01 -1.688063330948352814e-02 8.546974509954452515e-02 -1.898798793554306030e-01 -1.578252315521240234e-01
-9.170711785554885864e-02 6.205159798264503479e-02 3.640536963939666748e-02 3.994535654783248901e-02 -3.171604871749877930e-02
5.660293623805046082e-02 3.408089280128479004e-02 1.424254197627305984e-02 -1.162173971533775330e-02 7.657063007354736328e-02
-1.967395395040512085e-01 9.050039201974868774e-02 -9.388808906078338623e-02 -1.474302709102630615e-01 -6.698217988014221191e-02
6.475222855806350708e-02 -1.910924911499023438e-01 -7.659648358821868896e-02 3.651719540357589722e-02 8.034682273864746094e-02
-8.422759175300598145e-02 8.795756101608276367e-02 -1.890952140092849731e-02 4.464387602638453245e-04 -2.290266752243041992e-02
4.418114945292472839e-02 -1.271369457244873047e-01 -3.381962701678276062e-02 7.722838968038558960e-02 6.388506293296813965e-02
7.476651668548583984e-02 -1.262504160404205322e-01 -3.080981038510799408e-02 -8.748011663556098938e-03 9.939406067132949829e-02
-9.360805898904800415e-02 -4.851576685905456543e-02 1.901214867830276489e-01 -8.395377546548843384e-02 -1.334514170885086060e-01
-1.610482111573219299e-02 1.100132986903190613e-01 3.498420119285583496e-02 7.884953171014785767e-02 -6.137593835592269897e-02
5.309792235493659973e-02 3.131357952952384949e-02 1.099273096770048141e-02 -9.487804025411605835e-03 7.642231881618499756e-02
2.424850687384605408e-02 8.219980448484420776e-02 1.760433427989482880e-03 1.565357856452465057e-02 2.049737051129341125e-02
5.407507717609405518e-02 -7.481874525547027588e-02 -7.460793945938348770e-03 2.317851968109607697e-02 8.081918954849243164e-02
-2.887952327728271484e-02 8.262301981449127197e-02 2.759354189038276672e-02 5.748564377427101135e-02 -1.449996326118707657e-02
-1.857233978807926178e-02 1.077429205179214478e-01 5.077333189547061920e-03 1.743933372199535370e-02 -6.943757832050323486e-02
7.134839147329330444e-02 -2.044904530048370361e-01 -8.791260421276092529e-02 1.065240707248449326e-02 8.644401282072067261e-02
8.402629941701889038e-02 -7.236018031835556030e-02 1.534032402560114861e-03 -4.167493060231208801e-02 1.187365129590034485e-01
-2.855249121785163879e-02 5.082127824425697327e-02 1.250794380903244019e-01 3.269048407673835754e-02 -1.799430400133132935e-01
-2.725415118038654327e-02 9.865823388099670410e-02 5.032550916075706482e-02 8.531905710697174072e-02 -6.748087704181671143e-02
7.312148809432983398e-02 1.512854266911745071e-02 1.543486025184392929e-02 -2.937627397477626801e-02 9.259880334138870239e-02
8.594045042991638184e-02 -1.081199720501899719e-01 -1.427376270294189453e-02 -4.175794869661331177e-02 1.184732094407081604e-01
4.143613576889038086e-02 -1.739501804113388062e-01 -7.272800058126449585e-02 1.075750887393951416e-01 5.011473968625068665e-02
1.473712618462741375e-03 1.303003579378128052e-01 -6.770246662199497223e-03 3.694588318467140198e-02 -6.281983107328414917e-02
5.405700951814651489e-02 4.321563243865966797e-02 9.504230692982673645e-03 -8.503830060362815857e-03 7.820781320333480835e-02
7.279950380325317383e-02 -1.428793519735336304e-01 -3.996704518795013428e-02 3.811799222603440285e-03 9.519630670547485352e-02
-1.993728615343570709e-02 -9.042077511548995972e-02 2.692356109619140625e-01 -1.239607334136962891e-01 -2.858808636665344238e-01
6.875348091125488281e-02 2.761092782020568848e-02 1.281466335058212280e-02 -2.830278314650058746e-02 9.784217178821563721e-02
-2.178297638893127441e-01 3.914258908480405807e-03 3.737311111763119698e-03 -2.478221654891967773e-01 -1.823720484972000122e-01
7.341013103723526001e-02 -1.368241161108016968e-01 -3.477773070335388184e-02 1.516198739409446716e-02 8.565719425678253174e-02
-5.769669637084007263e-02 9.572508931159973145e-02 -1.220589876174926758e-02 -6.594195216894149780e-02 -1.332486718893051147e-01
4.051715135574340820e-03 1.246904730796813965e-01 -4.060658626258373260e-03 3.632900491356849670e-02 -4.499311372637748718e-02
9.405525028705596924e-02 -1.152149811387062073e-01 -1.460130140185356140e-02 -6.086013093590736389e-02 1.246774792671203613e-01
5.602049641311168671e-03 1.232140138745307922e-01 2.905356325209140778e-02 6.226781755685806274e-02 -1.013673245906829834e-01
8.397677540779113770e-02 -3.528925776481628418e-02 7.064158096909523010e-03 -5.538452416658401489e-02 1.187186464667320251e-01
3.322669118642807007e-02 7.718220353126525879e-02 8.823823183774948120e-03 1.031189039349555969e-02 2.665152214467525482e-02
-2.624525688588619232e-02 6.142479181289672852e-02 1.952257007360458374e-02 4.828812927007675171e-02 1.780758611857891083e-02
-1.023819074034690857e-01 -4.350110888481140137e-02 1.011638268828392029e-01 -2.559973895549774170e-01 -2.150442153215408325e-01
-2.737500704824924469e-02 9.344757348299026489e-02 -1.160452887415885925e-02 9.103936608880758286e-04 -1.784494705498218536e-02
-4.788281023502349854e-02 6.280325353145599365e-02 1.212278194725513458e-02 3.622827306389808655e-02 1.052632834762334824e-02
4.216720536351203918e-02 -6.673532724380493164e-02 -5.975338164716959000e-03 3.948383033275604248e-02 7.118730992078781128e-02
1.813886687159538269e-02 7.834117114543914795e-02 5.713865160942077637e-03 1.538472715765237808e-02 2.211858890950679779e-02
5.613731686025857925e-03 -3.458241224288940430e-01 -3.033491969108581543e-01 2.191690057516098022e-01 -3.945123776793479919e-02
-5.858767405152320862e-02 6.857119500637054443e-02 3.117596730589866638e-02 3.584206104278564453e-02 -2.738492377102375031e-02
1.156913489103317261e-02 9.475465863943099976e-02 1.206480246037244797e-02 3.919850662350654602e-02 3.833111142739653587e-03
6.536075472831726074e-02 -1.086254697293043137e-02 1.143017876893281937e-02 -1.907272450625896454e-02 8.743329346179962158e-02
3.774954751133918762e-02 6.041138246655464172e-02 8.447979576885700226e-03 5.491827148944139481e-03 5.412747338414192200e-02
-5.668881908059120178e-02 9.556525945663452148e-02 -3.132314607501029968e-02 -7.807634770870208740e-02 -8.671206980943679810e-02
7.192195393145084381e-03 -3.356896936893463135e-01 -2.931311428546905518e-01 1.946715265512466431e-01 -2.748546935617923737e-02
6.867213547229766846e-02 -1.917394250631332397e-01 -8.145282417535781860e-02 1.008304674178361893e-02 8.741434663534164429e-02
2.419098466634750366e-02 8.360341936349868774e-02 2.116015553474426270e-02 3.598976507782936096e-02 1.536368019878864288e-02
-5.294894799590110779e-03 1.056393459439277649e-01 2.078418992459774017e-02 3.372042626142501831e-02 -6.769242882728576660e-02
5.311222374439239502e-02 -1.860288679599761963e-01 -8.048178255558013916e-02 8.087363839149475098e-02 5.718504264950752258e-02
3.751948848366737366e-02 -2.771486639976501465e-01 -1.853838711977005005e-01 1.267057806253433228e-01 2.357292734086513519e-02
1.316682342439889908e-02 1.160515770316123962e-01 1.212547812610864639e-02 5.085071548819541931e-02 -2.599609084427356720e-02
4.787690192461013794e-02 -1.702171862125396729e-01 -6.614144891500473022e-02 8.101039379835128784e-02 6.131247431039810181e-02
8.182532340288162231e-02 -1.679657697677612305e-01 -4.999253898859024048e-02 -2.390753664076328278e-02 1.065158396959304810e-01
6.462717801332473755e-02 -2.049353569746017456e-01 -8.833796530961990356e-02 4.461629316210746765e-02 7.404967397451400757e-02
-5.834176763892173767e-02 6.630247086286544800e-02 8.798451721668243408e-02 2.759937569499015808e-02 -1.506078839302062988e-01
-1.052055135369300842e-01 3.158644586801528931e-02 8.593303710222244263e-02 -2.537263929843902588e-02 -9.866486489772796631e-02
7.301541417837142944e-02 -8.081438392400741577e-02 -8.058191277086734772e-03 -1.336523983627557755e-02 9.915800392627716064e-02
-3.406559815630316734e-03 1.229198202490806580e-01 -1.001416612416505814e-02 1.728737540543079376e-02 -5.939876660704612732e-02
2.949234284460544586e-02 9.393096715211868286e-02 5.035900045186281204e-03 1.809218153357505798e-02 1.440093573182821274e-02
-8.331488072872161865e-02 8.108460158109664917e-02 1.167976483702659607e-02 2.531307050958275795e-03 -5.453980714082717896e-02
6.203084066510200500e-02 3.506802022457122803e-02 1.587685197591781616e-02 -1.676057279109954834e-02 7.425656914710998535e-02
8.881096541881561279e-02 -1.098037213087081909e-01 -1.178950257599353790e-02 -4.082252457737922668e-02 1.172752305865287781e-01
8.556275814771652222e-02 -1.466518491506576538e-01 -3.506735712289810181e-02 -4.145978018641471863e-02 1.164116337895393372e-01
8.902773261070251465e-02 -9.141173958778381348e-02 -7.777003571391105652e-03 -5.237367004156112671e-02 1.182592734694480896e-01
6.851549446582794189e-02 2.900500409305095673e-02 6.951776333153247833e-03 -4.097576066851615906e-02 1.017549708485603333e-01
-1.583748310804367065e-01 5.900252982974052429e-02 -6.601237691938877106e-03 -9.990365058183670044e-02 -8.135878294706344604e-02
4.128538072109222412e-02 6.294231861829757690e-02 1.096235681325197220e-02 5.517292767763137817e-03 5.166761949658393860e-02
-1.362309157848358154e-01 9.183107875287532806e-03 1.417794730514287949e-02 -2.342075407505035400e-01 -1.739492416381835938e-01
3.539320081472396851e-02 1.778293401002883911e-03 1.269906759262084961e-02 1.542410813271999359e-02 6.721811741590499878e-02
6.693213433027267456e-02 3.405184671282768250e-02 1.257368270307779312e-02 -2.797899022698402405e-02 8.470016717910766602e-02
7.336933165788650513e-02 -6.023269146680831909e-02 9.408683399669826031e-04 -2.425771951675415039e-02 1.033791080117225647e-01
2.677270397543907166e-02 1.064274832606315613e-01 5.503735970705747604e-03 3.783907368779182434e-02 1.746390201151371002e-02
7.135224342346191406e-02 -9.128781035542488098e-03 1.061056461185216904e-02 -3.185646981000900269e-02 9.551369398832321167e-02
3.888094797730445862e-02 4.045633599162101746e-02 1.459018792957067490e-02 3.039145842194557190e-03 5.226998403668403625e-02
1.326720789074897766e-02 8.557905256748199463e-02 -1.868304563686251640e-03 6.306825205683708191e-03 1.213180739432573318e-02
-9.693890064954757690e-02 9.054078906774520874e-02 -9.419079869985580444e-03 -3.554085269570350647e-02 -8.147738873958587646e-02
-1.220442131161689758e-01 6.792525947093963623e-02 3.162078559398651123e-02 8.722058497369289398e-03 -6.461360305547714233e-02
-7.406184077262878418e-02 3.877495601773262024e-02 3.185100853443145752e-02 -2.343795262277126312e-02 -2.647057734429836273e-02
5.955708771944046021e-02 -2.199366390705108643e-01 -1.075003743171691895e-01 5.475711822509765625e-02 6.594000756740570068e-02
7.033005356788635254e-02 -9.768716245889663696e-02 -1.559361349791288376e-02 -1.116513740271329880e-03 9.261489659547805786e-02
-1.005340740084648132e-02 9.449297934770584106e-02 4.742062091827392578e-02 1.573954895138740540e-02 -1.548469215631484985e-01
8.075409382581710815e-02 -1.660012006759643555e-01 -5.124695971608161926e-02 -1.888222806155681610e-02 1.043824851512908936e-01
7.688692957162857056e-02 -3.792954981327056885e-02 8.580245077610015869e-03 -3.422867134213447571e-02 1.046372503042221069e-01
-2.868468128144741058e-02 9.992706030607223511e-02 5.686252191662788391e-02 8.626362681388854980e-02 -8.671762794256210327e-02
5.601292476058006287e-02 -1.403585821390151978e-01 -3.773916885256767273e-02 5.467669293284416199e-02 7.394146174192428589e-02
3.451901674270629883e-02 -2.819238305091857910e-01 -1.937897950410842896e-01 1.514045298099517822e-01 9.930477477610111237e-03
3.817474469542503357e-02 4.100339114665985107e-02 1.505807880312204361e-02 4.287589341402053833e-03 5.153226852416992188e-02
-6.023359298706054688e-02 -5.761744454503059387e-02 1.815832108259201050e-01 -1.696570217609405518e-01 -2.500563561916351318e-01
-4.038722813129425049e-02 3.137832507491111755e-02 1.556866019964218140e-01 4.253853112459182739e-02 -1.742677837610244751e-01
2.288315258920192719e-02 1.038488224148750305e-01 1.099760830402374268e-02 3.277115523815155029e-02 -1.530838944017887115e-02
2.174088545143604279e-02 9.519183635711669922e-02 1.300997752696275711e-02 3.609805926680564880e-02 3.245755797252058983e-03
7.583785057067871094e-02 -4.246656596660614014e-02 2.680270932614803314e-03 -4.259283840656280518e-02 1.103938072919845581e-01
-8.665926754474639893e-02 7.782554626464843750e-02 1.805789396166801453e-02 3.316717594861984253e-02 -3.362603485584259033e-02
1.179474312812089920e-02 1.207652539014816284e-01 5.708010401576757431e-03 5.047046393156051636e-02 -2.181889303028583527e-02
-3.915679082274436951e-02 1.015750393271446228e-01 4.194045066833496094e-02 8.578953146934509277e-02 -6.273932754993438721e-02
2.402757294476032257e-02 1.100218743085861206e-01 1.259662583470344543e-02 4.207241535186767578e-02 -1.514134649187326431e-02
3.876413032412528992e-02 -1.726315617561340332e-01 -7.297987490892410278e-02 1.233484745025634766e-01 3.934537991881370544e-02
7.914792001247406006e-02 -9.170659631490707397e-02 -5.985154304653406143e-03 -2.129039354622364044e-02 1.061047837138175964e-01
3.201312944293022156e-02 6.533814221620559692e-02 1.127753593027591705e-02 1.574421860277652740e-02 4.752518236637115479e-02
9.574857354164123535e-02 -3.133470565080642700e-02 1.535291969776153564e-02 -6.470584124326705933e-02 1.247948035597801208e-01
-7.044312544167041779e-03 1.166887730360031128e-01 2.268773317337036133e-02 5.507699400186538696e-02 -7.847084105014801025e-02
-6.593980640172958374e-02 7.827936112880706787e-02 -2.016259543597698212e-02 -1.120325084775686264e-02 -1.259173499420285225e-03
7.540248334407806396e-02 -2.264809235930442810e-02 7.600585930049419403e-03 -3.935650736093521118e-02 1.042534112930297852e-01
-2.725308761000633240e-02 9.216386079788208008e-02 5.292871221899986267e-02 2.977845445275306702e-02 -1.465220898389816284e-01
-6.681608408689498901e-02 9.430839866399765015e-02 7.787942886352539062e-03 -2.265473268926143646e-02 -1.214219704270362854e-01
4.412138834595680237e-02 4.121590778231620789e-02 1.011872198432683945e-02 -1.678029308095574379e-03 6.502244621515274048e-02
1.368360314518213272e-02 9.267943352460861206e-02 1.393381971865892410e-03 1.814959198236465454e-02 2.688706852495670319e-03
-3.663334529846906662e-03 1.145271137356758118e-01 5.267452076077461243e-02 9.085369855165481567e-02 -9.256856888532638550e-02
3.432364761829376221e-02 7.925268262624740601e-02 7.709608413279056549e-03 1.461564190685749054e-02 3.849353641271591187e-02
-1.683372855186462402e-01 6.599490344524383545e-02 -4.234604537487030029e-02 -1.253640800714492798e-01 -6.225323677062988281e-02
3.851801902055740356e-02 -1.686265692114830017e-02 9.857042692601680756e-03 1.568221673369407654e-02 6.995224952697753906e-02
5.920560657978057861e-02 -1.460946798324584961e-01 -4.655596241354942322e-02 4.075588285923004150e-02 8.048660308122634888e-02
7.529190927743911743e-02 -1.718872487545013428e-01 -5.733427777886390686e-02 -5.532953422516584396e-03 9.911835938692092896e-02
6.105329096317291260e-02 1.065833144821226597e-03 1.116194948554039001e-02 -1.586407981812953949e-02 8.652395009994506836e-02
7.357414066791534424e-02 -8.926141262054443359e-02 -1.123527623713016510e-02 -1.249141618609428406e-02 9.644554555416107178e-02
-1.948455534875392914e-02 1.188162788748741150e-01 -6.050179246813058853e-03 1.005445793271064758e-02 -8.885981142520904541e-02
-2.710486529394984245e-03 1.080087423324584961e-01 -2.577221021056175232e-04 2.120342105627059937e-02 -3.890092670917510986e-02
-1.735630184412002563e-01 -1.607329118996858597e-03 5.239600315690040588e-02 -1.836408823728561401e-01 -1.304533332586288452e-01
9.115592576563358307e-03 1.172133013606071472e-01 1.006509829312562943e-02 4.024023935198783875e-02 -5.042206496000289917e-02
5.529961735010147095e-02 -1.509700268507003784e-01 -4.651819169521331787e-02 7.795058190822601318e-02 6.177193298935890198e-02
-5.227305740118026733e-02 6.707536429166793823e-02 6.329872645437717438e-03 8.461653254926204681e-03 -8.395059034228324890e-03
-4.865889996290206909e-02 1.045050024986267090e-01 -1.596750132739543915e-02 -3.745732456445693970e-02 -1.089264377951622009e-01
5.873266980051994324e-02 -3.026944771409034729e-02 8.494258858263492584e-03 -5.100704147480428219e-04 8.301460742950439453e-02
-8.167634718120098114e-03 1.085185855627059937e-01 -1.252649631351232529e-02 1.708237826824188232e-02 -1.774624735116958618e-02
3.118207119405269623e-02 7.815033942461013794e-02 4.390493035316467285e-03 1.377712190151214600e-02 4.503842070698738098e-02
8.064676076173782349e-02 -1.510768085718154907e-01 -4.309602454304695129e-02 -2.787984535098075867e-02 1.069045141339302063e-01
-9.925441816449165344e-03 1.182444691658020020e-01 3.867355361580848694e-02 8.798309415578842163e-02 -7.088772952556610107e-02
7.250507920980453491e-02 4.671753849834203720e-03 1.157710235565900803e-02 -3.473123535513877869e-02 9.967217594385147095e-02
-6.695993244647979736e-02 1.032667979598045349e-01 6.461453158408403397e-03 1.611477322876453400e-02 -8.824928849935531616e-02
6.340450793504714966e-02 2.527508325874805450e-02 1.558325253427028656e-02 -1.877091452479362488e-02 7.431171834468841553e-02
8.969885855913162231e-02 -1.585286855697631836e-01 -4.553711786866188049e-02 -5.270466953516006470e-02 1.149829849600791931e-01
6.942765414714813232e-02 -1.489644590765237808e-02 1.216814387589693069e-02 -2.577881328761577606e-02 9.563399851322174072e-02
8.471335470676422119e-02 -1.352431029081344604e-01 -3.067695908248424530e-02 -3.832063078880310059e-02 1.143216863274574280e-01
5.153630860149860382e-03 1.090171262621879578e-01 -1.633265241980552673e-02 5.018251948058605194e-03 -8.067825809121131897e-03
8.628591150045394897e-02 -1.049657091498374939e-01 -1.309699658304452896e-02 -4.250038787722587585e-02 1.130029410123825073e-01
3.949928656220436096e-02 7.798571139574050903e-02 6.040940992534160614e-03 1.217424310743808746e-02 5.256997421383857727e-02
-1.034625917673110962e-01 5.815691873431205750e-02 -1.300301030278205872e-02 -7.703868299722671509e-02 -3.959480300545692444e-02
3.891107067465782166e-02 7.294683158397674561e-02 1.195297576487064362e-02 1.310864649713039398e-02 3.955454006791114807e-02
3.112361580133438110e-02 9.669153392314910889e-02 1.795004494488239288e-02 4.249020665884017944e-02 1.010117959231138229e-02
3.978418558835983276e-02 -2.838196456432342529e-01 -2.038014382123947144e-01 8.399020880460739136e-02 3.251479566097259521e-02
6.799785047769546509e-02 5.742800422012805939e-03 1.147555280476808548e-02 -2.959748730063438416e-02 9.302297979593276978e-02
-3.397483006119728088e-02 5.323805660009384155e-02 1.604712381958961487e-02 2.910709194839000702e-02 1.363502908498048782e-02
-5.173118039965629578e-02 7.326025515794754028e-02 7.780288159847259521e-02 3.128512948751449585e-02 -1.549895703792572021e-01
3.299184143543243408e-02 6.549663096666336060e-02 9.962916374206542969e-03 1.065447460860013962e-02 4.256858676671981812e-02
7.479636371135711670e-02 -9.685956686735153198e-02 -1.396258920431137085e-02 -1.546212192624807358e-02 1.029768586158752441e-01
3.198994696140289307e-02 8.727953583002090454e-02 3.817966673523187637e-03 1.996680535376071930e-02 3.929569572210311890e-02
5.723435431718826294e-02 3.955173119902610779e-02 1.450954005122184753e-02 -9.136068634688854218e-03 7.058239728212356567e-02
-7.975682616233825684e-03 6.756605952978134155e-02 8.146496117115020752e-02 -6.915261503309011459e-03 -1.902403682470321655e-01
-4.002189263701438904e-03 5.326582491397857666e-02 1.886443421244621277e-02 3.385713696479797363e-02 2.487698942422866821e-02
-4.103772342205047607e-02 1.077004298567771912e-01 -3.788105025887489319e-02 -2.437650226056575775e-02 -3.411795571446418762e-02
3.461554273962974548e-02 7.527419179677963257e-02 1.054740045219659805e-02 1.429135259240865707e-02 3.976384177803993225e-02
-1.243712231516838074e-01 6.074769049882888794e-02 1.643491722643375397e-02 -1.489998400211334229e-02 -4.473253339529037476e-02
6.844829022884368896e-02 1.442739833146333694e-02 1.438718941062688828e-02 -2.361253090202808380e-02 8.512371778488159180e-02
6.080128997564315796e-02 4.945432394742965698e-02 9.811503812670707703e-03 -1.808027736842632294e-02 7.618888467550277710e-02
-6.726887822151184082e-02 1.101606190204620361e-01 -8.055409416556358337e-03 -1.722613465972244740e-03 -9.866013377904891968e-02
2.759187482297420502e-02 1.133480221033096313e-01 1.839535310864448547e-02 5.303953215479850769e-02 -1.938051544129848480e-02
3.747441619634628296e-02 1.033793464303016663e-01 1.148035377264022827e-02 3.373129293322563171e-02 1.473103463649749756e-02
5.699760746210813522e-03 7.822818309068679810e-02 9.266465902328491211e-03 1.944180019199848175e-02 1.131441257894039154e-02
3.632612898945808411e-02 3.872994706034660339e-02 1.405984163284301758e-02 3.607503371313214302e-03 5.138368904590606689e-02
-8.474224805831909180e-02 5.272816494107246399e-02 3.807796910405158997e-02 -7.789964973926544189e-02 -1.284019052982330322e-01
4.313401586841791868e-04 3.884143754839897156e-02 1.492264959961175919e-02 2.250087819993495941e-02 3.340246900916099548e-02
6.383395195007324219e-02 1.457972172647714615e-02 1.076161116361618042e-02 -2.218307554721832275e-02 9.263452887535095215e-02
-1.173304300755262375e-02 5.389122292399406433e-02 1.073064804077148438e-01 2.533624181523919106e-03 -1.723976284265518188e-01
-3.754014149308204651e-03 1.254055798053741455e-01 1.988436840474605560e-02 7.624086737632751465e-02 -6.259188801050186157e-02
2.140380255877971649e-02 9.030155092477798462e-02 8.411890827119350433e-03 2.543648704886436462e-02 1.119925174862146378e-02
-1.445200741291046143e-01 -1.480833510868251324e-03 7.557682693004608154e-02 -1.553076207637786865e-01 -1.313112229108810425e-01
-9.499187022447586060e-02 1.002603918313980103e-01 2.502721548080444336e-02 3.625767305493354797e-02 -1.078887656331062317e-01
7.043281942605972290e-02 -1.974650025367736816e-01 -8.010499924421310425e-02 1.501040998846292496e-02 8.692970871925354004e-02
-1.670060455799102783e-01 -6.904201954603195190e-02 1.868512630462646484e-01 -1.545191258192062378e-01 -2.389768660068511963e-01
1.799171674065291882e-03 3.360345587134361267e-02 1.439208164811134338e-02 2.298233471810817719e-02 3.684739768505096436e-02
4.846757277846336365e-02 -1.487561166286468506e-01 -4.672078415751457214e-02 8.237376064062118530e-02 6.082207337021827698e-02
8.164027333259582520e-02 -3.621786087751388550e-02 9.641475975513458252e-03 -4.030466452240943909e-02 1.058846712112426758e-01
3.158931061625480652e-02 5.631403252482414246e-02 9.844795800745487213e-03 8.194076828658580780e-03 4.597320780158042908e-02
3.664175420999526978e-02 5.289389193058013916e-02 1.242589484900236130e-02 1.067026425153017044e-02 5.434525385499000549e-02
-2.851155959069728851e-02 4.945624992251396179e-02 1.474798377603292465e-02 -1.166912075132131577e-02 -7.475965190678834915e-03
4.558441415429115295e-02 -5.419091507792472839e-02 1.570717548020184040e-03 2.714255824685096741e-02 7.568568736314773560e-02
-9.678386151790618896e-02 5.305894091725349426e-02 1.751111261546611786e-02 -4.236134886741638184e-02 -4.524978995323181152e-02
6.497234106063842773e-02 3.521563485264778137e-02 1.541134808212518692e-02 -2.287351153790950775e-02 8.092092722654342651e-02
9.069073013961315155e-03 7.283707708120346069e-02 1.829111762344837189e-02 3.208458423614501953e-02 1.584869436919689178e-02
5.103608220815658569e-02 -1.025736778974533081e-01 -2.020440623164176941e-02 3.947714343667030334e-02 7.946433126926422119e-02
4.816357791423797607e-02 -1.604865491390228271e-01 -5.338346958160400391e-02 9.425346553325653076e-02 5.627185851335525513e-02
7.760685682296752930e-02 -5.768830701708793640e-02 -1.381357782520353794e-03 -4.173785075545310974e-02 1.073384806513786316e-01
-8.076783269643783569e-02 6.509213149547576904e-02 -5.392515449784696102e-04 -2.235116623342037201e-02 -1.924355700612068176e-02
4.683896154165267944e-02 -2.641116455197334290e-02 6.100332830101251602e-03 9.784233756363391876e-03 7.647327333688735962e-02
7.291135191917419434e-02 3.468506783246994019e-02 1.256978884339332581e-02 -3.051507472991943359e-02 9.162770956754684448e-02
-6.383670121431350708e-02 5.049774050712585449e-02 5.022938549518585205e-02 -8.958221226930618286e-02 -1.965804249048233032e-01
8.405233919620513916e-02 -1.633950322866439819e-01 -4.563357308506965637e-02 -2.890449948608875275e-02 1.083732545375823975e-01
-2.474793978035449982e-02 1.181243509054183960e-01 -2.385276369750499725e-02 -6.376178003847599030e-03 -6.470306217670440674e-02
5.503372102975845337e-02 -1.985606700181961060e-01 -8.637996017932891846e-02 8.622681349515914917e-02 5.665875226259231567e-02
-2.040565572679042816e-02 9.951885789632797241e-02 6.158582866191864014e-02 6.122002750635147095e-02 -1.308204680681228638e-01
3.476759046316146851e-02 1.001340672373771667e-01 5.375978071242570877e-03 1.903787069022655487e-02 4.764608747791498899e-04
9.256705641746520996e-03 9.836610406637191772e-02 1.268992293626070023e-02 4.344090074300765991e-02 5.012153997085988522e-04
7.062318921089172363e-02 -2.106946706771850586e-01 -9.606107324361801147e-02 -6.746983854100108147e-04 8.940854668617248535e-02
5.006459355354309082e-02 -7.245689630508422852e-02 -3.869914682582020760e-03 3.093281015753746033e-02 7.509896904230117798e-02
7.659921795129776001e-02 -1.009562537074089050e-01 -1.371464319527149200e-02 -1.657136902213096619e-02 1.034472882747650146e-01
-2.643529139459133148e-02 1.150054037570953369e-01 2.124506980180740356e-02 3.726747632026672363e-02 -1.168809235095977783e-01
2.202912047505378723e-02 -1.689177006483078003e-04 1.377112790942192078e-02 2.031168714165687561e-02 5.545419827103614807e-02
-1.288760155439376831e-01 1.038935407996177673e-01 -3.736715018749237061e-02 -3.330540657043457031e-02 -7.450836151838302612e-02
-7.686060667037963867e-02 7.207232713699340820e-02 2.310838364064693451e-02 4.385470971465110779e-02 -2.101550996303558350e-02
2.394192852079868317e-02 7.207373529672622681e-02 2.024416066706180573e-02 3.112451545894145966e-02 2.438075840473175049e-02
-1.058494448661804199e-01 5.558773875236511230e-02 4.891798365861177444e-03 -5.057413130998611450e-02 -3.975044935941696167e-02
-1.402644515037536621e-01 5.182499811053276062e-02 1.300807762891054153e-02 -5.261693149805068970e-02 -4.725328460335731506e-02
7.422754168510437012e-02 -5.238446593284606934e-02 2.705169375985860825e-03 -3.093223087489604950e-02 1.085387766361236572e-01
5.800667568109929562e-04 6.700403243303298950e-02 -3.644129261374473572e-03 1.951502053998410702e-03 2.268739789724349976e-02
1.096496731042861938e-02 6.671053171157836914e-02 3.816061362158507109e-04 4.182042554020881653e-03 2.747347019612789154e-02
3.690637648105621338e-02 -4.149123281240463257e-02 2.946533029899001122e-03 3.077614679932594299e-02 6.849316507577896118e-02
5.214973539113998413e-02 -7.377932313829660416e-03 1.274343766272068024e-02 8.372029406018555164e-04 7.827547192573547363e-02
4.402485862374305725e-02 -8.251252770423889160e-02 -8.548796176910400391e-03 4.856344312429428101e-02 6.962607800960540771e-02
2.173283509910106659e-02 -3.084563016891479492e-01 -2.360162138938903809e-01 1.885529011487960815e-01 -1.311236526817083359e-02
3.636262565851211548e-02 -3.978073596954345703e-02 3.102659946307539940e-03 2.762477099895477295e-02 6.873937696218490601e-02
1.863965950906276703e-02 3.303163126111030579e-02 1.151445694267749786e-02 1.827093213796615601e-02 5.093843117356300354e-02
-1.107732485979795456e-02 1.103293672204017639e-01 3.967662900686264038e-02 8.322574198246002197e-02 -6.337036937475204468e-02
2.640520036220550537e-02 9.850519150495529175e-02 3.996287938207387924e-03 2.878739498555660248e-02 1.508974097669124603e-02
-5.425240471959114075e-02 1.035127118229866028e-01 -3.194243833422660828e-02 -4.831304028630256653e-02 -7.174790650606155396e-02
7.352185249328613281e-02 -1.153997480869293213e-01 -2.186184003949165344e-02 -2.532197395339608192e-03 9.806881844997406006e-02
-3.245060518383979797e-02 1.075287014245986938e-01 -4.643677733838558197e-03 -1.707763038575649261e-02 -1.004694476723670959e-01
5.875597894191741943e-02 -1.845580488443374634e-01 -7.366083562374114990e-02 6.014456227421760559e-02 6.791664659976959229e-02
8.270686864852905273e-02 1.543617714196443558e-02 1.536631397902965546e-02 -5.120280385017395020e-02 1.133512333035469055e-01
3.627691790461540222e-02 2.355351345613598824e-03 9.326961822807788849e-03 9.101284667849540710e-03 6.799022853374481201e-02
3.783122077584266663e-02 6.726110726594924927e-02 6.857429165393114090e-03 -6.994045106694102287e-04 4.313220083713531494e-02
4.852402582764625549e-02 4.300754517316818237e-02 1.063510868698358536e-02 -4.886709153652191162e-03 6.567069888114929199e-02
7.437270879745483398e-02 -9.962533414363861084e-02 -1.374770607799291611e-02 -1.288452744483947754e-02 1.012223288416862488e-01
4.558446630835533142e-02 -6.876913458108901978e-02 -3.555213566869497299e-03 3.444297611713409424e-02 7.433471828699111938e-02
-1.634036600589752197e-01 1.810129359364509583e-02 4.478539153933525085e-02 -1.240966394543647766e-01 -9.553717821836471558e-02
7.610418647527694702e-02 -1.180591806769371033e-01 -2.243633940815925598e-02 -1.599008217453956604e-02 1.058187261223793030e-01
1.581270620226860046e-02 6.522470712661743164e-02 2.143168449401855469e-02 3.349410369992256165e-02 2.683561295270919800e-02
-1.255067298188805580e-03 -8.188970386981964111e-02 2.851411104202270508e-01 -7.482733577489852905e-02 -2.873390018939971924e-01
5.937050282955169678e-02 -2.079381048679351807e-01 -9.765135496854782104e-02 5.641533434391021729e-02 6.700885295867919922e-02
5.762551352381706238e-02 3.225262463092803955e-02 1.134987547993659973e-02 -1.482485234737396240e-02 8.171822875738143921e-02
-4.919916763901710510e-02 9.287750720977783203e-02 3.525267541408538818e-02 5.400072783231735229e-02 -6.476847827434539795e-02
-1.345357298851013184e-01 3.987545892596244812e-02 1.358495210297405720e-03 -1.278352290391921997e-01 -6.822516769170761108e-02
1.548996753990650177e-02 6.727156788110733032e-02 3.760744817554950714e-03 5.541502498090267181e-03 2.684133127331733704e-02
5.172151699662208557e-02 -2.504042983055114746e-01 -1.500392109155654907e-01 7.356542348861694336e-02 4.888893291354179382e-02
4.150824993848800659e-02 -2.080124169588088989e-01 -1.077451333403587341e-01 1.073206439614295959e-01 4.455729946494102478e-02
4.059497267007827759e-02 -5.785807594656944275e-02 -4.394152667373418808e-03 2.911930717527866364e-02 7.285644114017486572e-02
-7.135875523090362549e-02 8.077818155288696289e-02 -3.984459210187196732e-03 8.353496901690959930e-03 -1.763693615794181824e-02
-6.534462422132492065e-02 8.298732340335845947e-02 -1.559370849281549454e-02 -9.167628362774848938e-03 -1.582967117428779602e-02
7.181006669998168945e-02 -1.571114957332611084e-01 -4.932948946952819824e-02 1.188757177442312241e-02 9.095999598503112793e-02
-7.331287860870361328e-02 8.702332526445388794e-02 1.347900554537773132e-02 4.402919486165046692e-02 -2.889209240674972534e-02
1.946384832262992859e-02 1.053806394338607788e-01 3.428099211305379868e-03 3.726059198379516602e-02 4.246443975716829300e-03
8.447961509227752686e-02 2.053800411522388458e-02 1.456179469823837280e-02 -4.962451010942459106e-02 9.808407723903656006e-02
4.803920909762382507e-02 -1.130368635058403015e-01 -1.735699735581874847e-02 6.715627759695053101e-02 6.927078962326049805e-02
3.079662844538688660e-02 9.663364291191101074e-02 1.246115937829017639e-02 3.401149064302444458e-02 2.070957422256469727e-02
4.814303293824195862e-02 -1.236921474337577820e-01 -3.360318392515182495e-02 6.921315938234329224e-02 6.392366439104080200e-02
3.746881382539868355e-03 1.203275620937347412e-01 8.529721759259700775e-03 4.338608309626579285e-02 -6.170151755213737488e-02
-8.025657385587692261e-02 4.240467399358749390e-02 7.977103441953659058e-02 -5.008893832564353943e-02 -1.686566025018692017e-01
-8.562804199755191803e-03 1.163554191589355469e-01 3.109291940927505493e-02 7.706614583730697632e-02 -7.340601086616516113e-02
4.239250440150499344e-03 1.284636706113815308e-01 6.368661765009164810e-03 5.228643864393234253e-02 -7.047608494758605957e-02
-1.452258676290512085e-01 -4.824341461062431335e-02 9.203068912029266357e-02 -2.078812271356582642e-01 -7.777620106935501099e-02
5.678924173116683960e-02 -2.333545088768005371e-01 -1.244221851229667664e-01 5.846164375543594360e-02 6.194127351045608521e-02
-6.882591545581817627e-02 7.948728650808334351e-02 -9.044827893376350403e-03 -3.912611305713653564e-02 -4.048401862382888794e-02
-6.975154858082532883e-03 1.033503264188766479e-01 3.135432675480842590e-02 1.570390723645687103e-02 -1.407991945743560791e-01
-9.251091629266738892e-02 6.962104141712188721e-02 8.742573671042919159e-03 -1.718016713857650757e-02 -4.345929995179176331e-02
4.647668823599815369e-02 6.806825846433639526e-02 -3.934753767680376768e-04 -8.086125366389751434e-03 7.560002803802490234e-02
-1.292289793491363525e-02 1.077544018626213074e-01 3.022061288356781006e-02 5.588826537132263184e-02 -7.733521610498428345e-02
