-3.123502433300018311e-01
7.863591313362121582e-01
2.466942965984344482e-01
9.457621723413467407e-02
1.090280245989561081e-02
1.874210387468338013e-01
1.663212478160858154e-01
2.696847617626190186e-01
1.908821016550064087e-01
5.794994235038757324e-01
-3.579493165016174316e-01
1.062335073947906494e-01
3.208890557289123535e-01
2.609573602676391602e-01
1.344253122806549072e-01
1.286460757255554199e-01
2.557837367057800293e-01
3.440721333026885986e-02
2.238085567951202393e-01
1.376089751720428467e-01
1.544634997844696045e-01
1.842389404773712158e-01
-1.979442089796066284e-01
1.563535481691360474e-01
2.637982368469238281e-01
-1.110372394323348999e-01
3.291154801845550537e-01
2.943205833435058594e-01
2.494452595710754395e-01
8.533216267824172974e-02
4.842613041400909424e-01
1.220342516899108887e-02
-1.191457957029342651e-01
1.424881815910339355e-01
1.597239822149276733e-01
1.002940237522125244e-01
3.550254106521606445e-01
1.312909126281738281e-01
5.434868335723876953e-01
1.370620280504226685e-01
2.976003102958202362e-02
7.461791485548019409e-02
9.224077463150024414e-01
-3.018247187137603760e-01
3.728493750095367432e-01
2.667480111122131348e-01
1.459878236055374146e-01
1.973759233951568604e-01
1.920420229434967041e-01
1.449027359485626221e-01
9.431455284357070923e-02
8.079137653112411499e-02
2.251002490520477295e-01
6.551557034254074097e-02
1.493439674377441406e-01
1.893766075372695923e-01
-1.211492046713829041e-01
2.213217616081237793e-01
1.633981168270111084e-01
3.783858418464660645e-01
1.463233530521392822e-01
1.099102199077606201e-02
2.281673401594161987e-01
1.256503313779830933e-01
7.382265925407409668e-01
7.179027888923883438e-03
3.182293176651000977e-01
8.717505335807800293e-01
-1.456727087497711182e-01
1.861280202865600586e-01
6.479768157005310059e-01
7.670386880636215210e-02
1.185084208846092224e-01
1.063674762845039368e-01
2.372968196868896484e-01
3.027378022670745850e-01
2.707624435424804688e-01
2.781913578510284424e-01
2.796009778976440430e-01
6.623113900423049927e-02
8.164682984352111816e-01
2.283063232898712158e-01
2.881278395652770996e-01
1.380247920751571655e-01
3.487783372402191162e-01
8.510292321443557739e-02
2.090207934379577637e-01
5.747424438595771790e-02
2.282522059977054596e-02
6.037727743387222290e-02
9.515656530857086182e-02
1.922310888767242432e-01
2.226404100656509399e-01
3.161555230617523193e-01
7.997847348451614380e-02
7.009779810905456543e-01
3.683192729949951172e-01
-1.537968963384628296e-01
-2.976669073104858398e-01
1.083905994892120361e-01
8.574471622705459595e-02
8.495625853538513184e-01
1.000375021249055862e-02
8.947611600160598755e-02
8.904131054878234863e-01
7.527998834848403931e-02
1.972588002681732178e-01
1.454446762800216675e-01
1.899603903293609619e-01
8.332888782024383545e-02
6.094295158982276917e-02
1.002777814865112305e-01
7.435745000839233398e-02
2.668195962905883789e-01
-6.311283260583877563e-02
1.182578727602958679e-01
1.339398324489593506e-01
1.729009300470352173e-01
9.844980388879776001e-02
1.695389002561569214e-01
2.023877203464508057e-01
1.469450742006301880e-01
3.345562815666198730e-01
2.343046367168426514e-01
3.709714114665985107e-01
4.549036920070648193e-01
1.940685659646987915e-01
6.764838695526123047e-01
1.025627702474594116e-01
1.987369805574417114e-01
1.943574249744415283e-01
5.686650872230529785e-01
7.890249602496623993e-03
6.282945275306701660e-01
-2.550842165946960449e-01
3.543268144130706787e-01
5.619193315505981445e-01
1.593580991029739380e-01
-1.269196122884750366e-01
6.668132543563842773e-01
3.827195763587951660e-01
2.507358491420745850e-01
4.020127654075622559e-02
5.669302865862846375e-02
3.115721642971038818e-01
1.214236244559288025e-01
3.873039186000823975e-01
4.865642786026000977e-01
1.905184835195541382e-01
3.664052188396453857e-01
8.107241392135620117e-01
2.338111102581024170e-01
1.567832976579666138e-01
5.906826257705688477e-01
-1.604361534118652344e-01
2.120583802461624146e-01
1.148113608360290527e-01
3.568346379324793816e-03
2.619876563549041748e-01
1.144733726978302002e-01
1.015391796827316284e-01
2.511778473854064941e-01
1.936541348695755005e-01
5.272214412689208984e-01
3.490176498889923096e-01
3.645570576190948486e-01
-1.042568385601043701e-01
2.768989801406860352e-01
1.013685315847396851e-01
1.886243820190429688e-01
2.350412160158157349e-01
1.752140372991561890e-01
-1.515817940235137939e-01
-3.420989811420440674e-01
2.372420579195022583e-01
1.429192125797271729e-01
2.285415865480899811e-02
1.674646288156509399e-01
1.953859180212020874e-01
4.698670208454132080e-01
-3.277029693126678467e-01
-1.603685617446899414e-01
5.253972113132476807e-02
8.518653362989425659e-02
1.846134662628173828e-02
2.265226840972900391e-01
6.413520127534866333e-02
4.357273876667022705e-02
1.148790568113327026e-01
3.403515517711639404e-01
-3.604248166084289551e-01
3.749887943267822266e-01
2.530061900615692139e-01
2.651540935039520264e-01
2.344644516706466675e-01
-1.364859044551849365e-01
2.305528074502944946e-01
-1.273290216922760010e-01
2.658247947692871094e-01
1.897560507059097290e-01
3.082946538925170898e-01
2.238373160362243652e-01
3.694619238376617432e-01
1.807819604873657227e-01
8.606496453285217285e-01
2.219018489122390747e-01
1.332524418830871582e-01
2.208461761474609375e-01
2.002362757921218872e-01
1.691405326128005981e-01
9.850835055112838745e-02
8.818010240793228149e-02
2.025876566767692566e-02
-2.439154088497161865e-01
4.863613098859786987e-02
4.076457321643829346e-01
8.028814792633056641e-01
2.047975510358810425e-01
3.456057906150817871e-01
2.996410429477691650e-01
-4.046825226396322250e-03
4.722040295600891113e-01
6.870969533920288086e-01
2.207542657852172852e-01
2.587430477142333984e-01
1.022992506623268127e-01
3.479408323764801025e-01
3.110153973102569580e-01
-4.094394147396087646e-01
2.288022041320800781e-01
1.272098720073699951e-01
1.977515220642089844e-01
2.601833343505859375e-01
2.798025012016296387e-01
-5.023009609431028366e-03
1.700424849987030029e-01
2.598486542701721191e-01
1.609109342098236084e-01
-3.489503264427185059e-01
2.270965278148651123e-01
2.888609170913696289e-01
3.586345314979553223e-01
1.489424407482147217e-01
7.277730107307434082e-02
1.877539753913879395e-01
7.235786318778991699e-01
1.189238727092742920e-01
1.193962171673774719e-01
2.183472812175750732e-01
1.079155802726745605e-01
6.154489517211914062e-01
7.614148855209350586e-01
1.834475249052047729e-01
2.562979161739349365e-01
1.673016995191574097e-01
1.351502835750579834e-01
1.998769342899322510e-01
2.040979117155075073e-01
2.066904604434967041e-01
9.511909447610378265e-03
1.380017250776290894e-01
6.819976121187210083e-02
2.522839009761810303e-01
-4.844587761908769608e-03
1.916719079017639160e-01
1.758713722229003906e-01
-1.473428606986999512e-01
9.154501557350158691e-02
3.157089352607727051e-01
6.276513338088989258e-01
2.196863442659378052e-01
9.435711801052093506e-02
1.888255923986434937e-01
1.975057572126388550e-01
2.331023216247558594e-01
1.372302770614624023e-01
1.796199828386306763e-01
1.327458471059799194e-01
2.398940026760101318e-01
-3.218929767608642578e-01
2.451570481061935425e-01
1.610193103551864624e-01
6.764304637908935547e-02
6.330887228250503540e-02
2.338193953037261963e-01
3.765742778778076172e-01
8.930923044681549072e-02
1.879335641860961914e-01
1.473489850759506226e-01
5.114829167723655701e-02
6.471220403909683228e-02
4.931780993938446045e-01
1.224775165319442749e-01
1.698617488145828247e-01
1.780521720647811890e-01
6.833241879940032959e-02
7.984000444412231445e-02
1.076729819178581238e-01
-1.887945532798767090e-01
9.289616346359252930e-02
-1.342172920703887939e-01
3.553390502929687500e-01
5.226657390594482422e-01
1.666491925716400146e-01
5.095197558403015137e-01
1.367397606372833252e-01
7.788363099098205566e-02
2.732965648174285889e-01
2.220094054937362671e-01
1.730151027441024780e-01
3.574831783771514893e-01
1.324985176324844360e-01
-1.945345401763916016e-01
9.677470475435256958e-02
-1.528757810592651367e-01
-2.055556327104568481e-01
2.203163206577301025e-01
1.916405558586120605e-01
3.540039062500000000e-01
1.165618672966957092e-01
-3.054559230804443359e-01
8.424323797225952148e-01
1.159094274044036865e-01
-1.485573351383209229e-01
1.944740712642669678e-01
2.607327885925769806e-02
-3.505029678344726562e-01
4.970256090164184570e-01
-1.517593413591384888e-01
-1.769410818815231323e-01
8.377833664417266846e-02
1.050692573189735413e-01
1.637111455202102661e-01
2.246674597263336182e-01
3.788636028766632080e-01
2.442310154438018799e-01
5.975518822669982910e-01
7.373018860816955566e-01
1.916863769292831421e-01
2.080563306808471680e-01
1.302190721035003662e-01
2.323317080736160278e-01
3.558256924152374268e-01
2.737537920475006104e-01
-1.189295575022697449e-01
2.838483154773712158e-01
1.711965501308441162e-01
1.931226104497909546e-01
1.339036524295806885e-01
1.981955319643020630e-01
-1.590339839458465576e-01
2.693158090114593506e-01
1.981684416532516479e-01
4.804046154022216797e-01
-1.742775551974773407e-02
-3.446500599384307861e-01
2.133228778839111328e-01
3.296371996402740479e-01
2.576941847801208496e-01
9.249133467674255371e-01
2.717731893062591553e-01
-4.242388308048248291e-01
4.670337736606597900e-01
-3.189472854137420654e-01
2.397837936878204346e-01
1.365552991628646851e-01
4.239749312400817871e-01
3.698046803474426270e-01
1.714454144239425659e-01
4.364738613367080688e-02
8.731979876756668091e-02
-2.219195514917373657e-01
3.700935468077659607e-02
1.965433210134506226e-01
5.459769815206527710e-02
1.886599659919738770e-01
1.388464719057083130e-01
-1.859226822853088379e-01
1.228519082069396973e-01
5.312212109565734863e-01
1.307744383811950684e-01
9.567262232303619385e-02
2.263253033161163330e-01
-1.409996487200260162e-02
7.192358374595642090e-01
2.256324291229248047e-01
1.276959925889968872e-01
2.169501036405563354e-01
6.131644919514656067e-02
1.489227414131164551e-01
7.108948379755020142e-02
7.453197240829467773e-02
1.633671224117279053e-01
8.853015303611755371e-01
1.277291476726531982e-01
-3.258587419986724854e-01
3.277095854282379150e-01
-1.420029699802398682e-01
2.153651714324951172e-01
1.876983195543289185e-01
2.051002681255340576e-01
1.359729021787643433e-01
1.394318044185638428e-01
8.966823816299438477e-01
3.016532957553863525e-01
2.335027605295181274e-01
7.028777003288269043e-01
1.048473715782165527e-01
1.223058700561523438e-01
1.484414339065551758e-01
6.843570619821548462e-02
2.418994158506393433e-01
4.336067140102386475e-01
-1.245775893330574036e-01
2.719990611076354980e-01
6.733026504516601562e-01
2.092018276453018188e-01
1.124725565314292908e-01
7.232826203107833862e-02
-1.052905898541212082e-02
-4.318079650402069092e-01
7.524018287658691406e-01
3.486537933349609375e-02
1.596315354108810425e-01
9.475585073232650757e-02
2.648693323135375977e-01
8.244088292121887207e-02
-2.606492638587951660e-01
1.916311681270599365e-01
2.184730470180511475e-01
-1.327292993664741516e-04
3.382153511047363281e-01
8.837832808494567871e-01
-3.096576035022735596e-01
-1.325820665806531906e-02
2.365571260452270508e-01
2.758550941944122314e-01
6.828923225402832031e-01
2.327045053243637085e-01
-1.390022337436676025e-01
1.394173353910446167e-01
1.130490228533744812e-01
1.604912877082824707e-01
6.542426347732543945e-01
1.855801492929458618e-01
2.193977981805801392e-01
2.056564539670944214e-01
8.459125161170959473e-01
1.369274705648422241e-01
3.135848641395568848e-01
1.004228089004755020e-02
1.275387853384017944e-01
1.599320620298385620e-01
1.567146331071853638e-01
3.535398840904235840e-01
-1.651219278573989868e-01
1.896934509277343750e-01
1.873388290405273438e-01
8.461309075355529785e-01
7.521150112152099609e-01
1.642003655433654785e-01
-1.561833769083023071e-01
3.327319025993347168e-01
2.050781250000000000e-01
6.395546793937683105e-01
5.374594926834106445e-01
9.076766669750213623e-02
1.838478147983551025e-01
1.537576168775558472e-01
-2.280768454074859619e-01
2.885773777961730957e-01
2.227888703346252441e-01
2.629313468933105469e-01
3.683370947837829590e-01
8.190979361534118652e-01
1.265857070684432983e-01
2.099025398492813110e-01
1.556770503520965576e-01
6.781271696090698242e-01
7.073141634464263916e-02
-4.333311915397644043e-01
2.822779119014739990e-01
1.346244215965270996e-01
1.077662408351898193e-01
2.422406971454620361e-01
5.529423952102661133e-01
8.358617424964904785e-01
1.269310861825942993e-01
1.685549914836883545e-01
3.961772620677947998e-01
-1.198210492730140686e-01
2.316103279590606689e-01
2.250759303569793701e-01
-1.849083155393600464e-01
-1.463531255722045898e-01
1.120754182338714600e-01
8.053541183471679688e-01
-1.470254510641098022e-01
1.912538856267929077e-01
1.927250176668167114e-01
1.886532604694366455e-01
2.804486751556396484e-01
1.151707172393798828e-01
2.221383154392242432e-01
3.090358972549438477e-01
1.197799667716026306e-01
2.725704312324523926e-01
2.178885042667388916e-01
1.369497328996658325e-01
1.223259046673774719e-01
2.611831426620483398e-01
1.190927028656005859e-01
1.585003882646560669e-01
2.687168717384338379e-01
2.203311324119567871e-01
1.790421307086944580e-01
3.441215306520462036e-02
3.238748311996459961e-01
1.864362955093383789e-01
1.644783616065979004e-01
3.350681960582733154e-01
5.673887133598327637e-01
-1.463596671819686890e-01
-4.534523189067840576e-02
3.477598130702972412e-01
7.152136564254760742e-01
1.993309706449508667e-01
4.366967380046844482e-01
2.872223556041717529e-01
1.754789501428604126e-01
2.996121048927307129e-01
1.756537258625030518e-01
1.747631281614303589e-01
7.913637757301330566e-01
2.757889032363891602e-01
2.684253156185150146e-01
2.470366507768630981e-01
1.004542484879493713e-01
1.096594855189323425e-01
-2.642166018486022949e-01
2.120150923728942871e-01
1.883545368909835815e-01
2.220908403396606445e-01
2.356309443712234497e-01
7.952725887298583984e-02
1.663804203271865845e-01
-1.627478748559951782e-01
-1.154558174312114716e-02
9.016630053520202637e-02
1.154417321085929871e-01
1.820716112852096558e-01
2.754311263561248779e-01
-2.231374830007553101e-01
1.495278328657150269e-01
1.998254060745239258e-01
7.822010517120361328e-01
-4.328972101211547852e-01
1.436444669961929321e-01
-2.387948930263519287e-01
7.010217905044555664e-01
9.062056243419647217e-02
2.170440405607223511e-01
3.189341723918914795e-01
7.476258873939514160e-01
-1.409913450479507446e-01
-2.640417218208312988e-01
1.806879788637161255e-01
1.015889197587966919e-01
3.728353381156921387e-01
-3.180022835731506348e-01
1.594614982604980469e-01
1.862805485725402832e-01
1.464319527149200439e-01
3.495706319808959961e-01
3.976027965545654297e-01
-7.150785624980926514e-02
5.220123380422592163e-02
1.692051440477371216e-01
2.853415310382843018e-01
8.439939022064208984e-01
2.634057700634002686e-01
2.505012452602386475e-01
-4.529235139489173889e-02
2.718561589717864990e-01
3.503429293632507324e-01
2.065360099077224731e-01
2.756800651550292969e-01
1.808330416679382324e-01
1.166765689849853516e-01
1.871052533388137817e-01
2.136896550655364990e-01
1.315873861312866211e-01
1.210935711860656738e-01
9.424554705619812012e-01
1.198774650692939758e-01
1.206022500991821289e-01
2.717702984809875488e-01
2.399431020021438599e-01
-1.474112570285797119e-01
7.774075865745544434e-01
4.665670990943908691e-01
-2.641979157924652100e-01
1.307169348001480103e-01
2.914194762706756592e-01
3.912656009197235107e-01
1.241038888692855835e-01
3.475801348686218262e-01
1.859843432903289795e-01
7.316890954971313477e-01
1.058840006589889526e-01
3.568091690540313721e-01
2.854520082473754883e-01
-1.451912373304367065e-01
2.039893567562103271e-01
2.538338005542755127e-01
1.746210902929306030e-01
-2.902163565158843994e-01
2.937159538269042969e-01
2.366907596588134766e-01
1.833067983388900757e-01
1.625917702913284302e-01
2.425736635923385620e-01
-1.383697688579559326e-01
1.335918754339218140e-01
1.555971950292587280e-01
1.094954237341880798e-01
2.918755412101745605e-01
1.752703189849853516e-01
5.887072086334228516e-01
1.044970080256462097e-01
9.500525146722793579e-02
2.055679112672805786e-01
1.171455383300781250e-01
-1.351633965969085693e-01
8.958919048309326172e-01
2.318695038557052612e-01
9.134029597043991089e-02
1.911441534757614136e-01
6.434912979602813721e-02
4.123763740062713623e-01
-1.786046847701072693e-02
1.140862703323364258e-01
-1.407251209020614624e-01
2.144875079393386841e-01
3.981760144233703613e-01
1.150497496128082275e-01
-5.244700238108634949e-02
2.683181762695312500e-01
2.300783544778823853e-01
-2.548405528068542480e-01
1.821751594543457031e-01
3.436361849308013916e-01
1.277477592229843140e-01
-1.566343456506729126e-01
3.401909172534942627e-01
1.651794612407684326e-01
1.711084097623825073e-01
1.229301467537879944e-01
2.265773415565490723e-01
6.548833101987838745e-02
4.045999050140380859e-01
7.071147114038467407e-02
2.677504718303680420e-01
3.472279310226440430e-01
1.143581494688987732e-01
1.002142131328582764e-01
-1.649672538042068481e-01
1.363826245069503784e-01
2.111165970563888550e-01
6.581130027770996094e-01
1.307751834392547607e-01
1.670228987932205200e-01
3.834170929621905088e-04
2.388821542263031006e-01
1.226201951503753662e-01
5.567017197608947754e-01
4.316710233688354492e-01
3.074658215045928955e-01
9.118375182151794434e-02
8.221001029014587402e-01
1.583511233329772949e-01
1.827044934034347534e-01
2.024754732847213745e-01
1.684321016073226929e-01
1.881056427955627441e-01
2.454997599124908447e-01
1.103969439864158630e-01
2.939912974834442139e-01
3.216555118560791016e-01
3.813341557979583740e-01
1.275513470172882080e-01
4.751876890659332275e-01
8.163394778966903687e-02
2.216196656227111816e-01
1.737760566174983978e-02
2.439685165882110596e-01
2.001317143440246582e-01
-1.687437146902084351e-01
2.661766111850738525e-01
2.227338403463363647e-02
1.623409986495971680e-01
-4.497408866882324219e-01
-2.511293292045593262e-01
1.198120191693305969e-01
2.195392400026321411e-01
1.374679952859878540e-01
7.497304081916809082e-01
2.535953745245933533e-02
2.136395275592803955e-01
5.510264635086059570e-01
8.314358592033386230e-01
2.417043447494506836e-01
-3.698480874300003052e-02
3.098275661468505859e-01
2.218458056449890137e-01
1.861734688282012939e-01
1.302809715270996094e-01
2.394606918096542358e-01
1.512600034475326538e-01
1.353688687086105347e-01
6.252679824829101562e-01
1.559063643217086792e-01
2.357690334320068359e-01
7.796585559844970703e-02
3.575171111151576042e-03
2.036815732717514038e-01
1.041939482092857361e-01
1.139808446168899536e-01
2.734520435333251953e-01
6.006361246109008789e-01
1.028040125966072083e-01
2.506917119026184082e-01
2.776280939579010010e-01
2.728304639458656311e-02
2.138210088014602661e-01
1.705500930547714233e-01
2.244052290916442871e-01
5.161770060658454895e-02
2.626888640224933624e-02
2.017049789428710938e-01
4.909610375761985779e-02
1.681084930896759033e-01
4.111343324184417725e-01
2.098955512046813965e-01
2.064273804426193237e-01
1.899407655000686646e-01
1.398967355489730835e-01
3.307109177112579346e-01
2.148333191871643066e-01
1.640108674764633179e-01
1.521975547075271606e-01
5.661424398422241211e-01
1.856021285057067871e-01
4.117899835109710693e-01
2.496169060468673706e-01
2.068534195423126221e-01
5.539819598197937012e-01
-1.665520831011235714e-03
4.929592907428741455e-01
7.499846816062927246e-02
-1.830306500196456909e-01
7.461287379264831543e-01
6.023435592651367188e-01
-9.318684041500091553e-02
-6.236655712127685547e-01
6.866214424371719360e-02
3.526473045349121094e-01
-4.987098276615142822e-01
1.844800114631652832e-01
-2.672962844371795654e-01
2.621041238307952881e-01
1.699210256338119507e-01
5.787132382392883301e-01
-6.195282563567161560e-02
2.175034284591674805e-01
1.126884445548057556e-01
2.352382093667984009e-01
5.633085966110229492e-01
6.570747494697570801e-02
1.335224509239196777e-01
6.811207532882690430e-02
3.498902544379234314e-02
3.929149508476257324e-01
-5.486203357577323914e-02
1.484848856925964355e-01
5.872353166341781616e-02
4.985158741474151611e-01
-1.961620897054672241e-01
7.985015399754047394e-03
1.801386028528213501e-01
3.935613036155700684e-01
9.168709516525268555e-01
2.438840419054031372e-01
1.177160814404487610e-01
4.679959714412689209e-01
-4.666808247566223145e-01
1.173807680606842041e-01
5.600791051983833313e-02
8.859869092702865601e-02
1.833675354719161987e-01
1.950085759162902832e-01
3.243768811225891113e-01
-9.931717067956924438e-02
1.810833625495433807e-02
4.587435424327850342e-01
1.985963732004165649e-01
3.184340596199035645e-01
3.246141970157623291e-02
-5.393073335289955139e-02
1.592857688665390015e-01
4.723803699016571045e-01
2.932412326335906982e-01
2.218295931816101074e-01
4.128890335559844971e-01
7.423038035631179810e-02
1.664446592330932617e-01
4.365099370479583740e-01
1.549460440874099731e-01
2.002599686384201050e-01
2.074070572853088379e-01
-1.512003839015960693e-01
-1.038649529218673706e-01
2.996015548706054688e-01
3.562134504318237305e-01
-1.340166181325912476e-01
4.582349061965942383e-01
-2.161697447299957275e-01
1.608998477458953857e-01
3.613663092255592346e-02
2.740202844142913818e-01
2.823057770729064941e-01
-1.955667287111282349e-01
1.108810082077980042e-01
2.169780433177947998e-01
1.933556050062179565e-01
1.326629221439361572e-01
3.249883651733398438e-01
1.211758852005004883e-01
4.357489645481109619e-01
2.388053238391876221e-01
9.663120508193969727e-01
7.274129986763000488e-01
1.481585949659347534e-01
1.589030027389526367e-02
-5.992625281214714050e-02
1.040245294570922852e-01
2.743565440177917480e-01
3.115601241588592529e-01
3.185544013977050781e-01
9.291120618581771851e-02
-1.032833233475685120e-01
1.357711106538772583e-01
5.101564526557922363e-02
4.015474915504455566e-01
4.675997421145439148e-02
1.870688498020172119e-01
4.667096957564353943e-02
-1.098242923617362976e-01
-7.421190291643142700e-02
1.421866565942764282e-01
6.426745653152465820e-01
1.393393874168395996e-01
2.901106774806976318e-01
5.871105790138244629e-01
-1.259971112012863159e-01
1.933315694332122803e-01
4.855106770992279053e-01
5.340834856033325195e-01
5.432628989219665527e-01
2.631691396236419678e-01
1.727501749992370605e-01
1.954630464315414429e-01
2.002535313367843628e-01
4.271565750241279602e-02
4.644321501255035400e-01
3.490382060408592224e-02
1.235991567373275757e-01
5.221179723739624023e-01
1.248647570610046387e-01
-4.025992751121520996e-02
1.374609768390655518e-01
2.436492443084716797e-01
6.985877156257629395e-01
5.642449259757995605e-01
2.107395231723785400e-01
-2.597783319652080536e-02
2.898674607276916504e-01
1.198677718639373779e-01
1.104265525937080383e-01
7.286203503608703613e-01
1.647016257047653198e-01
1.830049604177474976e-01
1.728933304548263550e-01
1.810895353555679321e-01
5.462760329246520996e-01
2.555896937847137451e-01
-4.713572859764099121e-01
1.017758548259735107e-01
4.638644754886627197e-01
-7.164335250854492188e-02
1.878529936075210571e-01
1.349839568138122559e-01
1.247378140687942505e-01
-4.808748140931129456e-02
8.588064461946487427e-02
1.935247480869293213e-01
-2.927454933524131775e-02
-3.589788675308227539e-01
6.858732551336288452e-02
-1.323302239179611206e-01
1.527740210294723511e-01
1.855735033750534058e-01
1.795299947261810303e-01
2.719860374927520752e-01
1.429743915796279907e-01
-2.471678517758846283e-02
8.152454346418380737e-02
1.746386587619781494e-01
3.137675225734710693e-01
5.323395729064941406e-01
1.012828797101974487e-01
9.366540610790252686e-02
5.230092406272888184e-01
2.380335330963134766e-01
-3.932322263717651367e-01
