-7.310379147529602051e-01 -2.495164722204208374e-01 6.267296671867370605e-01 3.190548717975616455e-01
3.457763195037841797e-01 5.662906169891357422e-01 -4.984703660011291504e-01 4.513501226902008057e-01
2.059608399868011475e-01 3.133486583828926086e-02 7.756411284208297729e-02 -1.317223310470581055e-01
-3.000870943069458008e-01 -5.007634684443473816e-02 2.905628085136413574e-01 2.410723417997360229e-01
-6.422726064920425415e-02 1.430051773786544800e-01 6.464411616325378418e-01 6.978368759155273438e-02
4.463046789169311523e-03 -3.881642818450927734e-01 2.851050905883312225e-02 7.795009016990661621e-02
-8.587968945503234863e-01 4.847824200987815857e-02 -5.278283953666687012e-01 7.876352667808532715e-01
3.127219080924987793e-01 -1.347727179527282715e-01 -1.021077632904052734e-01 -2.230476960539817810e-02
1.962505094707012177e-02 -1.437779515981674194e-02 -1.561341993510723114e-02 -5.288537964224815369e-02
7.049220204353332520e-01 -5.584262609481811523e-01 -3.381848931312561035e-01 -1.672571301460266113e-01
-7.914757728576660156e-01 -3.188929855823516846e-01 2.720232903957366943e-01 -3.494746387004852295e-01
-2.068711966276168823e-01 -8.561331778764724731e-02 3.938696980476379395e-01 1.408367753028869629e-01
4.415146112442016602e-01 -1.455378830432891846e-01 -1.902108341455459595e-01 2.182327769696712494e-02
4.656988084316253662e-01 2.765237092971801758e-01 5.393575876951217651e-02 -9.444896876811981201e-02
1.625343412160873413e-01 1.473220586776733398e-01 5.011018514633178711e-01 -4.357221722602844238e-01
-1.730727553367614746e-01 -3.195413574576377869e-02 1.801707446575164795e-01 -8.255716413259506226e-02
3.100734949111938477e-01 3.423460945487022400e-02 -7.668568938970565796e-02 -2.116804942488670349e-02
-2.183513939380645752e-01 -2.994022965431213379e-01 6.740167140960693359e-01 -6.827587634325027466e-02
3.255051076412200928e-01 1.737194508314132690e-01 1.839191839098930359e-02 3.457232117652893066e-01
7.376417517662048340e-01 1.557700335979461670e-01 6.968562006950378418e-01 3.891895711421966553e-02
-3.342289105057716370e-02 -2.187534272670745850e-01 6.402481347322463989e-02 2.667199634015560150e-02
1.829128153622150421e-02 2.772758305072784424e-01 -1.510601192712783813e-01 5.386884510517120361e-02
-8.998923301696777344e-01 3.738062679767608643e-01 3.680266439914703369e-01 6.978439092636108398e-01
-6.969032436609268188e-02 -3.335883915424346924e-01 5.513942837715148926e-01 2.633106410503387451e-01
3.565742075443267822e-01 3.497800230979919434e-02 -1.526077687740325928e-01 2.158860415220260620e-01
2.668374450877308846e-03 -3.131582140922546387e-01 8.315585255622863770e-01 -5.689061880111694336e-01
3.237957954406738281e-01 -2.106953263282775879e-01 -6.110602021217346191e-01 2.849093638360500336e-02
4.336377978324890137e-02 -5.580113530158996582e-01 -5.929752588272094727e-01 -7.434501498937606812e-02
1.787047535181045532e-01 -5.939684063196182251e-02 -1.358966231346130371e-01 -9.691621363162994385e-02
-3.190299570560455322e-01 5.973965674638748169e-02 3.854548335075378418e-01 1.114141717553138733e-01
4.828585386276245117e-01 -1.680263690650463104e-02 -3.150382041931152344e-01 5.137684196233749390e-02
-4.747706055641174316e-01 -2.314472943544387817e-01 2.743344008922576904e-01 -3.860168755054473877e-01
-1.276728212833404541e-01 -1.816066503524780273e-01 8.051248788833618164e-01 -4.575772285461425781e-01
-1.439191102981567383e-01 -3.977635409682989120e-03 1.716767400503158569e-01 -4.521087184548377991e-02
1.280917227268218994e-02 -6.817015260457992554e-02 1.681920439004898071e-01 -3.315455093979835510e-02
-7.319467663764953613e-01 -6.739829778671264648e-01 -4.713410437107086182e-01 1.347148269414901733e-01
4.196853041648864746e-01 -3.854887485504150391e-01 -5.861196666955947876e-02 2.207957394421100616e-02
-4.561746716499328613e-01 -3.949922695755958557e-02 9.710409045219421387e-01 5.925861597061157227e-01
8.447959423065185547e-01 1.296395435929298401e-02 -5.053191184997558594e-01 -1.345041990280151367e-01
-1.014804616570472717e-01 -2.742274105548858643e-01 1.673296093940734863e-01 1.363435685634613037e-01
-4.522010087966918945e-01 6.056767702102661133e-01 6.931101083755493164e-01 -6.482091546058654785e-01
-4.453053772449493408e-01 3.924421966075897217e-01 3.879158496856689453e-01 -4.886053800582885742e-01
2.991361320018768311e-01 8.582152724266052246e-01 -7.603965401649475098e-01 9.134771227836608887e-01
-8.535914421081542969e-01 -4.515499174594879150e-01 -1.144198328256607056e-02 1.445424705743789673e-01
7.719337940216064453e-01 2.428148537874221802e-01 -4.837497174739837646e-01 -4.156576395034790039e-01
2.099224179983139038e-01 -5.068009719252586365e-02 -2.567904293537139893e-01 1.434637308120727539e-01
-5.563228130340576172e-01 -8.780992627143859863e-01 -5.939036607742309570e-01 -7.341101020574569702e-02
-2.203637212514877319e-01 7.791083455085754395e-01 -2.306210845708847046e-01 -3.663079440593719482e-01
7.720714807510375977e-02 -9.119435399770736694e-02 4.192866757512092590e-02 -3.303118422627449036e-02
-5.953605845570564270e-02 5.867873132228851318e-02 1.845951825380325317e-01 2.220276445150375366e-01
-3.162372112274169922e-01 1.620878726243972778e-01 1.498619616031646729e-01 -6.049259379506111145e-02
-4.477462172508239746e-01 -4.243573546409606934e-01 3.009682297706604004e-01 -6.402463465929031372e-02
-1.353805810213088989e-01 -4.262492358684539795e-01 -4.414589405059814453e-01 -2.174578756093978882e-01
-4.976483285427093506e-01 3.059999644756317139e-01 9.151979535818099976e-02 9.552966058254241943e-02
-9.411131143569946289e-01 -4.125255346298217773e-02 -8.378052711486816406e-01 8.112595677375793457e-01
1.556282769888639450e-02 -8.765353262424468994e-02 -6.652555614709854126e-02 2.492829225957393646e-02
-1.966701149940490723e-01 3.546074032783508301e-03 9.278067946434020996e-01 -4.541564881801605225e-01
7.287719845771789551e-02 3.722882568836212158e-01 -4.281288385391235352e-01 3.209438025951385498e-01
-2.284799814224243164e-01 -3.932256102561950684e-01 -1.925960630178451538e-01 5.062897205352783203e-01
2.158669941127300262e-02 -4.021102488040924072e-01 -9.077067971229553223e-01 -8.034173846244812012e-01
-1.129780486226081848e-01 -7.894037407822906971e-04 6.452256441116333008e-02 3.208822757005691528e-02
-7.363502383232116699e-01 -3.895134031772613525e-01 1.046414673328399658e-01 -6.925123929977416992e-01
4.456574320793151855e-01 -2.075024098157882690e-01 4.139656722545623779e-01 1.308297216892242432e-01
-3.622947633266448975e-01 -1.985869407653808594e-01 1.773701794445514679e-02 -2.435499429702758789e-01
3.282359242439270020e-01 6.568282842636108398e-01 -7.756631970405578613e-01 -1.989565342664718628e-01
-2.939778864383697510e-01 -5.637200176715850830e-02 5.230973362922668457e-01 -8.479997515678405762e-02
5.584169626235961914e-01 3.599120974540710449e-01 -4.605415165424346924e-01 -4.017973244190216064e-01
8.895071148872375488e-01 6.550031155347824097e-02 1.131797581911087036e-01 7.375579327344894409e-02
-4.192322194576263428e-01 7.258707284927368164e-01 9.025581479072570801e-01 -2.328182607889175415e-01
9.563798308372497559e-01 8.412307500839233398e-01 9.624752998352050781e-01 -9.932961463928222656e-01
4.456545710563659668e-01 1.326151788234710693e-01 -3.463692963123321533e-01 1.735193133354187012e-01
-5.713557004928588867e-01 8.174577355384826660e-01 2.728750407695770264e-01 3.321847319602966309e-01
-2.472664117813110352e-01 9.293075650930404663e-02 1.718693077564239502e-01 8.526682108640670776e-02
-2.482826560735702515e-01 2.712117880582809448e-02 1.523463428020477295e-01 1.135071367025375366e-01
2.493957430124282837e-01 -2.583028078079223633e-01 9.856388717889785767e-02 1.951959170401096344e-02
6.448366045951843262e-01 -7.062945961952209473e-01 -1.776676625013351440e-01 -7.943207025527954102e-01
2.264848649501800537e-01 4.505181610584259033e-01 -4.086402952671051025e-01 -3.444899618625640869e-01
2.749949693679809570e-01 4.191341400146484375e-01 -7.668728828430175781e-01 -3.916817307472229004e-01
4.286651611328125000e-01 -1.446256041526794434e-01 -1.325883716344833374e-01 1.104643419384956360e-01
-6.025317311286926270e-01 1.721247844398021698e-02 5.075532197952270508e-01 4.409924447536468506e-01
4.646354317665100098e-01 3.370155394077301025e-01 -2.551604211330413818e-01 1.294243782758712769e-01
1.412829756736755371e-01 -7.622926682233810425e-02 -1.788739264011383057e-01 7.163878995925188065e-03
4.031797945499420166e-01 -2.280570864677429199e-01 -9.727011620998382568e-02 -2.844848334789276123e-01
-2.061409652233123779e-01 1.870349794626235962e-01 -1.115266606211662292e-01 1.393615305423736572e-01
5.832402110099792480e-01 2.479802817106246948e-01 -4.450440406799316406e-01 -3.604838252067565918e-01
-4.161610305309295654e-01 1.733058840036392212e-01 3.090733885765075684e-01 3.627552986145019531e-01
-2.457622140645980835e-01 6.065145134925842285e-01 -9.535042643547058105e-01 3.944019377231597900e-01
-6.096218824386596680e-01 -1.472841948270797729e-02 1.887587755918502808e-01 1.727885007858276367e-01
-3.762395977973937988e-01 -2.098814994096755981e-01 2.953753471374511719e-01 -3.087473213672637939e-01
-6.702933907508850098e-01 3.663145601749420166e-01 -1.452134847640991211e-01 -1.641206890344619751e-01
-3.317737877368927002e-01 1.270980983972549438e-01 2.968954145908355713e-01 2.921711206436157227e-01
4.964308813214302063e-02 1.410122588276863098e-02 -4.203026369214057922e-02 -1.333980076014995575e-02
3.159081339836120605e-01 -1.407492011785507202e-01 1.548885018564760685e-03 1.402572989463806152e-01
4.494609236717224121e-01 -2.672332525253295898e-01 -2.203122228384017944e-01 -4.686992764472961426e-01
-4.879220947623252869e-02 2.796207070350646973e-01 5.744592547416687012e-01 -1.174048334360122681e-01
8.526657223701477051e-01 -5.600392222404479980e-01 -3.098401799798011780e-02 -8.532913401722908020e-03
4.974265992641448975e-01 -2.533539831638336182e-01 1.407023966312408447e-01 1.184315308928489685e-01
-6.065123677253723145e-01 6.035109162330627441e-01 8.302934765815734863e-01 -2.990503311157226562e-01
-9.901628494262695312e-01 -1.331213116645812988e-01 -1.654610931873321533e-01 -2.829610407352447510e-01
-3.727776706218719482e-01 7.198370695114135742e-01 6.498500108718872070e-01 -5.746771097183227539e-01
-4.623194634914398193e-01 2.743403017520904541e-01 -1.220393106341362000e-01 -8.921213448047637939e-02
8.378397226333618164e-01 -1.398008316755294800e-01 2.370247095823287964e-01 3.317458927631378174e-01
-4.240898489952087402e-01 -9.585495293140411377e-02 4.739086329936981201e-01 -9.036673605442047119e-02
-5.210511684417724609e-01 1.532756835222244263e-01 -3.979154303669929504e-02 2.066632360219955444e-01
6.554194688796997070e-01 4.398932456970214844e-01 -2.772863209247589111e-01 5.455447435379028320e-01
-3.778368830680847168e-01 -2.672412097454071045e-01 4.634633958339691162e-01 1.274006068706512451e-01
-9.417793899774551392e-02 -9.661187529563903809e-01 -4.512295499444007874e-02 8.942941427230834961e-01
-7.772751152515411377e-02 3.474505245685577393e-02 1.740228235721588135e-01 9.328593313694000244e-02
5.502893775701522827e-02 4.721501842141151428e-02 -3.845362365245819092e-02 8.344513177871704102e-02
-4.213687181472778320e-01 -1.342941969633102417e-01 1.537487357854843140e-01 -1.494412273168563843e-01
-3.150928914546966553e-01 1.956117451190948486e-01 2.872299551963806152e-01 5.681855604052543640e-02
-2.607199847698211670e-01 4.528550803661346436e-02 2.820551395416259766e-01 9.038710594177246094e-02
-3.691466152667999268e-01 1.137188896536827087e-01 2.066514492034912109e-01 8.268778026103973389e-02
2.786872684955596924e-01 -3.215846717357635498e-01 -2.457096278667449951e-01 3.086423575878143311e-01
1.588858217000961304e-01 -9.856585264205932617e-01 7.687429189682006836e-01 -7.605633735656738281e-01
-2.793760597705841064e-01 5.083765983581542969e-01 6.859421730041503906e-02 1.226322799921035767e-01
-1.072276979684829712e-01 -1.277947723865509033e-01 2.931078076362609863e-01 -1.246016919612884521e-01
8.566189557313919067e-02 -1.127886585891246796e-02 8.835538476705551147e-02 1.892251335084438324e-02
-4.021706581115722656e-01 3.691601157188415527e-01 2.814917862415313721e-01 -3.766901791095733643e-01
-1.090887095779180527e-02 1.633290797472000122e-01 1.977287232875823975e-02 1.182675585150718689e-01
2.900686264038085938e-01 1.727622002363204956e-01 2.439979016780853271e-01 -3.095025420188903809e-01
-6.378710269927978516e-02 3.183008134365081787e-01 2.468367069959640503e-01 3.715929687023162842e-01
4.095142781734466553e-01 -1.329242289066314697e-01 -2.442503422498703003e-01 9.292478859424591064e-02
1.222786083817481995e-01 -6.807789951562881470e-02 -3.416403234004974365e-01 8.528611063957214355e-02
6.532956957817077637e-01 1.046902611851692200e-01 -1.353196054697036743e-01 -2.246114164590835571e-01
7.075841426849365234e-01 -9.059706330299377441e-01 -6.527695655822753906e-01 -3.979887664318084717e-01
2.501899842172861099e-03 -3.601271808147430420e-01 -2.562891840934753418e-01 1.059075444936752319e-01
8.902012705802917480e-01 -7.049728631973266602e-01 4.402079433202743530e-02 -6.846215575933456421e-02
-2.527467906475067139e-01 5.274450778961181641e-02 2.780325412750244141e-01 1.071900781244039536e-02
1.029184162616729736e-01 -4.015645384788513184e-02 -7.951792329549789429e-02 7.760955393314361572e-02
1.529206186532974243e-01 4.928719699382781982e-01 1.721995025873184204e-01 2.572911083698272705e-01
4.817516505718231201e-01 2.877501770853996277e-02 -1.693614423274993896e-01 -8.323477581143379211e-03
-3.960990607738494873e-01 -2.713177502155303955e-01 7.251517176628112793e-01 -4.624832049012184143e-02
3.236045837402343750e-01 -9.424273967742919922e-01 -2.406514734029769897e-01 3.698941171169281006e-01
-7.382467389106750488e-01 -1.183943897485733032e-01 5.647889971733093262e-01 1.900122463703155518e-01
5.955481529235839844e-01 -1.179819777607917786e-01 -2.427702546119689941e-01 -2.903278172016143799e-01
3.934997916221618652e-01 -1.087306588888168335e-01 -4.594905078411102295e-01 4.164970815181732178e-01
-5.014222860336303711e-01 5.788210630416870117e-01 2.184593528509140015e-01 -6.438883543014526367e-01
3.020654805004596710e-02 3.373383879661560059e-01 8.042959570884704590e-01 -5.080815404653549194e-02
5.906790494918823242e-01 -2.664610743522644043e-01 -1.978952139616012573e-01 4.305660426616668701e-01
6.161149740219116211e-01 2.159667313098907471e-01 -4.218889474868774414e-01 -2.812979519367218018e-01
9.340794384479522705e-02 -2.206766754388809204e-01 -4.406436979770660400e-01 2.372498996555805206e-02
-3.576437234878540039e-01 1.857824623584747314e-01 3.520908951759338379e-01 -4.162200167775154114e-02
-4.263962507247924805e-01 2.117924951016902924e-02 2.822276353836059570e-01 -5.859307572245597839e-02
-1.201154664158821106e-02 -5.080977678298950195e-01 -7.398034334182739258e-01 -6.985545158386230469e-02
-2.692267894744873047e-01 9.615377336740493774e-02 -8.427949622273445129e-03 1.950678527355194092e-01
6.375086903572082520e-01 9.649012982845306396e-02 -2.844455838203430176e-01 -2.503713369369506836e-01
5.738272070884704590e-01 -3.710292577743530273e-01 1.937885768711566925e-02 -2.910221181809902191e-02
-1.084276735782623291e-01 -2.672034800052642822e-01 -2.389702051877975464e-01 -5.457828640937805176e-01
2.926294207572937012e-01 1.918224990367889404e-01 -3.349515795707702637e-01 -2.577592059969902039e-02
4.396792352199554443e-01 5.029107332229614258e-01 -4.061720967292785645e-01 4.088898897171020508e-01
-4.942321181297302246e-01 -2.377597242593765259e-01 -9.030690193176269531e-01 9.976752996444702148e-01
-7.267656177282333374e-02 1.842445321381092072e-02 1.124744638800621033e-01 -2.468382567167282104e-02
4.537419080734252930e-01 1.722823828458786011e-01 -2.506756782531738281e-01 -2.979469299316406250e-02
-6.083363294601440430e-01 2.940511405467987061e-01 3.107298612594604492e-01 1.990162767469882965e-02
-4.238493368029594421e-02 1.404150873422622681e-01 -7.495696544647216797e-01 7.946851849555969238e-01
-2.320747673511505127e-01 1.409534513950347900e-01 1.967032104730606079e-01 2.884954512119293213e-01
-2.646056711673736572e-01 -1.283341348171234131e-01 5.399199128150939941e-01 -1.361182332038879395e-01
2.511246204376220703e-01 -1.473729610443115234e-01 -1.671280413866043091e-01 1.848695566877722740e-03
-2.356662750244140625e-01 -1.686947792768478394e-01 6.515961140394210815e-02 2.373189628124237061e-01
-7.445573210716247559e-01 -4.050473570823669434e-01 -3.463719487190246582e-01 -2.731198668479919434e-01
4.795477390289306641e-01 -5.448566749691963196e-02 6.543689966201782227e-02 7.107839733362197876e-02
8.560207486152648926e-02 -2.822464406490325928e-01 -1.143085360527038574e-01 2.168128043413162231e-01
5.411988496780395508e-01 6.316496431827545166e-02 -3.157844841480255127e-01 -1.434409618377685547e-01
7.532837986946105957e-01 -6.863813996315002441e-01 -2.609875202178955078e-01 -8.296863436698913574e-01
3.293593227863311768e-01 -4.686422944068908691e-01 -3.854599595069885254e-01 -9.244696050882339478e-02
2.321903705596923828e-01 -3.344972133636474609e-01 7.227401137351989746e-01 -6.811382174491882324e-01
2.528368532657623291e-01 3.433491587638854980e-01 -2.583508789539337158e-01 2.589089274406433105e-01
-3.351390957832336426e-01 4.849182963371276855e-01 5.678920745849609375e-01 -5.012966990470886230e-01
5.939023494720458984e-01 4.696349203586578369e-01 6.549483537673950195e-01 -7.149038910865783691e-01
1.944746822118759155e-01 6.112432479858398438e-02 -1.123936921358108521e-01 2.242524474859237671e-01
-1.058884616941213608e-02 -8.171568810939788818e-02 -5.909793451428413391e-02 7.656437903642654419e-02
-5.551148056983947754e-01 -5.688907951116561890e-02 3.668074011802673340e-01 1.440370976924896240e-01
-9.567264318466186523e-01 -7.448607683181762695e-01 -2.522885501384735107e-01 -6.269797682762145996e-01
-1.343850344419479370e-01 -4.903527498245239258e-01 -5.015128850936889648e-01 -9.369195252656936646e-02
-5.531451106071472168e-01 7.061341404914855957e-01 -4.039073288440704346e-01 -1.628751307725906372e-01
-4.999683499336242676e-01 4.101150631904602051e-01 5.537179708480834961e-01 -4.606819152832031250e-01
4.167451336979866028e-02 -1.316709071397781372e-01 2.999845743179321289e-01 -6.569103151559829712e-02
4.791557416319847107e-02 -2.412249743938446045e-01 -9.418369829654693604e-02 1.586860120296478271e-01
5.141736268997192383e-01 -4.433451592922210693e-01 -4.890756309032440186e-01 -1.326992660760879517e-01
-8.031862974166870117e-01 -3.798705935478210449e-01 3.613534569740295410e-01 2.139302045106887817e-01
-5.072737932205200195e-01 4.709553122520446777e-01 4.139324724674224854e-01 -2.469878196716308594e-01
-9.700379371643066406e-01 -5.901772379875183105e-01 -7.827757000923156738e-01 -9.938622117042541504e-01
-1.541070789098739624e-01 2.058543860912322998e-01 4.994565844535827637e-01 -4.028289914131164551e-01
-3.459254503250122070e-01 -1.830101907253265381e-01 6.050553917884826660e-01 -1.106022596359252930e-01
1.433097273111343384e-01 -8.344174176454544067e-02 -2.205464392900466919e-01 -1.253589391708374023e-01
-3.467196822166442871e-01 -1.480632089078426361e-02 2.641710937023162842e-01 3.049605712294578552e-02
-3.599238395690917969e-01 3.444574773311614990e-02 4.203315973281860352e-01 9.046702831983566284e-02
-1.470176577568054199e-01 -2.333147376775741577e-01 4.180152416229248047e-01 1.431525647640228271e-01
6.067001223564147949e-01 -2.304710634052753448e-02 6.837850809097290039e-02 -3.785374015569686890e-02
-8.666220903396606445e-01 -7.414540052413940430e-01 3.418354392051696777e-01 5.737656727433204651e-02
3.655282258987426758e-01 4.495996981859207153e-02 -5.002633333206176758e-01 -1.356560438871383667e-01
1.987418532371520996e-01 2.119179368019104004e-01 -2.146087139844894409e-01 2.174034900963306427e-02
2.588708996772766113e-01 -1.797720789909362793e-02 -2.828491330146789551e-01 1.197200044989585876e-01
3.707325458526611328e-01 -3.232755064964294434e-01 -1.715718070045113564e-03 -4.346271157264709473e-01
-5.679635405540466309e-01 2.847008705139160156e-01 7.545450329780578613e-01 -4.377029836177825928e-01
1.435452252626419067e-01 -1.517785936594009399e-01 -4.954081773757934570e-02 -1.315591484308242798e-01
-2.807657718658447266e-01 2.722819522023200989e-02 7.393804788589477539e-01 -2.396798133850097656e-01
2.679201960563659668e-01 1.977932900190353394e-01 -1.377158612012863159e-01 -1.526367962360382080e-01
1.329838298261165619e-02 -3.673073053359985352e-01 -4.067565500736236572e-02 -2.093247696757316589e-02
1.653799414634704590e-01 -5.166878104209899902e-01 -4.404861032962799072e-01 -6.134380698204040527e-01
7.229128479957580566e-02 -3.377087116241455078e-01 -2.381269335746765137e-01 1.502472348511219025e-02
4.959556758403778076e-01 -1.048153862357139587e-01 -2.728091776371002197e-01 -3.540339469909667969e-01
-4.622054472565650940e-02 9.639683365821838379e-02 -5.392324924468994141e-01 1.617458462715148926e-01
5.251295566558837891e-01 4.997912943363189697e-01 -3.379808962345123291e-01 4.149423241615295410e-01
8.823491632938385010e-02 -1.285968273878097534e-01 -3.564218580722808838e-01 2.557420134544372559e-01
-1.893817782402038574e-01 6.505308747291564941e-01 9.823793917894363403e-02 2.122757583856582642e-01
2.639648020267486572e-01 2.639307826757431030e-02 1.261024363338947296e-02 -1.529784798622131348e-01
5.438464134931564331e-02 4.433581829071044922e-01 -2.314750105142593384e-02 5.336170271039009094e-02
3.456901386380195618e-02 1.762374490499496460e-02 1.843152754008769989e-02 -3.771036863327026367e-01
-5.477750301361083984e-01 7.763325572013854980e-01 6.088287234306335449e-01 -6.847277283668518066e-01
-5.742282867431640625e-01 -2.681850455701351166e-02 6.697947382926940918e-01 6.166792511940002441e-01
-5.387154221534729004e-01 -1.577292382717132568e-01 5.439083576202392578e-01 -5.915809422731399536e-02
-9.112068414688110352e-01 -6.055518612265586853e-02 2.895520925521850586e-01 2.937121689319610596e-01
-4.152028560638427734e-01 -2.686845362186431885e-01 2.082258909940719604e-01 4.710890650749206543e-01
4.089725017547607422e-01 -1.484110206365585327e-01 -2.072894275188446045e-01 2.540687322616577148e-01
6.782103180885314941e-01 1.811838448047637939e-01 -4.646930992603302002e-01 6.683170795440673828e-01
1.919146329164505005e-01 -1.343969702720642090e-01 1.600701361894607544e-01 -5.887035280466079712e-02
6.449949145317077637e-01 4.257483780384063721e-01 -4.486533999443054199e-01 -2.821875512599945068e-01
3.865635991096496582e-01 -5.827554687857627869e-02 -1.439576894044876099e-01 -2.737148292362689972e-02
-6.550430655479431152e-01 7.159148454666137695e-01 6.960496902465820312e-01 -8.666530251502990723e-01
5.160912871360778809e-01 -1.424922607839107513e-03 -2.356962859630584717e-01 -1.345100346952676773e-02
4.986270666122436523e-01 -1.501647830009460449e-01 -6.419136524200439453e-01 6.617065668106079102e-01
2.287855297327041626e-01 -1.575496345758438110e-01 -6.076707318425178528e-02 2.041975557804107666e-01
4.140870571136474609e-01 -3.173808157444000244e-01 2.382176518440246582e-01 1.965984851121902466e-01
-2.387133240699768066e-01 2.004409283399581909e-01 2.047799229621887207e-01 7.308889646083116531e-03
7.216243743896484375e-01 3.820062279701232910e-01 -5.542492866516113281e-01 -3.867824971675872803e-01
5.065596103668212891e-01 -4.129032194614410400e-01 1.104347854852676392e-01 -1.669783145189285278e-01
-7.883467674255371094e-01 -8.563345670700073242e-01 5.098646879196166992e-01 -3.649456892162561417e-03
1.485767662525177002e-01 -2.021569311618804932e-01 -1.713334172964096069e-01 -4.413615167140960693e-01
-3.504009544849395752e-01 -2.278136461973190308e-01 -9.903766214847564697e-02 7.903152704238891602e-02
3.738936409354209900e-02 1.133924052119255066e-01 -1.031908616423606873e-01 8.683323115110397339e-02
2.908937036991119385e-01 2.413862645626068115e-01 -6.119012250564992428e-04 1.731416732072830200e-01
3.147643506526947021e-01 -6.044137477874755859e-02 -1.910904347896575928e-01 8.004976809024810791e-02
-9.266238808631896973e-01 7.047818899154663086e-01 5.553954243659973145e-01 -9.078415632247924805e-01
6.700634956359863281e-02 -2.639318406581878662e-01 2.630594968795776367e-01 -8.395875245332717896e-02
3.588181138038635254e-01 4.284154474735260010e-01 1.470965892076492310e-01 -3.224891126155853271e-01
4.736861586570739746e-01 -7.830188274383544922e-01 4.956134855747222900e-01 -4.104623496532440186e-01
-7.137030959129333496e-01 -6.859473586082458496e-01 -1.341093778610229492e-01 -5.147135257720947266e-01
2.909727990627288818e-01 8.088174276053905487e-03 1.228147447109222412e-01 -5.338214710354804993e-02
3.016830384731292725e-01 -2.139736339449882507e-02 -2.810480892658233643e-01 6.193876639008522034e-02
7.811691761016845703e-01 1.848106980323791504e-01 -4.103049039840698242e-01 -4.539341628551483154e-01
-1.275595426559448242e-01 -6.588936597108840942e-02 8.313583210110664368e-03 7.704444229602813721e-02
-4.290664792060852051e-01 -4.608507454395294189e-01 2.999527454376220703e-01 -3.895879387855529785e-01
1.821120381355285645e-01 -7.805429399013519287e-02 2.040957659482955933e-01 2.579575479030609131e-01
5.820100307464599609e-01 -1.657986193895339966e-01 -2.784662544727325439e-01 3.795266747474670410e-01
-2.523351311683654785e-01 1.861343532800674438e-01 7.215671986341476440e-02 5.855149775743484497e-02
-3.304559290409088135e-01 -6.565672159194946289e-02 7.788027077913284302e-02 -1.041740551590919495e-01
1.040216237306594849e-01 -4.677091911435127258e-02 -3.849697858095169067e-02 -1.171716898679733276e-01
-9.081362187862396240e-02 -7.925326377153396606e-02 4.652212262153625488e-01 -5.414834991097450256e-02
3.668503165245056152e-01 2.492678463459014893e-01 -4.293453395366668701e-01 5.478823781013488770e-01
8.224629163742065430e-01 -1.533036231994628906e-01 -1.854365766048431396e-01 1.800946444272994995e-01
2.863464653491973877e-01 1.133183836936950684e-01 3.459545075893402100e-01 -1.370391901582479477e-02
3.793148398399353027e-01 5.552071928977966309e-01 1.325107216835021973e-01 -1.232040598988533020e-01
-3.976246714591979980e-01 -3.543765842914581299e-01 -4.737176001071929932e-01 -3.168089389801025391e-01
-1.814115941524505615e-01 2.012531012296676636e-01 6.021253764629364014e-02 1.201540306210517883e-01
1.236490979790687561e-01 -3.516053259372711182e-01 9.911108762025833130e-03 1.151301413774490356e-01
8.738027513027191162e-02 9.234260022640228271e-02 -3.785683587193489075e-02 -2.194758737459778786e-03
5.593796446919441223e-02 3.147765994071960449e-02 -4.307890534400939941e-01 2.664676308631896973e-01
-3.090038299560546875e-01 -2.627689838409423828e-01 4.490984976291656494e-01 -2.266462743282318115e-01
9.330261945724487305e-01 -1.654314845800399780e-01 9.790699481964111328e-01 2.213194221258163452e-01
-6.394108384847640991e-02 8.335638791322708130e-02 5.550263524055480957e-01 -2.861207351088523865e-02
3.399300575256347656e-01 -1.589788943529129028e-01 5.300829652696847916e-03 6.844637542963027954e-02
-3.010409176349639893e-01 -1.426776349544525146e-01 6.341900825500488281e-01 -2.591587603092193604e-01
3.158639073371887207e-01 -9.326675534248352051e-01 6.105109453201293945e-01 9.465115070343017578e-01
-6.911049783229827881e-02 -3.036268800497055054e-02 -1.939723640680313110e-01 -1.631532423198223114e-02
-5.050339102745056152e-01 1.205798462033271790e-01 3.766079843044281006e-01 -6.443881243467330933e-02
-2.469593137502670288e-01 1.738301217555999756e-01 2.245277613401412964e-01 7.371162623167037964e-02
4.636779129505157471e-01 2.267056703567504883e-01 -3.436522185802459717e-01 -2.781282961368560791e-01
2.342856377363204956e-01 -9.866779446601867676e-01 -3.341006040573120117e-01 4.667979776859283447e-01
-8.478225022554397583e-02 5.800016522407531738e-01 -9.481127858161926270e-01 6.817923188209533691e-01
-5.139656662940979004e-01 -3.920401930809020996e-01 -4.504028558731079102e-01 -9.177806377410888672e-01
1.446008682250976562e-04 2.608434669673442841e-02 -3.966567665338516235e-02 -1.766683012247085571e-01
3.508498147130012512e-02 7.915295660495758057e-02 -7.106374949216842651e-02 1.003022417426109314e-01
1.882037222385406494e-01 1.462458516471087933e-03 -1.577849239110946655e-01 -3.688628226518630981e-02
-1.768340617418289185e-01 6.036705151200294495e-02 1.145722791552543640e-01 -4.250612258911132812e-01
-2.706079483032226562e-01 7.758599519729614258e-01 -5.482118129730224609e-01 3.523772656917572021e-01
-2.795521020889282227e-01 -3.452984690666198730e-01 1.579481810331344604e-01 -7.429613918066024780e-02
4.252455234527587891e-01 3.262099027633666992e-01 -1.355604380369186401e-01 -4.006541967391967773e-01
-7.064220905303955078e-01 -2.492072433233261108e-01 4.696496725082397461e-01 1.510180439800024033e-02
1.817550659179687500e-01 1.665175259113311768e-01 -3.250905573368072510e-01 3.056062944233417511e-02
-1.395692527294158936e-01 1.231236383318901062e-01 -2.605271711945533752e-02 -4.303620755672454834e-02
-8.741768002510070801e-01 -5.582371950149536133e-01 -2.488915324211120605e-01 -3.303109481930732727e-02
-4.545227289199829102e-01 7.256864337250590324e-04 3.209611177444458008e-01 2.969020977616310120e-02
7.602584362030029297e-02 5.774059295654296875e-01 -3.306233882904052734e-01 2.730040252208709717e-01
7.223957180976867676e-01 5.453415960073471069e-02 -4.709233939647674561e-01 -5.510495901107788086e-01
-6.585791110992431641e-01 -4.336505532264709473e-01 -2.370589971542358398e-01 6.415256112813949585e-02
1.323821246623992920e-01 -2.862144112586975098e-01 2.201094180345535278e-01 3.506426513195037842e-02
-1.739877760410308838e-01 -5.979251489043235779e-02 -2.711805328726768494e-02 -5.913674831390380859e-02
-3.445655405521392822e-01 -1.044852286577224731e-01 3.823955059051513672e-01 -1.701192855834960938e-01
-1.732660681009292603e-01 -6.825487315654754639e-02 4.110945761203765869e-01 -3.891885578632354736e-01
6.470640897750854492e-01 -5.638135075569152832e-01 -3.894142806529998779e-01 -2.198408991098403931e-01
-1.472727954387664795e-01 8.777638524770736694e-02 2.297983318567276001e-01 3.702145814895629883e-02
3.312814049422740936e-03 1.339140906929969788e-02 4.560767486691474915e-02 5.588234867900609970e-03
1.058791354298591614e-01 -2.239454388618469238e-01 -4.950622618198394775e-01 -9.630112648010253906e-01
-3.893253803253173828e-01 -4.726795256137847900e-01 9.172702431678771973e-01 2.336350828409194946e-01
-4.205569326877593994e-01 9.243112802505493164e-02 1.283099353313446045e-01 1.012235209345817566e-01
-3.829140961170196533e-01 -1.762104630470275879e-01 5.330896750092506409e-02 4.296725243330001831e-02
-8.254042863845825195e-01 4.214386641979217529e-01 3.021404147148132324e-01 5.492056608200073242e-01
-4.501687586307525635e-01 1.000320091843605042e-01 6.865475326776504517e-02 9.890717267990112305e-02
-6.843707561492919922e-01 5.316549539566040039e-01 8.383213877677917480e-01 -5.661388635635375977e-01
5.302355885505676270e-01 -2.447031624615192413e-02 -2.971647679805755615e-01 -3.247978985309600830e-01
6.948798894882202148e-01 -5.224427580833435059e-01 -3.047410845756530762e-01 -1.942630559206008911e-01
-1.401020437479019165e-01 -4.200066924095153809e-01 1.706704497337341309e-01 -1.326424479484558105e-01
4.289121627807617188e-01 -8.804484605789184570e-01 -6.176176667213439941e-01 -1.107795611023902893e-01
-6.314424425363540649e-02 8.353598117828369141e-01 5.796979069709777832e-01 7.933998703956604004e-01
-6.261513829231262207e-01 -4.535800218582153320e-01 1.044207587838172913e-01 9.886151179671287537e-03
3.884352445602416992e-01 6.953546404838562012e-02 -2.486374974250793457e-02 -1.321905106306076050e-01
1.640442460775375366e-01 -7.287932932376861572e-02 -9.645334631204605103e-02 -4.945389181375503540e-02
5.416876636445522308e-03 9.473242610692977905e-02 1.832956820726394653e-01 -1.766337603330612183e-01
4.195134937763214111e-01 1.159546971321105957e-01 -4.117401540279388428e-01 -1.816690713167190552e-01
-1.774407476186752319e-01 6.722642481327056885e-02 2.136215567588806152e-01 -3.202784061431884766e-01
-8.423412442207336426e-01 2.233292460441589355e-01 4.805859327316284180e-01 5.781232714653015137e-01
-2.793523371219635010e-01 -2.798549532890319824e-01 5.487543344497680664e-01 1.564888209104537964e-01
-6.577525138854980469e-01 5.509275794029235840e-01 4.628633856773376465e-01 -3.841572403907775879e-01
-7.231252193450927734e-01 9.905848652124404907e-03 5.669299960136413574e-01 4.411229789257049561e-01
9.929752349853515625e-02 5.096721053123474121e-01 -2.313157021999359131e-01 2.040822803974151611e-01
-9.539487957954406738e-02 -1.693379431962966919e-01 -2.912334501743316650e-01 1.415200233459472656e-01
5.052990317344665527e-01 -3.684578835964202881e-01 -1.375966966152191162e-01 -2.979269716888666153e-03
-3.979423344135284424e-01 1.858257353305816650e-01 2.955027520656585693e-01 8.971863389015197754e-01
-8.503829240798950195e-01 -3.937280774116516113e-01 2.221499234437942505e-01 -2.355105429887771606e-01
4.682008922100067139e-01 3.646128773689270020e-01 -4.179101586341857910e-01 4.759216010570526123e-01
-2.886438667774200439e-01 2.010625302791595459e-01 1.052426919341087341e-01 -1.692761182785034180e-01
-5.221772789955139160e-01 1.991337835788726807e-01 3.488313257694244385e-01 -9.058064967393875122e-02
2.305315136909484863e-01 6.497011184692382812e-01 2.365232855081558228e-01 1.024270281195640564e-01
-4.227381646633148193e-01 1.734798401594161987e-01 4.786415100097656250e-01 -2.994779646396636963e-01
-7.785720825195312500e-01 -7.360686659812927246e-01 2.532252669334411621e-01 -2.565638422966003418e-01
6.392360329627990723e-01 -2.459144890308380127e-01 -5.890352725982666016e-01 -1.188487634062767029e-01
-5.631623268127441406e-01 4.183555841445922852e-01 4.237058758735656738e-01 -2.328080534934997559e-01
-7.602043747901916504e-01 2.240648716688156128e-01 2.198134511709213257e-01 2.163139581680297852e-01
-5.812414884567260742e-01 2.447865456342697144e-01 1.978254467248916626e-01 5.130739212036132812e-01
-3.156507015228271484e-01 -5.790258198976516724e-02 2.971438765525817871e-01 -2.818934619426727295e-03
-2.521028369665145874e-02 9.808629155158996582e-01 5.654923319816589355e-01 6.074802279472351074e-01
2.831825911998748779e-01 -8.357729762792587280e-02 5.932817980647087097e-02 -2.487747371196746826e-01
4.602468311786651611e-01 4.884374886751174927e-02 -2.541743218898773193e-01 -1.374513208866119385e-01
2.933307886123657227e-01 -4.095610603690147400e-02 -6.617439538240432739e-02 -2.169161476194858551e-02
7.175281047821044922e-01 -5.478150844573974609e-01 1.158435046672821045e-01 -2.275785505771636963e-01
7.101840376853942871e-01 -2.928611934185028076e-01 2.100696414709091187e-01 6.512352824211120605e-02
4.862237870693206787e-01 4.572826921939849854e-01 5.719740390777587891e-01 -6.109480261802673340e-01
1.441057175397872925e-01 -1.102194283157587051e-02 -4.658037796616554260e-02 -4.350834339857101440e-02
-1.254327893257141113e-01 2.071173787117004395e-01 3.852386474609375000e-01 -4.490745961666107178e-01
6.279310584068298340e-01 -1.401335000991821289e-01 5.496844053268432617e-01 1.944655179977416992e-01
7.706367373466491699e-01 -2.800176441669464111e-01 -3.348035514354705811e-01 -7.076354622840881348e-01
3.239699602127075195e-01 1.554214060306549072e-01 -4.422696828842163086e-01 6.289710402488708496e-01
-3.567473292350769043e-01 3.128113448619842529e-01 8.788670897483825684e-01 -2.365939617156982422e-01
5.931650400161743164e-01 -5.105146169662475586e-01 2.066837698221206665e-01 2.879364490509033203e-01
-3.458787798881530762e-01 4.888901486992835999e-02 -5.144211053848266602e-01 -1.556850075721740723e-01
1.454835981130599976e-01 2.403996735811233521e-01 1.431004554033279419e-01 3.784636035561561584e-02
-1.852846741676330566e-01 1.004686504602432251e-01 1.136532276868820190e-01 1.367243528366088867e-01
1.448503285646438599e-01 -4.776464402675628662e-02 -1.555204205214977264e-02 -3.596994280815124512e-01
-7.349471449851989746e-01 2.547472715377807617e-01 4.559785723686218262e-01 3.921032845973968506e-01
3.729662001132965088e-01 -1.622874736785888672e-01 -5.299343541264533997e-02 9.829697012901306152e-02
-3.823108971118927002e-02 8.739612251520156860e-02 -1.760095804929733276e-01 5.067042112350463867e-01
2.471450865268707275e-01 -9.802892804145812988e-01 -8.291728496551513672e-01 -1.735743582248687744e-01
-5.982706546783447266e-01 -4.739550948143005371e-01 4.748698174953460693e-01 -4.866656959056854248e-01
-6.924008727073669434e-01 -7.201733589172363281e-01 1.865524053573608398e-01 -1.080729365348815918e-01
6.165233254432678223e-02 4.114378243684768677e-02 -2.549666464328765869e-01 6.759659852832555771e-03
6.064102053642272949e-03 -5.460484623908996582e-01 -6.268975734710693359e-01 -1.346811801195144653e-01
6.216237545013427734e-01 -1.104119233787059784e-02 3.129345774650573730e-01 -2.334867604076862335e-02
6.853205561637878418e-01 6.268259286880493164e-01 -1.693759262561798096e-01 3.277907073497772217e-01
1.997674554586410522e-01 4.616461396217346191e-01 -2.688216269016265869e-01 8.773148804903030396e-02
-5.926131606101989746e-01 -8.331728577613830566e-01 4.577395617961883545e-01 -3.138299286365509033e-01
7.757963538169860840e-01 -7.115474343299865723e-01 1.233252976089715958e-02 -4.187843799591064453e-01
-7.688277363777160645e-01 -7.767407894134521484e-01 3.342533111572265625e-02 -2.837723493576049805e-01
9.028388559818267822e-02 3.511633276939392090e-01 -5.851630568504333496e-01 2.655765712261199951e-01
-2.562839388847351074e-01 -1.036521047353744507e-01 -5.232423916459083557e-02 7.213522493839263916e-02
4.344965815544128418e-01 -7.994973659515380859e-01 -6.751745343208312988e-01 -3.202147781848907471e-01
8.588086962699890137e-01 1.022559851408004761e-01 -2.091224193572998047e-01 -4.796767234802246094e-01
1.927473768591880798e-02 -1.247627064585685730e-01 1.940209269523620605e-01 -2.753109931945800781e-01
-5.848006010055541992e-01 -3.577243164181709290e-02 8.882753551006317139e-02 -2.917786836624145508e-01
-3.549668490886688232e-01 1.142506077885627747e-01 1.839862763881683350e-01 3.780350834131240845e-02
-6.249979138374328613e-01 3.602476790547370911e-02 1.902993619441986084e-01 7.669242471456527710e-02
-3.928580880165100098e-01 -1.446372717618942261e-01 3.512400686740875244e-01 -1.918372660875320435e-01
2.145446836948394775e-02 -4.293892066925764084e-03 -1.312240958213806152e-01 -3.703458607196807861e-01
-5.597502589225769043e-01 -2.825995981693267822e-01 2.238405942916870117e-01 -1.766753643751144409e-01
5.566154792904853821e-02 -3.649722784757614136e-02 -2.787451818585395813e-02 7.389070838689804077e-02
-7.237216085195541382e-02 6.233430504798889160e-01 1.955837756395339966e-01 1.132475435733795166e-01
-7.069295048713684082e-01 3.548367023468017578e-01 1.641430258750915527e-01 3.302674591541290283e-01
-6.117656230926513672e-01 -6.207766532897949219e-01 -4.890800714492797852e-01 1.939329206943511963e-01
6.633132696151733398e-01 -5.099641680717468262e-01 3.163664415478706360e-02 -1.960783749818801880e-01
-9.005269408226013184e-02 1.563045829534530640e-01 6.584166884422302246e-01 4.452074766159057617e-01
-2.722005546092987061e-01 7.828160375356674194e-02 2.502097487449645996e-01 1.315436810255050659e-01
2.187037765979766846e-01 1.705913394689559937e-01 9.236907586455345154e-03 9.675429016351699829e-02
-4.279420971870422363e-01 -2.578505575656890869e-01 5.003046393394470215e-01 -3.087199330329895020e-01
4.347852766513824463e-01 2.470346726477146149e-02 -3.918681144714355469e-01 4.661971330642700195e-01
-9.671451151371002197e-02 -4.036146104335784912e-01 -4.345703125000000000e-01 -3.766518784686923027e-03
1.937711238861083984e-01 5.623065233230590820e-01 6.576129794120788574e-01 -2.997547388076782227e-01
1.836131364107131958e-01 1.859755814075469971e-01 -9.019070304930210114e-03 -4.429325088858604431e-02
-4.464756250381469727e-01 5.832129158079624176e-03 1.832473576068878174e-01 -2.607838995754718781e-02
2.128383219242095947e-01 5.769359692931175232e-02 5.551121830940246582e-01 -2.261217981576919556e-01
-3.473724126815795898e-01 9.390567988157272339e-02 2.875402867794036865e-01 -1.133047696202993393e-02
-5.764634013175964355e-01 4.531522393226623535e-01 3.608688013628125191e-03 -3.715062141418457031e-02
-8.887265622615814209e-02 1.047340929508209229e-01 -6.384065002202987671e-02 -2.066353894770145416e-02
4.115075767040252686e-01 4.225701987743377686e-01 -3.331592381000518799e-01 4.322895109653472900e-01
-1.931415288709104061e-03 2.462960332632064819e-01 5.496262907981872559e-01 3.146703839302062988e-01
-7.535260915756225586e-01 -3.015460669994354248e-01 3.277224600315093994e-01 -1.171052902936935425e-01
3.772879838943481445e-01 2.243726328015327454e-02 -4.879826307296752930e-01 -2.986439764499664307e-01
-6.379381418228149414e-01 -1.416295915842056274e-01 4.036856293678283691e-01 -6.362584233283996582e-02
1.235191449522972107e-01 -1.818614602088928223e-01 -1.909435391426086426e-01 2.459832578897476196e-01
8.196408860385417938e-03 4.524644091725349426e-02 -4.317946732044219971e-02 1.028613299131393433e-01
3.128487169742584229e-01 8.577002212405204773e-03 3.251509070396423340e-01 4.380994439125061035e-01
-1.856898069381713867e-01 1.546307280659675598e-02 1.101365610957145691e-01 7.073146849870681763e-02
-4.766193628311157227e-01 -4.119420945644378662e-01 -3.420615494251251221e-01 1.677436195313930511e-02
5.601481199264526367e-01 5.490640401840209961e-01 -1.852109842002391815e-02 3.990199267864227295e-01
4.700186550617218018e-01 3.575955927371978760e-01 -1.432064026594161987e-01 -3.414998948574066162e-01
5.881366729736328125e-01 1.421461254358291626e-01 4.796981520485132933e-04 4.781305193901062012e-01
4.993571639060974121e-01 4.317885339260101318e-01 -5.449434369802474976e-02 1.518103480339050293e-01
-2.987840175628662109e-01 6.472843885421752930e-02 1.421996802091598511e-01 5.513851717114448547e-02
-4.078738093376159668e-01 -6.312291026115417480e-01 -1.860643029212951660e-01 -5.209019184112548828e-01
-2.900392115116119385e-01 9.301765561103820801e-01 3.951549530029296875e-01 -7.057537436485290527e-01
-1.911801397800445557e-01 6.187569499015808105e-01 7.223333716392517090e-01 -2.639676928520202637e-01
3.151189386844635010e-01 -3.644448891282081604e-02 -4.621144756674766541e-02 2.634836137294769287e-01
4.014376699924468994e-01 -9.620202332735061646e-02 -4.139358401298522949e-01 2.580403536558151245e-02
-5.824432969093322754e-01 2.758045494556427002e-01 4.922841191291809082e-01 -4.229583144187927246e-01
5.624089837074279785e-01 -7.005450874567031860e-02 2.177204936742782593e-01 3.822442144155502319e-02
7.030526995658874512e-01 -3.545643389225006104e-01 1.542921066284179688e-01 4.079056158661842346e-02
3.627115115523338318e-02 4.272278770804405212e-02 -3.000732064247131348e-01 -4.402507841587066650e-02
-3.322830796241760254e-01 -4.499803856015205383e-02 8.901561051607131958e-02 5.534578487277030945e-02
-5.248222947120666504e-01 -8.436380326747894287e-02 4.547271132469177246e-01 4.047826230525970459e-01
-4.975446462631225586e-01 3.651612997055053711e-01 6.421773433685302734e-01 -6.292088031768798828e-01
-6.813927888870239258e-01 -8.276454806327819824e-01 6.476621031761169434e-01 -1.520989239215850830e-01
4.212134480476379395e-01 -2.990480363368988037e-01 -2.686358690261840820e-01 5.889650583267211914e-01
-1.866923421621322632e-01 -3.007775843143463135e-01 6.898643970489501953e-01 -1.724306866526603699e-02
4.441120922565460205e-01 6.650217771530151367e-01 8.175379037857055664e-01 -5.706650018692016602e-01
-9.159030914306640625e-01 4.004304707050323486e-01 2.410607784986495972e-01 9.191625714302062988e-01
1.518367826938629150e-01 1.962402164936065674e-01 -6.440448760986328125e-01 -1.263465434312820435e-01
-8.727303147315979004e-01 5.153995156288146973e-01 -4.132691919803619385e-01 -4.746795073151588440e-02
-9.341976642608642578e-01 -2.917748875916004181e-02 -1.351447030901908875e-02 5.014624595642089844e-01
-6.762759294360876083e-03 -2.163744717836380005e-01 4.419640451669692993e-02 -4.034361243247985840e-01
3.340611159801483154e-01 8.844243288040161133e-01 3.310492336750030518e-01 9.649608731269836426e-01
-2.679840624332427979e-01 -1.781194210052490234e-01 7.199228405952453613e-01 -1.508896052837371826e-01
5.957223176956176758e-01 5.573770403861999512e-01 -5.593778491020202637e-01 -2.481644749641418457e-01
8.402140140533447266e-01 5.434511303901672363e-01 -2.782913744449615479e-01 5.295042991638183594e-01
-7.825710773468017578e-01 -5.555598139762878418e-01 -2.277381345629692078e-02 1.595526486635208130e-01
-1.673694401979446411e-01 -2.396910488605499268e-01 8.172162175178527832e-01 -3.468090891838073730e-01
1.387507170438766479e-01 1.123755201697349548e-01 -2.390230447053909302e-01 3.895801678299903870e-02
3.022096455097198486e-01 2.201965302228927612e-01 -5.924751982092857361e-02 4.191147536039352417e-02
8.747232556343078613e-01 -7.251297831535339355e-01 1.257874220609664917e-01 2.711037099361419678e-01
2.380027621984481812e-01 3.814697265625000000e-06 -8.517321199178695679e-02 1.006957888603210449e-01
-7.634268999099731445e-01 -1.064564287662506104e-02 8.419601917266845703e-01 -2.239015996456146240e-01
-2.810125648975372314e-01 -2.569842934608459473e-01 -6.139320135116577148e-02 3.404395654797554016e-02
-4.241660833358764648e-01 5.127179622650146484e-01 5.013023018836975098e-01 -5.868773460388183594e-01
8.181577920913696289e-01 5.439415574073791504e-01 7.942903041839599609e-01 -9.873192310333251953e-01
8.891772031784057617e-01 -8.034976720809936523e-01 -5.841511487960815430e-02 1.262604445219039917e-01
-1.805237978696823120e-01 -3.566454350948333740e-01 -2.008989453315734863e-01 -1.995623409748077393e-01
1.344447284936904907e-01 1.948381066322326660e-01 -1.525219678878784180e-01 -3.468397259712219238e-02
7.808060646057128906e-01 8.555177450180053711e-01 4.728496968746185303e-01 3.909976780414581299e-01
6.327121853828430176e-01 4.904856681823730469e-01 -2.699904739856719971e-01 1.548760086297988892e-01
-2.605312764644622803e-01 -7.869578897953033447e-02 1.145819202065467834e-01 -1.155658140778541565e-01
4.686646163463592529e-01 -4.001583456993103027e-01 -6.764861196279525757e-02 -3.876398205757141113e-01
-2.165551036596298218e-01 6.167202815413475037e-02 5.850623250007629395e-01 -7.028896361589431763e-02
-1.634553670883178711e-01 -3.219801485538482666e-01 3.814661800861358643e-01 -3.067513704299926758e-01
-8.451884984970092773e-02 -1.011590436100959778e-01 -3.129335641860961914e-01 -8.936333656311035156e-01
-1.252418607473373413e-01 -7.591016590595245361e-02 -1.532159000635147095e-01 1.258128732442855835e-01
4.950714707374572754e-01 1.139152720570564270e-01 -1.883687227964401245e-01 -1.419024765491485596e-01
-6.101810336112976074e-01 -4.805377498269081116e-02 2.616506516933441162e-01 1.144462749361991882e-01
3.210597112774848938e-02 5.632828921079635620e-02 3.652246668934822083e-02 4.474431276321411133e-03
9.382890164852142334e-02 1.423769351094961166e-02 -3.810506546869874001e-03 6.228385120630264282e-02
6.317296028137207031e-01 5.525079965591430664e-01 -4.759813100099563599e-02 2.008851617574691772e-01
5.371454954147338867e-01 -9.760947525501251221e-02 -1.574502438306808472e-01 4.548000097274780273e-01
-1.150125116109848022e-01 -9.610711783170700073e-02 5.002091638743877411e-03 1.417178381234407425e-02
-7.706012725830078125e-01 4.248012900352478027e-01 6.599338650703430176e-01 4.312475919723510742e-01
8.163501024246215820e-01 7.461601495742797852e-02 1.043932288885116577e-01 -2.561664283275604248e-01
2.080772966146469116e-01 -1.812605187296867371e-02 3.530155494809150696e-02 -8.308701962232589722e-02
9.130092263221740723e-01 -8.163042068481445312e-01 4.023033082485198975e-01 2.820484340190887451e-03
3.848908245563507080e-01 -1.192215178161859512e-02 -2.736176550388336182e-01 3.700910508632659912e-01
-4.401091337203979492e-01 -1.685903072357177734e-01 1.015268564224243164e-01 1.454211324453353882e-01
-4.577546939253807068e-02 -1.222926974296569824e-01 6.555488705635070801e-02 -1.887547969818115234e-01
-1.839622855186462402e-01 -2.267577499151229858e-01 9.747200459241867065e-02 -3.776183426380157471e-01
-6.821718811988830566e-01 6.999128311872482300e-02 1.167962104082107544e-01 2.585772275924682617e-01
8.734837770462036133e-01 6.076910495758056641e-01 -2.249938696622848511e-01 -7.383450269699096680e-01
-6.536460667848587036e-02 -2.061690837144851685e-01 -4.435410797595977783e-01 -9.721674770116806030e-02
3.194567859172821045e-01 1.408933661878108978e-03 -7.736854255199432373e-02 2.976885531097650528e-03
4.215609133243560791e-01 2.050854712724685669e-01 -1.670075207948684692e-01 -1.084164753556251526e-01
1.263219118118286133e-01 4.068070948123931885e-01 -5.792244672775268555e-01 8.211103081703186035e-01
-1.993921995162963867e-01 8.532776683568954468e-02 1.602347791194915771e-01 3.187859058380126953e-01
1.894402801990509033e-01 1.828929781913757324e-01 4.723732173442840576e-02 1.369103491306304932e-01
4.768138751387596130e-02 6.095243692398071289e-01 3.607034981250762939e-01 3.090474009513854980e-01
9.048514962196350098e-01 -8.477084040641784668e-01 -1.288026273250579834e-01 5.300160050392150879e-01
-6.312314867973327637e-01 -3.832667768001556396e-01 7.815867662429809570e-02 1.052831634879112244e-01
-6.068738102912902832e-01 -9.831957817077636719e-01 7.136881947517395020e-01 -1.515921652317047119e-01
4.294521212577819824e-01 -2.061260193586349487e-01 -1.677979826927185059e-01 2.659740746021270752e-01
-1.762321740388870239e-01 3.834762424230575562e-02 1.269499659538269043e-01 7.576728612184524536e-02
-3.864332437515258789e-01 -2.093676030635833740e-01 7.058817893266677856e-02 -1.980996131896972656e-02
6.847777962684631348e-01 -8.774983882904052734e-01 7.915682792663574219e-01 3.039889037609100342e-01
7.103626728057861328e-01 -5.309880375862121582e-01 -1.741005927324295044e-01 -8.430426567792892456e-02
3.825502991676330566e-01 5.212706327438354492e-01 -4.864962697029113770e-01 4.437882006168365479e-01
-3.486645519733428955e-01 -3.138531930744647980e-03 -3.744227113202214241e-03 1.834538578987121582e-01
-2.593400515615940094e-02 7.189366966485977173e-02 -4.614495113492012024e-02 8.004076778888702393e-02
3.735532760620117188e-01 -6.258171796798706055e-01 -3.353561758995056152e-01 -2.346623539924621582e-01
-3.825385272502899170e-01 1.601785719394683838e-01 7.423796057701110840e-01 -3.805410563945770264e-01
2.671976089477539062e-01 -5.263375863432884216e-02 2.610053308308124542e-02 -2.472552284598350525e-02
1.419683545827865601e-01 -9.986983984708786011e-02 -1.047750040888786316e-01 6.316015124320983887e-02
-8.621210455894470215e-01 4.641037881374359131e-01 2.962140440940856934e-01 3.688794374465942383e-01
-6.219361424446105957e-01 -1.503258943557739258e-02 3.940042853355407715e-01 1.166958510875701904e-01
3.315883688628673553e-03 -2.087303996086120605e-01 5.786400437355041504e-01 -2.053491324186325073e-01
6.500982046127319336e-01 -1.632032915949821472e-02 -2.894579768180847168e-01 6.474573612213134766e-01
-5.060210227966308594e-01 2.640367448329925537e-01 2.466855198144912720e-01 6.010304018855094910e-02
8.384618163108825684e-02 -5.988478078506886959e-04 -9.161300957202911377e-02 1.089370399713516235e-01
3.811120695900171995e-04 1.951019018888473511e-01 -1.039223596453666687e-01 1.207448393106460571e-01
-1.129726916551589966e-01 -9.625353217124938965e-01 -3.101122975349426270e-01 -7.978367805480957031e-01
3.229714334011077881e-01 -2.578043043613433838e-01 -2.731806337833404541e-01 9.073009341955184937e-02
-2.850197851657867432e-01 1.832577958703041077e-02 1.723603606224060059e-01 -3.057331405580043793e-02
1.363150179386138916e-01 -2.864252030849456787e-01 -3.971265256404876709e-01 7.012878656387329102e-01
4.483813345432281494e-01 6.167385727167129517e-02 -1.725478321313858032e-01 -1.960265636444091797e-01
-2.714182436466217041e-01 -1.480764001607894897e-01 -5.848705186508595943e-04 4.328033924102783203e-01
3.975236415863037109e-01 -7.688609417527914047e-03 3.637317940592765808e-02 -1.357126832008361816e-01
2.620913274586200714e-02 1.420369148254394531e-01 -4.443603157997131348e-01 -4.213891625404357910e-01
-1.384779363870620728e-01 -4.029737040400505066e-02 1.961338222026824951e-01 -1.503652241080999374e-02
-2.341269403696060181e-01 3.856265544891357422e-02 2.303853929042816162e-01 9.090979397296905518e-02
-3.156796991825103760e-01 -5.739085376262664795e-02 -9.975829720497131348e-01 -7.253136634826660156e-01
-1.812049746513366699e-01 -7.693915814161300659e-02 1.986862868070602417e-01 7.418692111968994141e-02
-1.140634641051292419e-01 -1.027547046542167664e-01 2.297074720263481140e-02 -7.679430767893791199e-03
2.941335737705230713e-01 5.316330492496490479e-02 -9.931027144193649292e-02 1.747587174177169800e-01
-1.662233471870422363e-01 -9.690277576446533203e-01 -6.233203411102294922e-01 4.693447649478912354e-01
-8.888909220695495605e-02 -2.378300130367279053e-01 -1.806531101465225220e-01 2.887708246707916260e-01
-2.115742266178131104e-01 2.567833662033081055e-01 5.520137548446655273e-01 -7.444711029529571533e-02
6.035461425781250000e-01 2.295714914798736572e-01 -2.553748190402984619e-01 -3.331819176673889160e-01
-7.339766621589660645e-02 -7.577840983867645264e-02 -2.643561661243438721e-01 2.212498039007186890e-01
-5.251573324203491211e-01 -2.320360243320465088e-01 -7.078196406364440918e-01 1.125612929463386536e-01
3.662653267383575439e-01 -3.093531429767608643e-01 -3.102434277534484863e-01 -8.970637619495391846e-02
5.425771474838256836e-01 -5.530658643692731857e-03 -6.664574891328811646e-02 4.849395714700222015e-03
-6.240258216857910156e-01 1.256199777126312256e-01 3.569421768188476562e-01 2.660409547388553619e-02
-1.470868289470672607e-01 -5.673793554306030273e-01 8.446965813636779785e-01 -7.167893648147583008e-01
3.994476199150085449e-01 -2.366338074207305908e-01 -3.305535018444061279e-01 -3.007942438125610352e-01
1.033849865198135376e-01 -3.222303390502929688e-01 -3.209030628204345703e-01 9.356594085693359375e-01
2.085366547107696533e-01 8.468850255012512207e-01 2.844184935092926025e-01 -7.959969043731689453e-01
6.014469861984252930e-01 -7.901778817176818848e-02 -5.945883393287658691e-01 -1.937899440526962280e-01
3.994368910789489746e-01 3.280092477798461914e-01 -9.615247696638107300e-02 -2.688057422637939453e-01
4.405797645449638367e-02 -2.646579742431640625e-01 2.290463000535964966e-01 -6.880243867635726929e-02
3.824294805526733398e-01 -1.226208731532096863e-02 -5.080161243677139282e-02 1.830587908625602722e-02
-1.632262170314788818e-01 -2.723788917064666748e-01 -3.245159089565277100e-01 9.950242936611175537e-02
-4.155301451683044434e-01 4.323224723339080811e-01 -5.906362533569335938e-01 -1.609269902110099792e-02
8.702189326286315918e-01 -1.465802639722824097e-01 -3.344198763370513916e-01 6.667929887771606445e-01
3.091955184936523438e-01 4.870373010635375977e-02 -1.530594974756240845e-01 1.019707396626472473e-01
2.772382497787475586e-01 -1.054248288273811340e-01 -1.676402986049652100e-01 1.611188799142837524e-01
2.943848669528961182e-01 1.883905678987503052e-01 -3.069127909839153290e-02 3.333167731761932373e-02
-2.627740502357482910e-01 9.466251730918884277e-02 4.886654019355773926e-01 2.384968250989913940e-01
-5.723372697830200195e-01 -5.202293992042541504e-01 -2.179929986596107483e-02 -3.579352498054504395e-01
-7.261974811553955078e-01 2.694157324731349945e-02 -2.660689502954483032e-02 2.288224995136260986e-01
2.944051921367645264e-01 9.882565140724182129e-01 -2.623653411865234375e-01 -9.977031946182250977e-01
3.886402547359466553e-01 9.816052317619323730e-01 3.449776768684387207e-01 -1.061674430966377258e-01
1.898913979530334473e-01 -4.784700646996498108e-02 -8.452831953763961792e-02 9.958891198039054871e-03
4.174853265285491943e-01 -2.663277462124824524e-02 2.336347252130508423e-01 -6.241292878985404968e-02
-6.381815671920776367e-01 2.178781628608703613e-01 5.569484233856201172e-01 6.338908672332763672e-01
-1.321501098573207855e-02 2.304535210132598877e-01 2.437248080968856812e-01 -1.029789224267005920e-01
-5.881399512290954590e-01 3.642063736915588379e-01 2.309242784976959229e-01 1.259375959634780884e-01
-4.016097187995910645e-01 -1.923876442015171051e-02 6.847694516181945801e-01 -1.969102770090103149e-01
-4.268637001514434814e-01 -2.727377712726593018e-01 -2.286023832857608795e-02 1.007158234715461731e-01
-4.372030496597290039e-01 1.030480340123176575e-01 -6.958023458719253540e-02 2.708700001239776611e-01
8.081975392997264862e-03 -2.943745581433176994e-03 5.112830549478530884e-02 2.686640620231628418e-02
6.322370767593383789e-01 -2.768510580062866211e-01 2.667080424726009369e-02 2.750968933105468750e-01
-7.536255121231079102e-01 4.789886251091957092e-02 1.656972467899322510e-01 7.801277190446853638e-02
1.135660335421562195e-01 -2.969065308570861816e-01 6.108260154724121094e-01 -2.514596879482269287e-01
3.094447776675224304e-02 -6.355551481246948242e-01 7.915354520082473755e-02 4.268671274185180664e-01
2.689773440361022949e-01 5.309317111968994141e-01 -4.973047375679016113e-01 3.474831283092498779e-01
-7.780932784080505371e-01 -9.117269515991210938e-01 -6.873498857021331787e-02 -6.911088824272155762e-01
-2.424959987401962280e-01 2.126969695091247559e-01 -1.125831604003906250e-01 -7.917765527963638306e-02
-8.416059017181396484e-01 -8.838371187448501587e-02 1.352123022079467773e-01 2.591678500175476074e-01
4.357851445674896240e-01 3.241907060146331787e-01 -3.954761028289794922e-01 8.708463609218597412e-02
-3.618791699409484863e-01 -2.009616941213607788e-01 1.836915165185928345e-01 -6.868702173233032227e-01
1.176915690302848816e-01 1.354092806577682495e-01 -1.189161390066146851e-01 -4.999180138111114502e-02
5.581577420234680176e-01 2.140616029500961304e-01 -9.675437211990356445e-02 -1.762946695089340210e-01
5.551601052284240723e-01 3.891600072383880615e-01 -6.687076389789581299e-02 8.883824199438095093e-02
-4.938423633575439453e-01 4.100438058376312256e-01 4.719067513942718506e-01 -1.783217042684555054e-01
-7.153593301773071289e-01 -1.394114494323730469e-01 5.600385740399360657e-02 5.054318308830261230e-01
2.154166549444198608e-01 1.281638294458389282e-01 3.980256021022796631e-01 -1.307085752487182617e-01
-3.479128479957580566e-01 -3.773466646671295166e-01 8.854653239250183105e-01 2.694244086742401123e-01
6.096355319023132324e-01 -1.549802571535110474e-01 -2.127155810594558716e-01 -3.977732360363006592e-01
-8.469790220260620117e-01 -9.379251301288604736e-02 -3.688793480396270752e-01 1.604571640491485596e-01
-2.707521319389343262e-01 3.743603080511093140e-02 -2.284002006053924561e-01 3.948724567890167236e-01
6.591470241546630859e-01 5.502637624740600586e-01 7.524537444114685059e-01 -7.638385891914367676e-01
1.189938653260469437e-02 5.168503522872924805e-01 4.041961729526519775e-01 5.514506697654724121e-01
5.397468209266662598e-01 4.162510037422180176e-01 -5.758607015013694763e-02 -4.531044512987136841e-02
8.968911319971084595e-02 -9.187560677528381348e-01 -7.717517018318176270e-01 -8.384636640548706055e-01
-3.107754886150360107e-01 -5.225859880447387695e-01 8.104801177978515625e-01 -7.763384580612182617e-01
-2.645662724971771240e-01 -8.466928452253341675e-02 6.249493360519409180e-01 1.486459225416183472e-01
-1.608212739229202271e-01 9.091021418571472168e-01 3.449672758579254150e-01 -7.072976231575012207e-01
4.412350058555603027e-01 1.660595089197158813e-02 -1.542854029685258865e-02 -8.575141429901123047e-02
5.445401072502136230e-01 5.579822659492492676e-01 -4.893434047698974609e-01 5.105853676795959473e-01
2.258729338645935059e-01 -2.693799883127212524e-02 -4.246405661106109619e-01 3.891652822494506836e-01
3.261573314666748047e-01 6.158714741468429565e-02 -3.345158696174621582e-02 -6.152597442269325256e-02
-7.355248928070068359e-01 -7.228521108627319336e-01 5.411589145660400391e-01 -6.823009848594665527e-01
7.768483757972717285e-01 -9.739409685134887695e-01 4.008424282073974609e-02 -6.064417362213134766e-01
5.954695940017700195e-01 2.279839664697647095e-01 -3.300929069519042969e-01 -2.977167665958404541e-01
1.659953892230987549e-01 7.984438911080360413e-03 5.175714939832687378e-02 -1.166880875825881958e-01
3.301886618137359619e-01 2.070096731185913086e-01 -3.628937900066375732e-01 8.670523166656494141e-01
9.962966293096542358e-02 -8.704712986946105957e-02 1.128268763422966003e-01 1.636988967657089233e-01
-1.803109049797058105e-01 2.155926823616027832e-01 3.726204335689544678e-01 -4.715696871280670166e-01
2.654850482940673828e-01 1.393492668867111206e-01 3.461398780345916748e-01 -2.190990187227725983e-02
-6.541897356510162354e-02 3.280098736286163330e-01 -5.342426896095275879e-01 -1.613060534000396729e-01
-2.385206669569015503e-01 1.512483600527048111e-02 7.191186398267745972e-02 -5.803077667951583862e-02
-8.725031614303588867e-01 8.153524398803710938e-01 -1.416321694850921631e-01 -7.334164381027221680e-01
3.841704130172729492e-01 9.096857309341430664e-01 -5.488710403442382812e-01 6.781444549560546875e-01
-5.387279987335205078e-01 4.472957253456115723e-01 -6.424340605735778809e-02 -4.991217851638793945e-01
-1.872412711381912231e-01 -1.329484730958938599e-01 1.656616479158401489e-01 1.761711835861206055e-01
2.898694872856140137e-01 -2.057994902133941650e-02 -1.021203845739364624e-01 -1.641578972339630127e-02
2.343985289335250854e-01 -1.123041380196809769e-02 -8.074677735567092896e-02 2.240878716111183167e-02
-5.865186452865600586e-01 1.662366390228271484e-01 3.979237079620361328e-01 2.460096329450607300e-01
8.783374428749084473e-01 -4.649381339550018311e-01 7.125915586948394775e-02 2.177475690841674805e-01
5.086593627929687500e-01 -4.216583967208862305e-01 -4.531721174716949463e-01 -1.128911897540092468e-01
-8.452197909355163574e-01 -7.113904953002929688e-01 -8.746243268251419067e-02 4.430026747286319733e-03
-1.846586018800735474e-01 -4.185256734490394592e-02 8.377357572317123413e-02 1.102507337927818298e-01
3.651181161403656006e-01 -2.330388277769088745e-01 -6.851258128881454468e-02 -8.701885491609573364e-02
6.967204809188842773e-01 -1.193313002586364746e-01 -1.824810653924942017e-01 -3.116864562034606934e-01
-1.128831282258033752e-01 2.930240631103515625e-01 4.707444310188293457e-01 4.126777350902557373e-01
4.553819298744201660e-01 5.897860601544380188e-02 -2.028524577617645264e-01 -9.012685716152191162e-02
7.683439552783966064e-02 -5.912780179642140865e-04 5.692793428897857666e-02 1.866958104074001312e-02
4.591436088085174561e-01 1.117707416415214539e-02 -5.676832199096679688e-01 6.973536014556884766e-01
-2.285338193178176880e-01 -8.309222757816314697e-02 3.280740678310394287e-01 1.212358400225639343e-01
5.112081170082092285e-01 1.686045154929161072e-02 -2.151848077774047852e-01 -1.845341771841049194e-01
2.115233838558197021e-01 4.891899526119232178e-01 -3.798198997974395752e-01 3.554852306842803955e-01
-5.630204081535339355e-01 1.464215666055679321e-01 3.055321276187896729e-01 -2.218247950077056885e-01
3.971156105399131775e-02 -4.251741170883178711e-01 1.445840001106262207e-01 9.397778660058975220e-02
1.243553459644317627e-01 6.517365574836730957e-01 -3.933163583278656006e-01 5.542383193969726562e-01
-9.068025648593902588e-02 -4.513556510210037231e-02 -1.409662961959838867e-01 2.497678063809871674e-02
-9.351742863655090332e-01 -4.968952238559722900e-01 -9.667766839265823364e-02 2.470936328172683716e-01
1.661855578422546387e-01 -1.882937550544738770e-01 -6.428309679031372070e-01 5.751406773924827576e-02
2.465884983539581299e-01 -2.280418016016483307e-02 -1.552325952798128128e-02 -6.614111829549074173e-03
-6.639779359102249146e-02 -2.787475660443305969e-02 1.066679581999778748e-01 -1.650692373514175415e-01
-5.022944137454032898e-02 -8.543760515749454498e-03 7.782825827598571777e-02 1.543172914534807205e-02
2.724280357360839844e-01 -4.775483161211013794e-02 -1.017384529113769531e-01 -2.527163736522197723e-02
-7.627139091491699219e-01 -4.657460749149322510e-02 8.398298025131225586e-01 -2.110858112573623657e-01
-2.333151549100875854e-01 -7.207984477281570435e-02 1.331710219383239746e-01 -9.121196717023849487e-02
-6.947032809257507324e-01 5.980832576751708984e-01 -8.141873031854629517e-02 -8.344277143478393555e-01
-5.206346511840820312e-01 -3.788313865661621094e-01 1.343477517366409302e-01 -2.189702391624450684e-01
3.832050561904907227e-01 1.775687560439109802e-02 -1.354743242263793945e-01 -1.826358288526535034e-01
-2.629686892032623291e-01 -5.163192152976989746e-01 -3.259700536727905273e-01 -6.553494185209274292e-02
4.702164232730865479e-01 4.045148491859436035e-01 -8.822060376405715942e-02 -2.014991827309131622e-03
2.584968805313110352e-01 5.448709428310394287e-02 6.846876144409179688e-01 9.911114722490310669e-02
-3.936934173107147217e-01 -4.501820355653762817e-02 7.419987767934799194e-02 1.156202703714370728e-01
2.841851674020290375e-02 -1.178981140255928040e-01 -1.634082645177841187e-01 9.301164746284484863e-02
-3.051435947418212891e-01 -1.504460573196411133e-01 1.558515727519989014e-01 1.407640613615512848e-02
-4.835388362407684326e-01 2.553180754184722900e-01 6.357403993606567383e-01 1.722133159637451172e-01
3.228996694087982178e-01 8.390245437622070312e-01 -6.077462434768676758e-01 7.008668184280395508e-01
4.889160394668579102e-01 3.621079027652740479e-01 1.840923726558685303e-01 1.686575859785079956e-01
-5.077933669090270996e-01 1.330828517675399780e-01 4.873583838343620300e-02 2.689307332038879395e-01
-9.935767389833927155e-03 8.356032520532608032e-02 -2.310405820608139038e-01 -2.497331649065017700e-01
-5.543072223663330078e-01 -6.837332844734191895e-01 5.854882299900054932e-02 -3.045953810214996338e-01
5.405616164207458496e-01 -3.179957568645477295e-01 -3.293678760528564453e-01 -1.970142275094985962e-01
-6.018615961074829102e-01 -6.095675230026245117e-01 4.530974626541137695e-01 -5.179367661476135254e-01
-9.773849248886108398e-01 -6.759229302406311035e-01 -9.171397089958190918e-01 4.968260824680328369e-01
-4.419185519218444824e-01 2.948133647441864014e-01 5.245790481567382812e-01 1.338269263505935669e-01
4.369885101914405823e-02 5.840284824371337891e-01 -1.334787905216217041e-01 -6.396104097366333008e-01
5.574337244033813477e-01 -3.472483754158020020e-01 -2.449478507041931152e-01 -1.249455362558364868e-01
-2.625872492790222168e-01 4.688803851604461670e-02 9.676005691289901733e-02 1.660192012786865234e-01
-8.774535059928894043e-01 -6.746910810470581055e-01 5.933250188827514648e-01 -7.775269746780395508e-01
1.699439287185668945e-01 -9.092839956283569336e-01 2.044935226440429688e-01 1.097006425261497498e-01
1.791242063045501709e-01 6.984255462884902954e-02 -8.863386511802673340e-02 -1.357161998748779297e-01
-9.060875773429870605e-01 -8.706381171941757202e-02 1.437519341707229614e-01 3.146335780620574951e-01
2.167040482163429260e-02 -9.538070112466812134e-02 7.697482407093048096e-02 -1.028936505317687988e-01
5.070495009422302246e-01 3.959244787693023682e-01 -5.403836369514465332e-01 -2.838929593563079834e-01
9.481509029865264893e-02 2.827041149139404297e-01 5.248669385910034180e-01 2.915643453598022461e-01
-7.155963182449340820e-01 4.195476770401000977e-01 5.033473372459411621e-01 2.690900564193725586e-01
7.345462441444396973e-01 -5.605011433362960815e-02 -1.833198815584182739e-01 -3.229300081729888916e-01
-8.071959763765335083e-02 -1.865869611501693726e-01 -3.003045730292797089e-02 -5.312874317169189453e-01
-6.753621250391006470e-02 -1.003804281353950500e-01 -1.465457379817962646e-01 1.088117063045501709e-01
-9.358163177967071533e-02 3.491096496582031250e-01 4.290442466735839844e-01 -2.128185778856277466e-01
-5.566181540489196777e-01 -4.680480360984802246e-01 -8.344681859016418457e-01 9.920725226402282715e-01
-4.273629486560821533e-01 4.233867824077606201e-01 1.789800971746444702e-01 3.955302387475967407e-02
5.897779464721679688e-01 -5.820089485496282578e-03 -7.017278671264648438e-01 -4.213901460170745850e-01
-4.266558587551116943e-01 1.860661655664443970e-01 1.457615792751312256e-01 4.066607728600502014e-02
1.066518425941467285e-01 -3.099448382854461670e-01 -4.315787851810455322e-01 -2.416998147964477539e-02
4.713116586208343506e-01 -5.387030541896820068e-03 -2.246351242065429688e-01 -2.169114053249359131e-01
-2.659565806388854980e-01 -5.621793866157531738e-02 2.871619164943695068e-01 -2.731445245444774628e-02
-2.531668245792388916e-01 2.166027761995792389e-02 2.920452356338500977e-01 -4.718965664505958557e-02
-9.001958370208740234e-01 7.399477958679199219e-01 7.337902188301086426e-01 3.202270269393920898e-01
-8.811876177787780762e-02 9.584134072065353394e-02 2.828900814056396484e-01 1.609054654836654663e-01
3.481907546520233154e-01 -7.394821643829345703e-01 2.501585185527801514e-01 -4.168437719345092773e-01
7.287374138832092285e-01 -4.217180311679840088e-01 -3.306230008602142334e-01 4.680264592170715332e-01
-1.203897744417190552e-01 -3.469726741313934326e-01 5.546234846115112305e-01 1.585462093353271484e-01
-3.400813788175582886e-02 -6.803348194807767868e-03 7.564194500446319580e-02 -3.646520525217056274e-02
-4.608042240142822266e-01 1.427336931228637695e-01 5.016384124755859375e-01 -4.373586773872375488e-01
1.632299274206161499e-01 5.226298570632934570e-01 -9.431717544794082642e-02 3.809187412261962891e-01
-4.934832751750946045e-01 -4.330687224864959717e-01 -3.491416871547698975e-01 1.680126488208770752e-01
4.946286678314208984e-01 -1.199641674757003784e-01 -2.910306453704833984e-01 8.425194770097732544e-02
4.408675432205200195e-01 1.115786936134099960e-02 -2.805295586585998535e-01 -4.873536527156829834e-02
5.206656455993652344e-01 6.747135519981384277e-02 -9.976692497730255127e-02 -2.425707280635833740e-01
-4.055854380130767822e-01 6.881300210952758789e-01 7.641092538833618164e-01 5.530940294265747070e-01
9.539050459861755371e-01 -2.470628172159194946e-01 8.738417923450469971e-02 3.963225483894348145e-01
-3.796039894223213196e-02 3.140608370304107666e-01 8.418631553649902344e-02 1.529645025730133057e-01
1.020147427916526794e-01 2.683266103267669678e-01 2.321893125772476196e-01 -1.338530927896499634e-01
-9.470816850662231445e-01 8.863140344619750977e-01 -9.807700514793395996e-01 -8.334060013294219971e-02
-5.018598213791847229e-02 -1.795790158212184906e-02 4.042233526706695557e-02 1.334814447909593582e-02
1.089937016367912292e-01 -7.773811370134353638e-02 7.667598128318786621e-02 1.057490035891532898e-01
8.134666085243225098e-01 -1.571186631917953491e-01 -1.087171137332916260e-01 5.830060243606567383e-01
-3.039489388465881348e-01 -1.119394451379776001e-01 2.087655812501907349e-01 -4.476721584796905518e-01
2.452922314405441284e-01 2.723151147365570068e-01 -4.645558893680572510e-01 -8.214944601058959961e-02
4.027458429336547852e-01 2.245855182409286499e-01 -2.941876947879791260e-01 -2.098499387502670288e-01
6.663986444473266602e-01 5.550446920096874237e-03 -4.025201201438903809e-01 -4.385435283184051514e-01
-1.332138776779174805e-01 3.208363950252532959e-01 2.454607784748077393e-01 2.270398586988449097e-01
7.989481687545776367e-01 -7.927474379539489746e-01 -1.527274698019027710e-01 -3.966840207576751709e-01
-3.488021790981292725e-01 3.814997896552085876e-02 2.742095887660980225e-01 2.491394877433776855e-01
1.340809557586908340e-02 -2.411637902259826660e-01 -3.132864236831665039e-01 7.463699579238891602e-02
-6.028968095779418945e-01 -8.050396293401718140e-02 3.207054436206817627e-01 -3.054180741310119629e-01
1.963900178670883179e-01 6.594541072845458984e-01 -1.112362742424011230e-01 -5.955401062965393066e-01
5.171806365251541138e-02 2.638333942741155624e-03 -1.144460495561361313e-02 -1.894089579582214355e-01
-7.044202685356140137e-01 4.024595618247985840e-01 5.253123044967651367e-01 5.368129611015319824e-01
2.119305729866027832e-01 -9.939785301685333252e-02 -3.039233982563018799e-01 -7.888676226139068604e-02
-4.144339859485626221e-01 8.279815316200256348e-02 3.740279972553253174e-01 -6.079572811722755432e-02
-1.114760935306549072e-01 2.294149808585643768e-02 1.494290493428707123e-02 -9.076272696256637573e-02
-8.429649472236633301e-01 -4.009425640106201172e-01 4.738743007183074951e-01 -5.024937987327575684e-01
-9.648823142051696777e-01 4.493724405765533447e-01 -3.523431420326232910e-01 1.910776346921920776e-01
-4.191320016980171204e-02 2.809608578681945801e-01 3.749005496501922607e-01 2.045482397079467773e-01
1.810991019010543823e-01 4.398174211382865906e-02 -6.043920665979385376e-02 -1.565337926149368286e-01
-5.703027248382568359e-01 2.683177292346954346e-01 -3.284851461648941040e-02 6.464617252349853516e-01
3.057421147823333740e-01 2.555375397205352783e-01 -1.696617901325225830e-01 2.967081069946289062e-01
-4.514431059360504150e-01 1.802368313074111938e-01 3.768006265163421631e-01 -2.642460465431213379e-01
1.564633250236511230e-01 2.778029814362525940e-02 -9.100378304719924927e-02 2.049528621137142181e-02
4.209090471267700195e-01 -3.231961727142333984e-01 -5.814706683158874512e-01 2.867649197578430176e-01
3.808623850345611572e-01 4.550299048423767090e-01 -2.942464947700500488e-01 3.512297272682189941e-01
1.991195082664489746e-01 -6.536679267883300781e-01 -4.076723381876945496e-02 -2.260423898696899414e-01
4.826481640338897705e-01 2.302702069282531738e-01 9.135013818740844727e-01 -8.102973699569702148e-01
4.070502817630767822e-01 1.678503453731536865e-01 -4.554257690906524658e-01 -3.101263046264648438e-01
1.687268465757369995e-01 1.223376691341400146e-01 -7.531918585300445557e-02 5.695324391126632690e-02
2.500605881214141846e-01 -3.165843710303306580e-02 1.938779652118682861e-01 -3.302636444568634033e-01
-1.168235465884208679e-01 -1.248658001422882080e-01 1.634185314178466797e-01 1.055197566747665405e-01
1.682577580213546753e-01 -2.741984128952026367e-01 -1.474751234054565430e-01 -3.360893428325653076e-01
-1.952776908874511719e-01 -6.321279406547546387e-01 3.077297806739807129e-01 1.215216591954231262e-01
4.451870627235621214e-04 -5.282797813415527344e-01 4.184859693050384521e-01 -3.612361848354339600e-01
8.810144662857055664e-01 -9.050040841102600098e-01 3.891620337963104248e-01 -1.129719242453575134e-01
-8.313390612602233887e-02 1.062685251235961914e-01 8.531615883111953735e-02 1.358623355627059937e-01
2.649485468864440918e-01 -5.382694676518440247e-02 -8.317391574382781982e-02 1.428945064544677734e-01
-5.787089467048645020e-01 4.987513720989227295e-01 -4.602682590484619141e-02 -2.964884974062442780e-02
-4.846367835998535156e-01 1.581882536411285400e-01 4.388669729232788086e-01 -3.511341810226440430e-01
7.445004582405090332e-02 -9.867267310619354248e-02 -1.134730130434036255e-01 -5.152581632137298584e-02
-4.400750398635864258e-01 -1.768155395984649658e-01 -5.552054196596145630e-02 1.027477830648422241e-01
-6.743978857994079590e-01 -7.053714394569396973e-01 -3.014769256114959717e-01 8.035636544227600098e-01
8.252424597740173340e-01 9.005189538002014160e-01 2.046490013599395752e-01 -1.380292773246765137e-01
5.218859910964965820e-01 1.650991439819335938e-01 -2.231282740831375122e-01 -2.686494030058383942e-03
-3.626750707626342773e-01 4.556063711643218994e-01 4.959890246391296387e-01 -6.109388470649719238e-01
3.655214011669158936e-01 1.321691833436489105e-02 -2.287782877683639526e-01 8.403892517089843750e-01
6.619266867637634277e-01 -1.996199190616607666e-01 3.346974551677703857e-01 -1.685504615306854248e-01
-1.644093692302703857e-01 6.090561747550964355e-01 7.539317607879638672e-01 -1.157915443181991577e-01
2.844485640525817871e-01 -7.591359019279479980e-01 9.547106921672821045e-02 -4.095052480697631836e-01
-3.614185750484466553e-02 1.087490692734718323e-01 5.751225724816322327e-02 -4.479341208934783936e-02
1.354121714830398560e-01 -1.753455698490142822e-01 -9.044013172388076782e-02 -9.140702337026596069e-02
-3.039628267288208008e-01 9.901211261749267578e-01 4.951616227626800537e-01 -3.280102908611297607e-01
-2.380244582891464233e-01 -1.987469941377639771e-01 6.815391778945922852e-01 3.621394559741020203e-02
1.889730989933013916e-02 2.137627750635147095e-01 -3.192063868045806885e-01 -2.036980390548706055e-01
-3.174091279506683350e-01 -1.578866154886782169e-03 3.273955881595611572e-01 7.893569022417068481e-02
5.589123070240020752e-02 1.759247928857803345e-01 3.071843981742858887e-01 -2.853219211101531982e-01
2.393718957901000977e-01 -6.381245255470275879e-01 -6.313894987106323242e-01 -2.690887451171875000e-01
3.011031448841094971e-02 -2.106706425547599792e-02 -9.455778449773788452e-02 1.384670473635196686e-02
1.495001316070556641e-01 -1.432010997086763382e-02 4.477832019329071045e-01 -4.748335480690002441e-02
-8.264198899269104004e-02 6.580082327127456665e-02 6.623225659132003784e-02 -1.152276545763015747e-01
-4.594123959541320801e-01 -2.674896121025085449e-01 9.849908202886581421e-02 -1.077338457107543945e-01
3.938789665699005127e-01 1.251471228897571564e-02 -2.530583441257476807e-01 -1.496880501508712769e-01
1.074193045496940613e-01 3.227818757295608521e-03 2.193075716495513916e-01 -4.364267587661743164e-01
-1.767382174730300903e-01 1.547020673751831055e-01 4.851709008216857910e-01 2.465450614690780640e-01
-9.347789734601974487e-02 -2.098610997200012207e-01 -1.010761968791484833e-02 3.127862699329853058e-03
6.959429383277893066e-01 -3.757538795471191406e-01 -1.068666875362396240e-01 -3.709588348865509033e-01
-1.806568801403045654e-01 -1.106453314423561096e-01 -3.743647411465644836e-02 -6.695318222045898438e-02
-8.830795064568519592e-03 8.462030887603759766e-01 -6.912699341773986816e-01 -1.116321980953216553e-01
-2.393727898597717285e-01 2.628472745418548584e-01 4.336435496807098389e-01 -8.732266426086425781e-01
5.045060813426971436e-02 7.742431163787841797e-01 5.680500064045190811e-03 1.595694273710250854e-01
2.317683547735214233e-01 4.935150146484375000e-01 -8.418577909469604492e-02 5.712460875511169434e-01
2.416797578334808350e-01 -7.961089015007019043e-01 5.679798126220703125e-01 -5.527076125144958496e-01
6.732861399650573730e-01 4.431591331958770752e-01 -2.960866987705230713e-01 -1.049135401844978333e-01
-4.456813335418701172e-01 -2.926844656467437744e-01 2.524650096893310547e-01 1.695168018341064453e-01
-7.403171807527542114e-02 6.079248189926147461e-01 3.020144104957580566e-01 1.930051594972610474e-01
9.031676650047302246e-01 -8.064412474632263184e-01 2.020775824785232544e-01 7.081273198127746582e-01
5.648303031921386719e-01 -4.902318716049194336e-01 -1.303645372390747070e-01 2.635819017887115479e-01
7.327972352504730225e-02 -3.433654010295867920e-01 4.695291519165039062e-01 -3.234017789363861084e-01
-7.368978261947631836e-01 -4.810504913330078125e-01 3.416355550289154053e-01 1.449403464794158936e-01
-3.955790400505065918e-01 -9.438472799956798553e-03 3.888708353042602539e-01 1.157118976116180420e-01
4.731123447418212891e-01 -4.091730713844299316e-02 -5.641981959342956543e-01 3.043118119239807129e-01
-9.599034786224365234e-01 -3.097920417785644531e-01 2.063772529363632202e-01 6.767474859952926636e-02
3.631840050220489502e-01 1.275738477706909180e-01 1.999949663877487183e-01 2.326157987117767334e-01
-8.497518301010131836e-01 -1.478686183691024780e-01 -6.618964672088623047e-02 1.168693751096725464e-01
4.049637913703918457e-01 -9.991633892059326172e-02 -1.230729091912508011e-02 1.081286668777465820e-01
4.160974323749542236e-01 6.412876844406127930e-01 9.375739097595214844e-01 1.724590063095092773e-01
5.512049794197082520e-01 -2.780716419219970703e-01 -2.906532883644104004e-01 -2.289181388914585114e-02
-4.825094044208526611e-01 -2.399198859930038452e-01 5.944702625274658203e-01 3.311939164996147156e-02
1.279664635658264160e-01 4.479408264160156250e-01 2.432922273874282837e-01 -1.890868395566940308e-01
-5.411990284919738770e-01 3.510817587375640869e-01 -1.267761588096618652e-01 -8.230254054069519043e-02
-2.997995018959045410e-01 -2.512760162353515625e-01 -3.661461770534515381e-01 -2.010389566421508789e-01
-4.289681911468505859e-01 -7.988182306289672852e-01 -8.402995467185974121e-01 9.718770980834960938e-01
-3.563995957374572754e-01 2.855531685054302216e-02 1.979123353958129883e-01 6.908398121595382690e-02
-1.587210744619369507e-01 8.740369230508804321e-02 1.468953490257263184e-01 -8.715388830751180649e-04
-5.082078576087951660e-01 -5.028520822525024414e-01 -3.481871783733367920e-01 -3.979512453079223633e-01
-3.746650218963623047e-01 1.938942819833755493e-01 2.052417993545532227e-01 -4.194919764995574951e-02
7.132598161697387695e-01 -2.299194782972335815e-01 -3.888103663921356201e-01 -4.421240091323852539e-01
-6.397589445114135742e-01 2.765913605690002441e-01 2.122768461704254150e-01 -1.721951216459274292e-01
-6.372578442096710205e-02 7.689735293388366699e-02 1.434709876775741577e-01 1.624520570039749146e-01
-5.521247982978820801e-01 -1.028931736946105957e-01 3.259420096874237061e-01 -5.344915390014648438e-01
6.511653065681457520e-01 -2.700749635696411133e-01 -7.822520285844802856e-02 -1.949307858012616634e-03
-4.174565970897674561e-01 -4.914407134056091309e-01 -1.825876533985137939e-01 1.034498512744903564e-01
-1.651065424084663391e-02 5.395753979682922363e-01 -1.610387116670608521e-01 4.414296746253967285e-01
3.050576746463775635e-01 2.625066228210926056e-02 1.834688633680343628e-01 -9.793876856565475464e-02
1.252276748418807983e-01 3.656108081340789795e-01 5.545699000358581543e-01 3.941472172737121582e-01
3.289217948913574219e-01 6.762086749076843262e-01 -4.870375692844390869e-01 4.719290137290954590e-01
2.453727871179580688e-01 1.607805043458938599e-01 -1.187865957617759705e-01 -1.952268928289413452e-02
-1.421356201171875000e-01 3.221686780452728271e-01 1.273477971553802490e-01 8.750365674495697021e-02
5.045279264450073242e-01 2.689004242420196533e-01 -5.407001376152038574e-01 -2.967035472393035889e-01
-7.650457620620727539e-01 -5.008885264396667480e-01 4.015386104583740234e-01 -6.496453881263732910e-01
-1.991782039403915405e-01 -6.022534891963005066e-02 -1.223360300064086914e-01 1.017421111464500427e-01
1.217822134494781494e-01 -6.234868615865707397e-02 3.336001336574554443e-01 -1.002278178930282593e-02
-4.150172472000122070e-01 -1.598580777645111084e-01 1.244609504938125610e-01 -6.686524301767349243e-02
1.370720118284225464e-01 -7.704716920852661133e-02 6.642303429543972015e-03 -2.810643799602985382e-02
-2.710044384002685547e-01 -6.098194979131221771e-03 -1.970048397779464722e-01 3.471881151199340820e-01
6.087942719459533691e-01 -1.040457785129547119e-01 4.841550812125205994e-02 -2.870692610740661621e-01
-6.788986325263977051e-01 -6.062070727348327637e-01 4.034472107887268066e-01 -1.443002820014953613e-01
4.717017058283090591e-03 -1.954127848148345947e-02 7.095342278480529785e-01 -1.501895934343338013e-01
5.130615830421447754e-01 -5.084637403488159180e-01 -2.743851542472839355e-01 -2.066231817007064819e-01
1.214891150593757629e-01 -1.655355393886566162e-01 1.400723010301589966e-01 -5.821849405765533447e-02
9.598484635353088379e-02 2.272530347108840942e-01 -7.548359036445617676e-02 -1.033193022012710571e-01
-7.063398361206054688e-01 4.582107067108154297e-01 4.524597525596618652e-01 -7.069419622421264648e-01
-5.700480341911315918e-01 3.478559553623199463e-01 3.950583934783935547e-01 1.495209336280822754e-01
4.787333905696868896e-01 -1.414326876401901245e-01 3.046818375587463379e-01 5.490309000015258789e-01
2.852763235569000244e-01 3.373240828514099121e-01 -2.201509922742843628e-01 -1.846850216388702393e-01
3.106148540973663330e-01 -2.012692838907241821e-01 -2.940161824226379395e-01 1.349355373531579971e-02
2.504219710826873779e-01 -4.658662155270576477e-02 7.224157452583312988e-02 3.701282665133476257e-02
5.340314507484436035e-01 3.267459943890571594e-02 7.916811853647232056e-02 2.456154227256774902e-01
1.223258152604103088e-01 -2.918673157691955566e-01 9.483583569526672363e-01 -4.501189291477203369e-01
-1.212721914052963257e-01 -5.013321712613105774e-02 2.486779093742370605e-01 3.461780846118927002e-01
7.788160443305969238e-01 1.243922039866447449e-01 -3.396739959716796875e-01 -5.357083678245544434e-01
2.750219702720642090e-01 1.878861039876937866e-01 2.926488816738128662e-01 -8.712343871593475342e-02
-7.989892363548278809e-02 -1.046908274292945862e-01 -1.925793439149856567e-01 9.637657552957534790e-02
1.834101974964141846e-01 -5.444121360778808594e-02 5.837525427341461182e-02 2.396746128797531128e-01
-2.880010306835174561e-01 8.279202580451965332e-01 8.779905438423156738e-01 -3.821930587291717529e-01
-3.778685033321380615e-01 -6.652803421020507812e-01 7.270177602767944336e-01 -1.712492704391479492e-01
1.614987850189208984e-01 1.327879726886749268e-01 -5.752404928207397461e-01 -1.009785160422325134e-01
5.437957048416137695e-01 5.768151283264160156e-01 -5.120694264769554138e-02 4.485896602272987366e-02
-6.776703596115112305e-01 1.614625155925750732e-01 3.013944625854492188e-01 -4.429688453674316406e-01
5.966983437538146973e-01 -2.345722317695617676e-01 -4.947250187397003174e-01 -1.931431144475936890e-01
-3.626775443553924561e-01 -1.606494337320327759e-01 1.316668093204498291e-01 -2.973560690879821777e-01
3.818774223327636719e-01 3.908849954605102539e-01 4.843532443046569824e-01 -6.796561479568481445e-01
-3.365119993686676025e-01 -8.442132174968719482e-02 5.278321504592895508e-01 -9.434225410223007202e-02
2.768575549125671387e-01 -7.467570155858993530e-02 -8.545747399330139160e-02 7.023647427558898926e-02
3.409555256366729736e-01 -3.755912184715270996e-01 -8.407357335090637207e-02 4.258463531732559204e-02
-6.331479549407958984e-01 8.014381676912307739e-02 2.154520750045776367e-01 8.692728728055953979e-02
1.975893676280975342e-01 -5.362654104828834534e-02 -1.813562065362930298e-01 9.317739307880401611e-02
2.339829951524734497e-01 1.059842184185981750e-01 5.192829295992851257e-03 -6.023544818162918091e-02
1.594217680394649506e-02 1.432402580976486206e-01 -1.228861287236213684e-01 -1.746385246515274048e-01
-1.482315957546234131e-01 4.413816928863525391e-01 5.097758769989013672e-02 1.722661852836608887e-01
3.360905051231384277e-01 1.214182283729314804e-02 -7.671073824167251587e-02 -6.463172286748886108e-02
1.658804416656494141e-01 1.684870570898056030e-01 3.592309728264808655e-02 -4.101917892694473267e-02
5.549905300140380859e-01 -2.410310208797454834e-01 -1.873003393411636353e-01 4.983622115105390549e-03
4.172019660472869873e-01 3.913125097751617432e-01 -1.057240664958953857e-01 -2.492284625768661499e-01
7.077962756156921387e-01 5.548664331436157227e-01 -3.045304119586944580e-01 1.237522810697555542e-01
4.154314100742340088e-01 -8.003022521734237671e-02 -5.620669126510620117e-01 6.767739653587341309e-01
-1.433672904968261719e-01 -6.987977027893066406e-02 -5.934089049696922302e-02 -9.698034077882766724e-02
-1.886625289916992188e-01 5.920369029045104980e-01 5.359362959861755371e-01 -8.774875849485397339e-02
-7.216089870780706406e-03 -6.175519824028015137e-01 -2.247221469879150391e-01 1.112260203808546066e-02
1.359753161668777466e-01 6.057291030883789062e-01 -3.821311518549919128e-02 -6.663505434989929199e-01
6.006500720977783203e-01 -9.212486743927001953e-01 1.980903930962085724e-02 4.774056971073150635e-01
-3.451883196830749512e-01 -9.036867618560791016e-01 -4.109165370464324951e-01 -6.539315581321716309e-01
3.150366842746734619e-01 -9.420085698366165161e-02 -1.403517276048660278e-01 7.124302536249160767e-02
-5.676051229238510132e-02 2.053937166929244995e-01 2.966192960739135742e-01 3.509267270565032959e-01
-4.677715003490447998e-01 1.402166951447725296e-02 -3.147866949439048767e-02 -5.032183229923248291e-02
-1.706801652908325195e-01 5.686825513839721680e-02 -2.422109246253967285e-02 7.760327309370040894e-02
-5.961884260177612305e-01 -1.301480829715728760e-01 3.975812196731567383e-01 -3.945321142673492432e-01
6.596280336380004883e-01 1.146125420928001404e-01 -8.952817320823669434e-02 -5.584359765052795410e-01
-5.235428810119628906e-01 -7.303644716739654541e-02 2.015773952007293701e-01 -2.092450410127639771e-01
-2.383907288312911987e-01 6.119155883789062500e-01 -5.525043979287147522e-02 3.369643092155456543e-01
-4.032939672470092773e-01 3.358311951160430908e-01 6.644001007080078125e-01 -3.563607633113861084e-01
-9.137169122695922852e-01 -8.717196993529796600e-03 2.813105285167694092e-01 6.292061507701873779e-02
-7.984865307807922363e-01 -3.236480429768562317e-02 3.791224360466003418e-01 3.021093904972076416e-01
-3.007462481036782265e-03 7.919216156005859375e-02 2.838900983333587646e-01 -2.066326439380645752e-01
7.919684648513793945e-01 -2.675120532512664795e-01 -1.343847960233688354e-01 5.732876062393188477e-01
-1.420944035053253174e-01 -1.223046779632568359e-01 2.501969933509826660e-01 -1.856134831905364990e-01
1.891928762197494507e-01 -6.114420294761657715e-01 -1.153751648962497711e-02 -4.250175654888153076e-01
4.650016725063323975e-01 -4.475592970848083496e-01 -6.387163996696472168e-01 1.557122170925140381e-01
-5.008546710014343262e-01 1.058437749743461609e-01 1.052462961524724960e-02 3.414907157421112061e-01
-1.601412743330001831e-01 -1.722711920738220215e-01 -7.965811342000961304e-02 2.331408560276031494e-01
1.956551969051361084e-01 -1.227732673287391663e-01 -5.735404491424560547e-01 7.073668241500854492e-01
3.699389696121215820e-01 -1.480451524257659912e-01 -3.814837038516998291e-01 1.259544789791107178e-01
6.944286823272705078e-01 -4.844047129154205322e-01 -2.700081765651702881e-01 4.100993871688842773e-01
-4.125838354229927063e-02 4.123896658420562744e-01 1.328092161566019058e-02 6.774620413780212402e-01
3.661965131759643555e-01 1.651515364646911621e-01 6.260042637586593628e-02 -2.739220857620239258e-02
-3.250870108604431152e-01 -4.302474558353424072e-01 3.631745278835296631e-01 -5.110575556755065918e-01
2.303638458251953125e-01 1.485501527786254883e-01 2.316444665193557739e-01 -5.286285281181335449e-01
-6.358770728111267090e-01 -2.221567183732986450e-01 5.570788383483886719e-01 -3.405782207846641541e-02
5.442174673080444336e-01 4.251254796981811523e-01 -3.632946312427520752e-01 -5.676455050706863403e-02
-5.775153040885925293e-01 1.566896736621856689e-01 3.991382122039794922e-01 2.443729899823665619e-02
-1.389124095439910889e-01 8.507274091243743896e-02 9.007453918457031250e-02 2.961746184155344963e-03
5.698507651686668396e-02 7.875465750694274902e-01 -7.277032136917114258e-01 -4.642540812492370605e-01
4.606866538524627686e-01 3.513190746307373047e-01 3.687405586242675781e-01 -4.953477978706359863e-01
-4.203819036483764648e-01 -3.521589934825897217e-01 5.747714042663574219e-01 -4.307031929492950439e-01
1.351366937160491943e-01 8.617515116930007935e-02 -1.588718146085739136e-01 7.028653472661972046e-02
3.450280725955963135e-01 -3.926891461014747620e-02 -3.614654242992401123e-01 -1.743743121623992920e-01
6.602022647857666016e-01 3.547902405261993408e-01 -3.598053157329559326e-01 5.653314590454101562e-01
5.868431329727172852e-01 -2.505212724208831787e-01 -3.358643054962158203e-01 -1.030495688319206238e-01
1.241725459694862366e-01 9.197264164686203003e-02 5.114243924617767334e-02 -2.423276901245117188e-01
-5.748628973960876465e-01 1.132557690143585205e-01 6.228878498077392578e-01 1.388973146677017212e-01
7.799392342567443848e-01 -4.677255153656005859e-01 3.773612082004547119e-01 2.039283812046051025e-01
-5.070478916168212891e-01 1.037679612636566162e-02 3.097706139087677002e-01 -2.111323326826095581e-01
-3.517554700374603271e-01 -1.562782563269138336e-02 1.500319391489028931e-01 2.455491125583648682e-01
8.424097895622253418e-01 -5.360051393508911133e-01 1.007394492626190186e-01 7.015058398246765137e-01
-2.413644790649414062e-01 8.088026046752929688e-01 8.865688443183898926e-01 -1.512882858514785767e-02
1.218270603567361832e-02 1.563588380813598633e-01 6.803147494792938232e-02 3.306435048580169678e-01
-1.630002856254577637e-01 -7.507442235946655273e-01 1.887895911931991577e-02 -1.632598638534545898e-01
9.991968981921672821e-03 3.791909292340278625e-02 2.333777584135532379e-02 2.479128539562225342e-02
7.371918559074401855e-01 -8.190098404884338379e-01 -3.081288635730743408e-01 -2.169375419616699219e-01
1.384211182594299316e-01 -1.304220706224441528e-01 -2.577380836009979248e-01 -1.392073482275009155e-01
-7.530311346054077148e-01 -6.396331191062927246e-01 1.481088697910308838e-01 -4.935756027698516846e-01
-7.524137198925018311e-02 -1.720183789730072021e-01 5.549103617668151855e-01 -3.032868802547454834e-01
1.233993470668792725e-01 -1.986945718526840210e-01 -7.720386385917663574e-01 -4.931858479976654053e-01
-1.160860061645507812e-01 1.273858547210693359e-01 1.035628765821456909e-01 2.764599323272705078e-01
1.603526026010513306e-01 -1.429079324007034302e-01 1.081608012318611145e-01 -7.021429389715194702e-02
-2.020331621170043945e-01 9.150756150484085083e-02 5.915260687470436096e-02 -3.243631124496459961e-02
-3.724672794342041016e-01 3.737568259239196777e-01 4.568322896957397461e-01 1.141192913055419922e-01
-3.953050971031188965e-01 -7.735823094844818115e-02 3.593635261058807373e-01 1.890486478805541992e-01
4.925514161586761475e-01 3.969949185848236084e-01 5.352466106414794922e-01 -6.275222897529602051e-01
2.883745729923248291e-01 1.671265661716461182e-01 -9.996378794312477112e-03 -3.307589888572692871e-02
-5.491544008255004883e-01 -2.533245384693145752e-01 4.163350760936737061e-01 -2.760187387466430664e-01
-8.157994747161865234e-01 3.255017101764678955e-01 1.634856462478637695e-01 3.473457694053649902e-02
-3.466173708438873291e-01 1.057088077068328857e-01 2.895061671733856201e-01 -3.398062288761138916e-01
-7.181913256645202637e-01 3.065495491027832031e-01 5.257440209388732910e-01 -1.210112571716308594e-01
-1.246109083294868469e-01 -2.793774902820587158e-01 -3.057751953601837158e-01 -4.001210629940032959e-01
7.318833470344543457e-02 8.636363595724105835e-02 -6.704675406217575073e-02 6.027998775243759155e-02
2.848786413669586182e-01 -8.180693387985229492e-01 1.685484051704406738e-01 4.506754279136657715e-01
3.196789920330047607e-01 -6.517150998115539551e-02 -6.279978901147842407e-02 -1.662494614720344543e-02
-4.441014304757118225e-02 -2.156485468149185181e-01 -1.206649392843246460e-01 -3.069032728672027588e-02
-6.965724229812622070e-01 2.446614652872085571e-01 7.200978696346282959e-02 5.062403082847595215e-01
2.936140298843383789e-01 2.371072918176651001e-01 -1.913654953241348267e-01 8.191772550344467163e-02
-7.201070431619882584e-03 -1.179039329290390015e-01 -5.713055133819580078e-01 -5.773850530385971069e-02
7.110888957977294922e-01 1.120654046535491943e-01 -2.160965204238891602e-01 -4.286664128303527832e-01
4.872710704803466797e-01 -5.070090293884277344e-02 -4.431076943874359131e-01 3.502189815044403076e-01
-9.408943057060241699e-01 -7.743018865585327148e-01 -1.884694993495941162e-01 4.471709728240966797e-01
-4.487498998641967773e-01 -1.379478275775909424e-01 8.623220026493072510e-02 1.602739542722702026e-01
6.290130019187927246e-01 -8.435966074466705322e-02 1.657298505306243896e-01 1.200898811221122742e-01
4.039496183395385742e-02 -2.757533788681030273e-01 -5.766032636165618896e-02 7.088533043861389160e-01
-7.592603564262390137e-01 -2.589333951473236084e-01 2.634218633174896240e-01 -2.386055737733840942e-01
