1.347171664237976074e-01 -3.476258218288421631e-01
5.480725765228271484e-01 7.674897313117980957e-01
5.687721967697143555e-01 -3.171921670436859131e-01
2.665980756282806396e-01 -8.249442279338836670e-02
-6.631577610969543457e-01 3.114557862281799316e-01
-1.024788990616798401e-01 7.751634716987609863e-01
3.705606460571289062e-01 -4.074294120073318481e-02
-1.618085894733667374e-03 -2.643452882766723633e-01
2.312096655368804932e-01 -9.305275976657867432e-02
-3.610908389091491699e-01 -2.455120533704757690e-01
-4.564253687858581543e-01 4.134719669818878174e-01
-7.465536594390869141e-01 -1.549800783395767212e-01
-3.743716478347778320e-01 -1.381158232688903809e-01
-8.546767234802246094e-01 -4.530164599418640137e-01
-4.239510595798492432e-01 -5.087167024612426758e-01
1.878773607313632965e-02 -6.412844657897949219e-01
4.585047662258148193e-01 6.406764388084411621e-01
-7.108592391014099121e-01 -7.752151489257812500e-01
-6.142677664756774902e-01 1.002580821514129639e-01
-1.777199655771255493e-01 -5.017257332801818848e-01
4.499270617961883545e-01 1.628483533859252930e-01
1.107568964362144470e-01 2.212017327547073364e-01
-5.084651708602905273e-01 2.222758084535598755e-01
-6.678489595651626587e-02 2.380827069282531738e-01
2.906914353370666504e-01 -1.711588911712169647e-02
-6.714697480201721191e-01 -6.833730936050415039e-01
-4.879072606563568115e-01 -5.606186576187610626e-03
-4.599327445030212402e-01 -3.291721343994140625e-01
-5.898155570030212402e-01 1.396481096744537354e-01
-3.902745246887207031e-01 -5.700240135192871094e-01
-2.748533785343170166e-01 -2.998390793800354004e-01
-4.685778617858886719e-01 -2.097348570823669434e-01
2.198828160762786865e-01 -1.808504760265350342e-01
1.024545654654502869e-01 -1.283674389123916626e-01
-7.235149145126342773e-01 3.010863959789276123e-01
2.534296810626983643e-01 3.839671611785888672e-01
4.934092164039611816e-01 -2.117484807968139648e-01
2.682068943977355957e-01 1.187591254711151123e-01
4.855144619941711426e-01 7.903137803077697754e-01
2.868228964507579803e-02 -4.989734888076782227e-01
-2.070786952972412109e-01 -2.014276385307312012e-01
5.427309870719909668e-01 -4.681122675538063049e-02
-5.189478397369384766e-01 -5.613607168197631836e-01
4.464765489101409912e-01 3.162679970264434814e-01
-2.294441163539886475e-01 5.004513859748840332e-01
-4.454197287559509277e-01 -6.578891873359680176e-01
5.825875997543334961e-01 3.466336429119110107e-01
4.705082476139068604e-01 -4.312480688095092773e-01
7.889571189880371094e-01 -1.150678247213363647e-01
5.744912028312683105e-01 -5.257320404052734375e-02
-2.537308633327484131e-01 -7.558001279830932617e-01
3.974124193191528320e-01 7.737088799476623535e-01
5.296790003776550293e-01 -2.208800911903381348e-01
-5.658452957868576050e-02 -1.616337299346923828e-01
5.739313364028930664e-01 1.872796565294265747e-01
4.769621491432189941e-01 -5.108264684677124023e-01
-6.413472890853881836e-01 -4.149896204471588135e-01
-7.488042712211608887e-01 -6.397827714681625366e-02
1.248756572604179382e-01 2.157541066408157349e-01
-3.955744504928588867e-01 8.023793697357177734e-01
7.328881025314331055e-01 4.965301752090454102e-01
-6.413472890853881836e-01 -4.149896204471588135e-01
3.865946531295776367e-01 7.052753567695617676e-01
4.788527488708496094e-01 7.164147216826677322e-03
8.269306421279907227e-01 -1.089874878525733948e-01
4.947783648967742920e-01 -5.738378167152404785e-01
3.613569140434265137e-01 -1.677312552928924561e-01
-3.026683330535888672e-01 5.177156329154968262e-01
-2.296718060970306396e-01 2.584127485752105713e-01
-2.423546761274337769e-01 2.204170674085617065e-01
5.816663429141044617e-02 5.175412297248840332e-01
4.960264861583709717e-01 -4.755305945873260498e-01
-8.546767234802246094e-01 -4.530164599418640137e-01
-4.355215430259704590e-01 1.350826211273670197e-02
-5.191832184791564941e-01 6.756211072206497192e-02
-4.620973467826843262e-01 1.979975402355194092e-01
-3.143951296806335449e-01 -4.060972630977630615e-01
3.256342411041259766e-01 6.393098235130310059e-01
2.357544898986816406e-01 -1.055100783705711365e-01
-5.159591436386108398e-01 8.050341606140136719e-01
3.856137990951538086e-01 -6.815815567970275879e-01
-3.527898192405700684e-01 2.121274471282958984e-01
-1.396194547414779663e-01 3.871765434741973877e-01
-2.750405371189117432e-01 -1.057782024145126343e-01
7.912224531173706055e-02 7.196860313415527344e-01
-1.839280724525451660e-01 4.103438854217529297e-01
2.610746026039123535e-01 -1.758873462677001953e-01
-7.244162261486053467e-03 -3.407943844795227051e-01
4.996312856674194336e-01 4.417433738708496094e-01
7.427266836166381836e-01 -3.570632934570312500e-01
6.956397294998168945e-01 5.984907746315002441e-01
6.308554410934448242e-01 -5.072262287139892578e-01
-4.150503873825073242e-01 -2.429455071687698364e-01
-4.714221060276031494e-01 -7.976428270339965820e-01
-2.780784070491790771e-01 -6.248492002487182617e-01
4.553610682487487793e-01 4.817396700382232666e-01
1.733390688896179199e-01 1.210438981652259827e-01
-2.901353240013122559e-01 4.498628973960876465e-01
-2.172336727380752563e-01 4.521163105964660645e-01
-6.407566070556640625e-01 -3.839134573936462402e-01
-4.567716270685195923e-02 8.148680925369262695e-01
4.553610682487487793e-01 4.817396700382232666e-01
4.947783648967742920e-01 -5.738378167152404785e-01
4.912174046039581299e-01 2.697882652282714844e-01
-5.018262863159179688e-01 -1.197036355733871460e-01
2.835368514060974121e-01 3.902511000633239746e-01
-5.281544327735900879e-01 5.756375789642333984e-01
7.746892571449279785e-01 5.314450860023498535e-01
-6.580509543418884277e-01 7.654574513435363770e-01
1.494474560022354126e-01 1.286984384059906006e-01
6.857246756553649902e-01 5.627502799034118652e-01
-2.450131773948669434e-01 3.369705984368920326e-03
-1.205525323748588562e-01 -4.224691092967987061e-01
5.105659831315279007e-03 7.196291089057922363e-01
4.923347830772399902e-01 5.305499434471130371e-01
2.150809168815612793e-01 7.795834541320800781e-01
-6.793334484100341797e-01 7.692141085863113403e-02
-2.554792761802673340e-01 2.453315854072570801e-01
-2.844710275530815125e-02 2.946167886257171631e-01
-3.346665501594543457e-01 -4.686169028282165527e-01
-6.714697480201721191e-01 -6.833730936050415039e-01
-3.467222750186920166e-01 3.367185890674591064e-01
-3.808349072933197021e-01 -3.671496212482452393e-01
-7.761107087135314941e-01 5.166009664535522461e-01
-6.309225559234619141e-01 4.424126446247100830e-01
-4.557268321514129639e-01 -1.928377002477645874e-01
-3.673116564750671387e-01 -4.983594715595245361e-01
-7.525231838226318359e-01 -1.325762122869491577e-01
-2.300313115119934082e-01 -1.862918436527252197e-01
5.889174342155456543e-01 -2.069416940212249756e-01
3.385563194751739502e-01 -5.550699308514595032e-02
-1.145653650164604187e-01 4.743330478668212891e-01
8.318828418850898743e-03 -5.211551785469055176e-01
1.070669069886207581e-01 3.067711889743804932e-01
7.291840016841888428e-02 4.555817544460296631e-01
3.749721944332122803e-01 3.763006329536437988e-01
-1.569549590349197388e-01 -2.438809424638748169e-01
-5.479463338851928711e-01 -2.230208963155746460e-01
1.494474560022354126e-01 1.286984384059906006e-01
-3.250359892845153809e-01 4.785971045494079590e-01
-4.454197287559509277e-01 -6.578891873359680176e-01
2.613714039325714111e-01 1.199709549546241760e-01
-2.348761409521102905e-01 6.329479813575744629e-01
4.954192936420440674e-01 -1.988758146762847900e-01
3.941588699817657471e-01 6.773271560668945312e-01
-7.227331399917602539e-01 -7.081787288188934326e-02
-5.495566725730895996e-01 3.133503496646881104e-01
-3.952832520008087158e-01 6.095508337020874023e-01
-2.918001413345336914e-01 1.563970148563385010e-01
-3.013046979904174805e-01 -8.014630079269409180e-01
-3.483997285366058350e-01 4.796047881245613098e-02
-2.292971014976501465e-01 -1.999894529581069946e-01
-4.355086982250213623e-01 -6.619471311569213867e-01
3.845926523208618164e-01 2.437181919813156128e-01
-2.810288667678833008e-01 -6.360553503036499023e-01
2.216187566518783569e-01 8.513728380203247070e-01
2.043164670467376709e-01 -6.813375353813171387e-01
-8.642408847808837891e-01 -1.795525103807449341e-01
-2.884383313357830048e-02 6.850157380104064941e-01
8.084321618080139160e-01 3.933775722980499268e-01
3.235675394535064697e-01 5.640178322792053223e-01
-2.175157964229583740e-01 -6.269774436950683594e-01
8.959320932626724243e-02 3.344706892967224121e-01
-5.494369864463806152e-01 4.573614597320556641e-01
-6.674426198005676270e-01 1.213275715708732605e-01
5.058413743972778320e-01 -2.755333483219146729e-01
-6.085230708122253418e-01 -2.573416233062744141e-01
-3.735074102878570557e-01 2.577669322490692139e-01
-1.566292047500610352e-01 -5.621308684349060059e-01
5.295924544334411621e-01 -5.321832299232482910e-01
1.232663989067077637e-01 2.976246774196624756e-01
-3.902352154254913330e-01 -7.444831728935241699e-01
-4.019936621189117432e-01 -5.820957422256469727e-01
1.905379146337509155e-01 4.157385230064392090e-02
-5.866819620132446289e-01 3.057700991630554199e-01
-4.118708670139312744e-01 -2.566238045692443848e-01
-3.464205861091613770e-01 -2.551582455635070801e-01
-3.267821967601776123e-01 3.001558780670166016e-01
5.687721967697143555e-01 -3.171921670436859131e-01
8.710342459380626678e-03 -1.134014353156089783e-01
-2.133110314607620239e-01 5.351999998092651367e-01
-8.471413254737854004e-01 -6.544131636619567871e-01
-6.179663538932800293e-01 1.868328601121902466e-01
-4.376915395259857178e-01 -4.420495331287384033e-01
3.442488014698028564e-01 -6.489680409431457520e-01
-2.454887330532073975e-01 -4.903547465801239014e-01
4.527934789657592773e-01 -4.120351672172546387e-01
-5.204526782035827637e-01 6.558437347412109375e-01
-3.464205861091613770e-01 -2.551582455635070801e-01
-3.755535781383514404e-01 3.904212415218353271e-01
1.421065926551818848e-01 7.470351457595825195e-01
6.591097116470336914e-01 -3.785865306854248047e-01
-6.625408530235290527e-01 1.427405625581741333e-01
7.018464803695678711e-01 -3.984103798866271973e-01
-1.440644264221191406e-04 -3.726965785026550293e-01
-6.698785424232482910e-01 7.694951295852661133e-01
6.808315515518188477e-01 5.943188071250915527e-01
6.077908277511596680e-01 4.971735477447509766e-01
7.184384465217590332e-01 -3.277737200260162354e-01
-3.357461988925933838e-01 -6.571797132492065430e-01
4.826149940490722656e-01 7.997078299522399902e-01
-2.389891445636749268e-01 -4.600248038768768311e-01
3.131018280982971191e-01 2.021324932575225830e-01
-5.376421213150024414e-01 8.675548434257507324e-02
-5.940628647804260254e-01 -4.174378812313079834e-01
-3.346056044101715088e-01 6.014295667409896851e-02
-5.866819620132446289e-01 3.057700991630554199e-01
6.679335832595825195e-01 -1.865013837814331055e-01
-3.134799301624298096e-01 -1.455260515213012695e-01
8.059592843055725098e-01 1.145061627030372620e-01
-1.393622308969497681e-01 2.214576601982116699e-01
-6.607932597398757935e-02 4.911851584911346436e-01
2.077040970325469971e-01 2.896403372287750244e-01
-2.554792761802673340e-01 2.453315854072570801e-01
-6.357476115226745605e-01 -5.472162365913391113e-02
8.051005601882934570e-01 6.016392111778259277e-01
-4.304854571819305420e-01 -5.539801344275474548e-02
-1.736202538013458252e-01 4.153609275817871094e-01
6.137868762016296387e-01 3.142287135124206543e-01
1.184230074286460876e-01 3.418392837047576904e-01
-6.259099245071411133e-01 -6.666874289512634277e-01
1.614551991224288940e-01 3.373997211456298828e-01
1.165464222431182861e-01 -6.802999377250671387e-01
6.719439625740051270e-01 7.438114285469055176e-01
-2.875418961048126221e-01 -5.962279438972473145e-01
-7.296776175498962402e-01 1.860325187444686890e-01
6.888172030448913574e-01 -1.472367793321609497e-01
-3.394975364208221436e-01 5.274854898452758789e-01
-3.611516654491424561e-01 6.926466822624206543e-01
8.159093856811523438e-01 4.786642268300056458e-02
-2.932003736495971680e-01 4.701223373413085938e-01
-2.932003736495971680e-01 4.701223373413085938e-01
-3.450662270188331604e-02 5.246986150741577148e-01
3.831068873405456543e-01 5.819116830825805664e-01
1.514942497014999390e-01 -3.821897506713867188e-01
4.576774239540100098e-01 6.118103265762329102e-01
4.526264071464538574e-01 4.610647857189178467e-01
-2.368710376322269440e-02 -1.993759721517562866e-01
4.237049520015716553e-01 2.217471152544021606e-01
2.835514843463897705e-01 6.067613959312438965e-01
8.710342459380626678e-03 -1.134014353156089783e-01
-4.511064291000366211e-02 3.006643652915954590e-01
-3.527898192405700684e-01 2.121274471282958984e-01
4.813525676727294922e-01 -1.046478399075567722e-03
-1.358468979597091675e-01 -2.147612124681472778e-01
-2.951579988002777100e-01 -4.141938686370849609e-01
1.096852719783782959e-01 6.767703890800476074e-01
1.317011862993240356e-01 6.491732597351074219e-01
-8.675303459167480469e-01 -8.067450672388076782e-02
-4.884048402309417725e-01 6.130690574645996094e-01
-3.181072175502777100e-01 -5.615633130073547363e-01
-2.537308633327484131e-01 -7.558001279830932617e-01
3.600527644157409668e-01 -4.952194988727569580e-01
-6.935756206512451172e-01 4.876803159713745117e-01
4.742990434169769287e-01 1.937682628631591797e-01
1.623957008123397827e-01 6.968521475791931152e-01
-7.235149145126342773e-01 3.010863959789276123e-01
3.941588699817657471e-01 6.773271560668945312e-01
5.935137346386909485e-02 -6.237735748291015625e-01
-4.291204214096069336e-01 6.929653137922286987e-02
2.978851497173309326e-01 -2.700392305850982666e-01
-8.471413254737854004e-01 -6.544131636619567871e-01
-2.175157964229583740e-01 -6.269774436950683594e-01
3.613569140434265137e-01 -1.677312552928924561e-01
7.423948645591735840e-01 6.294953823089599609e-01
-7.509723901748657227e-01 4.846588373184204102e-01
-2.637615203857421875e-01 1.302942037582397461e-01
6.925458461046218872e-02 2.251643836498260498e-01
6.079391762614250183e-02 4.421081840991973877e-01
1.536343395709991455e-01 5.429930090904235840e-01
5.358558893203735352e-02 -3.403004407882690430e-01
2.486239820718765259e-01 -1.990938000380992889e-02
-4.455126821994781494e-01 -8.095164299011230469e-01
8.028034567832946777e-01 6.057011485099792480e-01
-1.010108441114425659e-01 6.804212331771850586e-01
-1.611956655979156494e-01 -5.786452293395996094e-01
6.975400447845458984e-01 -1.813097149133682251e-01
4.947523772716522217e-01 5.049383044242858887e-01
-2.879865169525146484e-01 7.327986955642700195e-01
-3.336279988288879395e-01 1.400883346796035767e-01
2.835514843463897705e-01 6.067613959312438965e-01
6.622757017612457275e-02 3.723696768283843994e-01
1.712593138217926025e-01 5.562415719032287598e-02
4.811409115791320801e-01 6.480442881584167480e-01
6.199920177459716797e-01 -8.612450957298278809e-02
7.707847952842712402e-01 4.853155910968780518e-01
4.544700682163238525e-01 -1.142078861594200134e-01
-3.447699248790740967e-01 1.432944983243942261e-01
-3.116453886032104492e-01 3.301074504852294922e-01
7.718153595924377441e-01 -3.729451820254325867e-02
-2.558262348175048828e-01 -6.134725809097290039e-01
-6.259099245071411133e-01 -6.666874289512634277e-01
3.831689059734344482e-01 -1.294205933809280396e-01
5.163925886154174805e-01 1.882578730583190918e-01
-6.596134305000305176e-01 -4.519521296024322510e-01
-1.977859251201152802e-02 2.709628343582153320e-01
-5.328614711761474609e-01 1.484699547290802002e-01
6.916422247886657715e-01 1.475073397159576416e-01
-6.898899674415588379e-01 -4.776181876659393311e-01
3.316022753715515137e-01 -5.089900493621826172e-01
-4.291204214096069336e-01 6.929653137922286987e-02
-4.627358317375183105e-01 3.343677818775177002e-01
4.410852491855621338e-01 -5.658600330352783203e-01
6.180967688560485840e-01 -4.169398844242095947e-01
2.950629293918609619e-01 1.399309467524290085e-02
-4.731361567974090576e-01 5.318849086761474609e-01
1.317011862993240356e-01 6.491732597351074219e-01
2.131651639938354492e-01 2.937149815261363983e-02
-6.444358825683593750e-01 1.724696755409240723e-01
-2.742686271667480469e-01 -2.938829064369201660e-01
-6.085230708122253418e-01 -2.573416233062744141e-01
6.136026978492736816e-01 8.229157924652099609e-01
-1.319210529327392578e-01 2.455245852470397949e-01
2.148279733955860138e-02 -8.127970248460769653e-02
4.907734990119934082e-01 -5.946073532104492188e-01
-8.677581697702407837e-02 6.611485481262207031e-01
2.150809168815612793e-01 7.795834541320800781e-01
1.827030628919601440e-01 3.076010942459106445e-01
4.689368903636932373e-01 -4.227131009101867676e-01
-2.133110314607620239e-01 5.351999998092651367e-01
6.563153266906738281e-01 -1.451268345117568970e-01
4.135876521468162537e-02 -1.038671135902404785e-01
1.407499015331268311e-01 9.189250320196151733e-02
-1.930805742740631104e-01 5.063267946243286133e-01
-4.144501686096191406e-01 -7.560422178357839584e-03
1.525254547595977783e-01 -1.029213666915893555e-01
-3.046447336673736572e-01 -5.812285542488098145e-01
8.345939218997955322e-02 -2.666698396205902100e-01
-5.776732563972473145e-01 -5.229773372411727905e-02
-3.336279988288879395e-01 1.400883346796035767e-01
4.237049520015716553e-01 2.217471152544021606e-01
-5.344758629798889160e-01 -1.437164936214685440e-02
-6.179663538932800293e-01 1.868328601121902466e-01
7.898354530334472656e-01 4.379085898399353027e-01
-3.605435788631439209e-01 5.023135989904403687e-02
-7.615904808044433594e-01 -8.341524004936218262e-02
-6.519777327775955200e-02 -3.022420704364776611e-01
-8.091834187507629395e-01 -5.199722051620483398e-01
-7.650188207626342773e-01 6.492462754249572754e-01
-3.146368265151977539e-01 4.297433793544769287e-01
3.347093164920806885e-01 -3.882283568382263184e-01
-6.698785424232482910e-01 7.694951295852661133e-01
6.748072504997253418e-01 -6.135095283389091492e-02
-2.859507501125335693e-01 -3.868628442287445068e-01
7.217989563941955566e-01 5.097272992134094238e-01
4.931982457637786865e-01 -2.169199287891387939e-01
-5.515676140785217285e-01 -4.259404838085174561e-01
2.978851497173309326e-01 -2.700392305850982666e-01
-6.142677664756774902e-01 1.002580821514129639e-01
1.507352739572525024e-01 6.079736351966857910e-01
2.877947092056274414e-01 -2.629341557621955872e-02
2.571818232536315918e-01 4.304981529712677002e-01
4.923347830772399902e-01 5.305499434471130371e-01
4.348154366016387939e-01 1.923159211874008179e-01
1.343534886837005615e-01 -1.459910273551940918e-01
6.971541047096252441e-01 4.258357882499694824e-01
4.041970372200012207e-01 6.910404562950134277e-01
6.971541047096252441e-01 4.258357882499694824e-01
7.060945034027099609e-01 -2.171297371387481689e-02
4.912174046039581299e-01 2.697882652282714844e-01
-2.558262348175048828e-01 -6.134725809097290039e-01
-6.580509543418884277e-01 7.654574513435363770e-01
9.461638331413269043e-02 2.653028368949890137e-01
-3.450662270188331604e-02 5.246986150741577148e-01
-1.602566055953502655e-02 -3.016401529312133789e-01
-7.182402014732360840e-01 2.529084384441375732e-01
7.439804673194885254e-01 2.530032694339752197e-01
-5.159591436386108398e-01 8.050341606140136719e-01
-3.512079715728759766e-01 -6.543003916740417480e-01
3.005320578813552856e-02 4.063491821289062500e-01
-1.736202538013458252e-01 4.153609275817871094e-01
-6.596134305000305176e-01 -4.519521296024322510e-01
-3.214124143123626709e-01 7.514407038688659668e-01
7.847364544868469238e-01 -2.957238443195819855e-02
-1.113409698009490967e-01 7.838199138641357422e-01
4.982631802558898926e-01 -7.845049351453781128e-02
-2.425957471132278442e-02 -1.875727921724319458e-01
-3.152801096439361572e-01 -1.402064859867095947e-01
-2.767522037029266357e-01 -5.774443224072456360e-02
-3.013046979904174805e-01 -8.014630079269409180e-01
4.783022403717041016e-01 -5.729834437370300293e-01
7.741055488586425781e-01 5.189265608787536621e-01
-6.372687220573425293e-01 -6.886498332023620605e-01
3.005320578813552856e-02 4.063491821289062500e-01
-7.615904808044433594e-01 -8.341524004936218262e-02
-6.407566070556640625e-01 -3.839134573936462402e-01
4.323650002479553223e-01 -2.738375365734100342e-01
1.330017112195491791e-02 -2.692497372627258301e-01
-5.617683529853820801e-01 -2.793600223958492279e-02
4.464765489101409912e-01 3.162679970264434814e-01
-2.780784070491790771e-01 -6.248492002487182617e-01
-1.734326630830764771e-01 3.010919094085693359e-01
3.287353217601776123e-01 6.538016796112060547e-01
4.544700682163238525e-01 -1.142078861594200134e-01
-4.111355841159820557e-01 2.374645881354808807e-02
3.117268681526184082e-01 -2.531015574932098389e-01
5.825875997543334961e-01 3.466336429119110107e-01
-6.240294575691223145e-01 -4.752686321735382080e-01
-2.550837099552154541e-01 -1.609540283679962158e-01
5.747872591018676758e-01 7.470821738243103027e-01
-5.776732563972473145e-01 -5.229773372411727905e-02
-6.077119708061218262e-01 2.673303186893463135e-01
-5.660970211029052734e-01 1.164552792906761169e-01
-1.930805742740631104e-01 5.063267946243286133e-01
-3.261415660381317139e-01 -3.956406712532043457e-01
-5.598704144358634949e-02 -3.501214981079101562e-01
-1.959626525640487671e-01 4.038577377796173096e-01
4.537459909915924072e-01 3.955342769622802734e-01
2.630456387996673584e-01 -1.971356272697448730e-01
2.077040970325469971e-01 2.896403372287750244e-01
4.925869107246398926e-01 -1.181854903697967529e-01
-4.157145321369171143e-01 2.343892604112625122e-01
3.380768299102783203e-01 1.609509289264678955e-01
-3.061392717063426971e-02 -2.591442465782165527e-01
-2.296718060970306396e-01 2.584127485752105713e-01
-5.918726325035095215e-01 4.296448826789855957e-01
-4.884048402309417725e-01 6.130690574645996094e-01
4.972902238368988037e-01 -2.294311523437500000e-01
-4.714221060276031494e-01 -7.976428270339965820e-01
5.789244174957275391e-01 3.476246595382690430e-01
-8.331432193517684937e-02 -1.459468305110931396e-01
2.175419777631759644e-01 3.534506261348724365e-01
-3.310459554195404053e-01 3.525306284427642822e-01
1.817874014377593994e-01 -1.697875559329986572e-01
-4.421133697032928467e-01 -2.162000089883804321e-01
-3.842353820800781250e-01 7.791915535926818848e-01
-1.727614700794219971e-01 5.252935886383056641e-01
-3.357461988925933838e-01 -6.571797132492065430e-01
7.369960546493530273e-01 -1.483793854713439941e-01
-3.181072175502777100e-01 -5.615633130073547363e-01
4.505700170993804932e-01 -5.009888410568237305e-01
2.871513366699218750e-01 8.569865226745605469e-01
2.580219646915793419e-03 2.385514378547668457e-01
3.017435073852539062e-01 3.208546340465545654e-01
-7.621827721595764160e-01 -4.758268892765045166e-01
-6.805536746978759766e-01 -7.557448148727416992e-01
1.765181571245193481e-01 2.987490296363830566e-01
6.854675412178039551e-01 -3.820562064647674561e-01
3.387855365872383118e-03 -6.571008563041687012e-01
1.507352739572525024e-01 6.079736351966857910e-01
1.469127535820007324e-01 6.581279039382934570e-01
-1.458548158407211304e-01 2.791070938110351562e-01
-2.318163514137268066e-01 2.096766680479049683e-01
5.806569457054138184e-01 -1.465476900339126587e-01
7.261542081832885742e-01 5.871671810746192932e-02
4.934092164039611816e-01 -2.117484807968139648e-01
2.921498119831085205e-01 6.472370624542236328e-01
1.121112480759620667e-01 4.223505854606628418e-01
-7.227331399917602539e-01 -7.081787288188934326e-02
1.232663989067077637e-01 2.976246774196624756e-01
4.689368903636932373e-01 -4.227131009101867676e-01
-6.601350903511047363e-01 3.389911651611328125e-01
2.534296810626983643e-01 3.839671611785888672e-01
-1.885780543088912964e-01 5.297792553901672363e-01
5.358558893203735352e-02 -3.403004407882690430e-01
-5.937191247940063477e-01 -5.473181605339050293e-01
-5.352582335472106934e-01 1.106770262122154236e-01
1.184230074286460876e-01 3.418392837047576904e-01
-3.587194383144378662e-01 -3.174080848693847656e-01
6.237873062491416931e-02 -4.406630098819732666e-01
4.005596339702606201e-01 3.318667411804199219e-01
-3.140409588813781738e-01 4.833660721778869629e-01
-5.941003561019897461e-01 2.652959227561950684e-01
-1.393622308969497681e-01 2.214576601982116699e-01
1.044976934790611267e-01 1.751835793256759644e-01
4.242604374885559082e-01 6.541267037391662598e-01
-2.220416665077209473e-01 -7.184156179428100586e-01
-3.212703466415405273e-01 -7.048679143190383911e-02
-2.577758133411407471e-01 6.723210215568542480e-01
1.076026186347007751e-01 5.929581522941589355e-01
3.789434134960174561e-01 -5.680670738220214844e-01
2.004094421863555908e-01 -4.112017452716827393e-01
-9.861458837985992432e-02 2.045960873365402222e-01
1.076026186347007751e-01 5.929581522941589355e-01
5.973179340362548828e-01 -3.166612088680267334e-01
2.063732407987117767e-02 -3.872992396354675293e-01
1.407499015331268311e-01 9.189250320196151733e-02
-3.199060261249542236e-01 5.327649116516113281e-01
2.245748490095138550e-01 5.333902686834335327e-02
-5.144770741462707520e-01 -7.284266352653503418e-01
1.737360954284667969e-01 5.608455538749694824e-01
4.003663957118988037e-01 7.623064517974853516e-02
1.202618852257728577e-01 -1.368609815835952759e-01
-6.522013545036315918e-01 -1.174552142620086670e-01
2.241925299167633057e-01 -7.212777733802795410e-01
6.876645684242248535e-01 -5.194475650787353516e-01
2.438481003046035767e-01 6.409940123558044434e-02
7.427266836166381836e-01 -3.570632934570312500e-01
-6.382964253425598145e-01 -6.991603970527648926e-01
-4.731361567974090576e-01 5.318849086761474609e-01
6.622757017612457275e-02 3.723696768283843994e-01
-4.421133697032928467e-01 -2.162000089883804321e-01
-1.640075892210006714e-01 -3.948174417018890381e-01
2.571818232536315918e-01 4.304981529712677002e-01
2.756147086620330811e-01 1.535727977752685547e-01
-9.725949168205261230e-02 -3.482034802436828613e-01
-2.948044836521148682e-01 1.295700073242187500e-01
5.587936639785766602e-01 -5.489907264709472656e-01
-2.997166216373443604e-01 4.125317186117172241e-02
1.342218518257141113e-01 -2.833828516304492950e-02
-1.145653650164604187e-01 4.743330478668212891e-01
5.653449892997741699e-01 1.539817899465560913e-01
-4.172894954681396484e-01 -4.166609346866607666e-01
5.287990570068359375e-01 5.873515009880065918e-01
-1.699516326189041138e-01 5.221611261367797852e-01
-4.372222423553466797e-01 -3.822935521602630615e-01
-3.447699248790740967e-01 1.432944983243942261e-01
2.465150058269500732e-01 8.221168071031570435e-02
5.789244174957275391e-01 3.476246595382690430e-01
6.552641391754150391e-01 1.766353547573089600e-01
-4.185026884078979492e-01 4.237875044345855713e-01
3.108536638319492340e-02 3.987600505352020264e-01
4.962632060050964355e-01 -3.777549862861633301e-01
-5.937191247940063477e-01 -5.473181605339050293e-01
3.749721944332122803e-01 3.763006329536437988e-01
-5.300400257110595703e-01 9.662646055221557617e-02
-4.510948061943054199e-01 3.616496026515960693e-01
7.724297642707824707e-01 9.735026210546493530e-02
-8.085262179374694824e-01 3.763496279716491699e-01
3.345086872577667236e-01 -3.933552801609039307e-01
-3.597708940505981445e-01 5.958552360534667969e-01
3.071441948413848877e-01 -5.642224475741386414e-02
4.170023202896118164e-01 -8.483213186264038086e-02
5.870901942253112793e-01 1.583327203989028931e-01
-4.118708670139312744e-01 -2.566238045692443848e-01
-6.631577610969543457e-01 3.114557862281799316e-01
-3.394975364208221436e-01 5.274854898452758789e-01
-2.592845261096954346e-01 -2.994011640548706055e-01
-1.839280724525451660e-01 4.103438854217529297e-01
6.812214255332946777e-01 3.653536736965179443e-01
5.058413743972778320e-01 -2.755333483219146729e-01
6.989093422889709473e-01 6.961066275835037231e-02
6.237873062491416931e-02 -4.406630098819732666e-01
-5.812356472015380859e-01 -3.549059629440307617e-01
-2.879865169525146484e-01 7.327986955642700195e-01
-8.810693770647048950e-02 -5.051309466361999512e-01
7.576856017112731934e-01 -3.116317987442016602e-01
6.563153266906738281e-01 -1.451268345117568970e-01
-1.358468979597091675e-01 -2.147612124681472778e-01
1.449747383594512939e-01 1.556450873613357544e-01
3.317954540252685547e-01 5.465278625488281250e-01
1.070669069886207581e-01 3.067711889743804932e-01
4.088569283485412598e-01 2.360341548919677734e-01
-1.569549590349197388e-01 -2.438809424638748169e-01
-2.241771221160888672e-01 5.175532698631286621e-01
-2.300313115119934082e-01 -1.862918436527252197e-01
-2.438316047191619873e-01 1.514779180288314819e-01
-1.087199524044990540e-02 -4.464854300022125244e-01
4.483427405357360840e-01 7.215369343757629395e-01
5.130494236946105957e-01 -1.078814789652824402e-01
-4.879072606563568115e-01 -5.606186576187610626e-03
-5.918726325035095215e-01 4.296448826789855957e-01
4.257824420928955078e-01 4.513378441333770752e-01
4.526350796222686768e-01 -2.112099826335906982e-01
-6.867071986198425293e-01 -4.891750216484069824e-01
2.339162826538085938e-01 -4.261093139648437500e-01
-2.997323870658874512e-01 3.173555731773376465e-01
-3.346665501594543457e-01 -4.686169028282165527e-01
-4.830068051815032959e-01 -5.330700278282165527e-01
2.217139154672622681e-01 1.642355918884277344e-01
5.889174342155456543e-01 -2.069416940212249756e-01
2.722178697586059570e-01 -6.862478256225585938e-01
-5.021873712539672852e-01 -8.103612065315246582e-01
2.749721109867095947e-01 3.891952633857727051e-01
-6.310369819402694702e-02 -2.573387026786804199e-01
-2.425957471132278442e-02 -1.875727921724319458e-01
1.690262705087661743e-01 -6.119541078805923462e-02
-1.936012059450149536e-01 -2.650960087776184082e-01
-7.650188207626342773e-01 6.492462754249572754e-01
-4.280781745910644531e-01 -1.907941251993179321e-01
7.439515590667724609e-01 -2.008001953363418579e-01
7.576856017112731934e-01 -3.116317987442016602e-01
1.942694187164306641e-02 4.187366068363189697e-01
8.159093856811523438e-01 4.786642268300056458e-02
-5.658452957868576050e-02 -1.616337299346923828e-01
2.198828160762786865e-01 -1.808504760265350342e-01
4.483427405357360840e-01 7.215369343757629395e-01
-6.170262396335601807e-02 8.670679479837417603e-02
3.470365405082702637e-01 5.261115729808807373e-02
-7.155284881591796875e-01 -4.117163419723510742e-01
2.465150058269500732e-01 8.221168071031570435e-02
3.762748539447784424e-01 -3.801710307598114014e-01
4.901174008846282959e-01 -3.215308487415313721e-01
9.461638331413269043e-02 2.653028368949890137e-01
-5.280380845069885254e-01 -2.686402387917041779e-02
4.005012214183807373e-01 -1.909336000680923462e-01
-6.983583569526672363e-01 -5.331719517707824707e-01
4.632128775119781494e-01 -3.862888514995574951e-01
-2.254361063241958618e-01 -4.540178775787353516e-01
5.730387568473815918e-01 1.233016774058341980e-01
-3.825239241123199463e-01 6.512087769806385040e-03
-5.218268632888793945e-01 2.032084912061691284e-01
-4.489186033606529236e-02 5.260366201400756836e-01
-8.237786293029785156e-01 -7.057836651802062988e-01
1.712593138217926025e-01 5.562415719032287598e-02
-6.674426198005676270e-01 1.213275715708732605e-01
-5.691292881965637207e-01 6.387604027986526489e-02
-5.923859477043151855e-01 -7.172372937202453613e-01
7.975295186042785645e-01 -2.016297914087772369e-02
1.853748112916946411e-01 -2.906204946339130402e-02
4.242390096187591553e-01 -8.051331341266632080e-02
-4.304854571819305420e-01 -5.539801344275474548e-02
3.380768299102783203e-01 1.609509289264678955e-01
-2.362738251686096191e-01 2.068301290273666382e-01
-1.986843794584274292e-01 4.413284957408905029e-01
9.114820510149002075e-02 -6.852882504463195801e-01
4.036267101764678955e-01 7.792205810546875000e-01
-1.677859388291835785e-02 -6.999688148498535156e-01
1.584779322147369385e-01 5.541397631168365479e-02
-7.606879472732543945e-01 -6.942334175109863281e-01
-6.400454044342041016e-02 8.758265525102615356e-02
2.647780478000640869e-01 8.247978053987026215e-03
6.180967688560485840e-01 -4.169398844242095947e-01
-4.941416978836059570e-01 -8.606036752462387085e-02
-3.755535781383514404e-01 3.904212415218353271e-01
-3.743716478347778320e-01 -1.381158232688903809e-01
3.570085465908050537e-01 -5.053897202014923096e-02
5.141744017601013184e-01 -1.124313548207283020e-01
7.439804673194885254e-01 2.530032694339752197e-01
-6.980714201927185059e-01 -2.761787921190261841e-02
5.166705250740051270e-01 -2.334208637475967407e-01
-5.123132467269897461e-01 -4.453821778297424316e-01
3.762748539447784424e-01 -3.801710307598114014e-01
-2.348761409521102905e-01 6.329479813575744629e-01
2.858995199203491211e-01 -3.722904622554779053e-01
-1.489117927849292755e-02 4.893119931221008301e-01
-1.644618809223175049e-01 -1.629736274480819702e-01
6.458859443664550781e-01 -5.990414321422576904e-02
-3.987052142620086670e-01 -4.410502314567565918e-02
1.289123594760894775e-01 -2.671511145308613777e-03
-4.948911964893341064e-01 -1.009563133120536804e-01
-3.310788869857788086e-01 8.099411129951477051e-01
-7.108592391014099121e-01 -7.752151489257812500e-01
6.111773848533630371e-01 8.082488775253295898e-01
7.719049602746963501e-02 3.661579787731170654e-01
-3.633106648921966553e-01 1.862429082393646240e-01
-5.046187639236450195e-01 4.894663989543914795e-01
2.580219646915793419e-03 2.385514378547668457e-01
-3.135177865624427795e-02 4.902794957160949707e-01
-6.045264601707458496e-01 5.892515182495117188e-01
-5.067522525787353516e-01 -5.010448694229125977e-01
7.261542081832885742e-01 5.871671810746192932e-02
-6.132443994283676147e-02 -2.385023087263107300e-01
-3.431029319763183594e-01 7.050812244415283203e-01
2.339162826538085938e-01 -4.261093139648437500e-01
2.455034106969833374e-01 3.399870991706848145e-01
-4.487785100936889648e-01 1.283537447452545166e-01
-7.419987916946411133e-01 -6.105794310569763184e-01
-3.721019029617309570e-01 -7.396727800369262695e-01
1.096852719783782959e-01 6.767703890800476074e-01
4.615329802036285400e-01 -8.703775703907012939e-02
1.125012710690498352e-01 5.506538972258567810e-02
-3.902352154254913330e-01 -7.444831728935241699e-01
-6.444358825683593750e-01 1.724696755409240723e-01
-8.331432193517684937e-02 -1.459468305110931396e-01
6.179348230361938477e-01 4.072263240814208984e-01
-6.353700906038284302e-02 -4.411387145519256592e-01
-1.205525323748588562e-01 -4.224691092967987061e-01
3.729010522365570068e-01 2.706754505634307861e-01
9.114820510149002075e-02 -6.852882504463195801e-01
-3.394184410572052002e-01 7.610893249511718750e-02
-5.476951599121093750e-01 7.590135186910629272e-02
-5.532777309417724609e-01 5.063267946243286133e-01
2.868228964507579803e-02 -4.989734888076782227e-01
2.438481003046035767e-01 6.409940123558044434e-02
3.092530071735382080e-01 2.332136221230030060e-02
5.311343669891357422e-01 -2.363481372594833374e-01
3.473241329193115234e-01 -6.371956467628479004e-01
1.423334628343582153e-01 2.834865450859069824e-01
-8.001687526702880859e-01 -4.916315674781799316e-01
4.803821444511413574e-01 -3.874804973602294922e-01
-3.276322185993194580e-01 5.928213596343994141e-01
4.323650002479553223e-01 -2.738375365734100342e-01
1.862734556198120117e-01 -3.124419748783111572e-01
-6.625408530235290527e-01 1.427405625581741333e-01
6.552641391754150391e-01 1.766353547573089600e-01
-5.923859477043151855e-01 -7.172372937202453613e-01
4.615329802036285400e-01 -8.703775703907012939e-02
3.643995821475982666e-01 -2.635711729526519775e-01
-4.604087471961975098e-01 -5.534656047821044922e-01
3.190668821334838867e-01 5.173405632376670837e-02
6.904383301734924316e-01 5.331068038940429688e-01
5.653449892997741699e-01 1.539817899465560913e-01
5.151928067207336426e-01 1.244983002543449402e-01
4.901174008846282959e-01 -3.215308487415313721e-01
2.157762795686721802e-01 5.819240808486938477e-01
-3.467222750186920166e-01 3.367185890674591064e-01
1.795855909585952759e-01 -2.231837809085845947e-01
2.548801004886627197e-01 -6.819198727607727051e-01
-9.861458837985992432e-02 2.045960873365402222e-01
-4.558430910110473633e-01 7.027559876441955566e-01
3.500444293022155762e-01 1.142084747552871704e-01
-1.734326630830764771e-01 3.010919094085693359e-01
-6.482305377721786499e-02 6.505777239799499512e-01
4.390815794467926025e-01 -2.384358644485473633e-01
-8.181945085525512695e-01 -2.222477495670318604e-01
-5.105857253074645996e-01 -2.164586931467056274e-01
-6.240294575691223145e-01 -4.752686321735382080e-01
-8.076003789901733398e-01 -5.761537551879882812e-01
5.434854030609130859e-01 7.566756010055541992e-01
4.558846354484558105e-02 -1.061883941292762756e-01
-3.027783334255218506e-01 -2.639675699174404144e-02
4.088569283485412598e-01 2.360341548919677734e-01
6.904383301734924316e-01 5.331068038940429688e-01
-1.611956655979156494e-01 -5.786452293395996094e-01
3.117268681526184082e-01 -2.531015574932098389e-01
-4.657669365406036377e-01 5.033228397369384766e-01
-2.988874316215515137e-01 -4.051730781793594360e-02
5.678187012672424316e-01 -8.634435385465621948e-02
1.824254095554351807e-01 -1.823469251394271851e-01
2.682068943977355957e-01 1.187591254711151123e-01
-6.522013545036315918e-01 -1.174552142620086670e-01
-1.166637465357780457e-01 2.575075030326843262e-01
-3.332858085632324219e-01 -3.954457938671112061e-01
5.236855149269104004e-02 -3.974696397781372070e-01
1.525254547595977783e-01 -1.029213666915893555e-01
-4.157145321369171143e-01 2.343892604112625122e-01
-5.100749135017395020e-01 2.037328332662582397e-01
-1.977859251201152802e-02 2.709628343582153320e-01
2.148279733955860138e-02 -8.127970248460769653e-02
1.463628262281417847e-01 2.089793980121612549e-01
5.592767596244812012e-01 7.759337872266769409e-02
-3.721019029617309570e-01 -7.396727800369262695e-01
-1.640075892210006714e-01 -3.948174417018890381e-01
-1.699516326189041138e-01 5.221611261367797852e-01
6.634162366390228271e-02 3.773211240768432617e-01
-2.410564571619033813e-02 -1.495880931615829468e-01
1.817874014377593994e-01 -1.697875559329986572e-01
-6.701128482818603516e-01 2.717811763286590576e-01
6.516071557998657227e-01 -3.808921873569488525e-01
-6.010855436325073242e-01 -1.231558900326490402e-02
-2.844710275530815125e-02 2.946167886257171631e-01
3.310821950435638428e-01 -8.697274327278137207e-02
-5.099813342094421387e-01 -9.599815309047698975e-02
-5.898155570030212402e-01 1.396481096744537354e-01
3.287353217601776123e-01 6.538016796112060547e-01
5.853675603866577148e-01 4.553610384464263916e-01
4.041970372200012207e-01 6.910404562950134277e-01
-1.113409698009490967e-01 7.838199138641357422e-01
-3.531014323234558105e-01 3.261372447013854980e-02
4.962747916579246521e-02 7.445040941238403320e-01
1.145515143871307373e-01 -6.303734183311462402e-01
2.516123652458190918e-01 4.363124370574951172e-01
-1.691481620073318481e-01 2.539720237255096436e-01
-3.250359892845153809e-01 4.785971045494079590e-01
4.907734990119934082e-01 -5.946073532104492188e-01
1.614551991224288940e-01 3.373997211456298828e-01
-5.917370319366455078e-01 -2.798853814601898193e-01
-8.452821373939514160e-01 -5.267704725265502930e-01
-3.393312171101570129e-02 1.004128903150558472e-01
-1.885780543088912964e-01 5.297792553901672363e-01
-8.451119661331176758e-01 3.908930122852325439e-01
3.042708933353424072e-01 8.167683333158493042e-02
-5.100749135017395020e-01 2.037328332662582397e-01
2.696458101272583008e-01 1.712184995412826538e-01
2.063732407987117767e-02 -3.872992396354675293e-01
-3.952832520008087158e-01 6.095508337020874023e-01
-5.123132467269897461e-01 -4.453821778297424316e-01
5.480725765228271484e-01 7.674897313117980957e-01
4.925869107246398926e-01 -1.181854903697967529e-01
4.433990716934204102e-01 5.264503359794616699e-01
-3.610908389091491699e-01 -2.455120533704757690e-01
6.956397294998168945e-01 5.984907746315002441e-01
8.687248080968856812e-02 5.980145931243896484e-01
-4.557268321514129639e-01 -1.928377002477645874e-01
5.105659831315279007e-03 7.196291089057922363e-01
-1.766455471515655518e-01 -3.109051287174224854e-01
-4.451912939548492432e-01 -7.392825484275817871e-01
6.111773848533630371e-01 8.082488775253295898e-01
6.719439625740051270e-01 7.438114285469055176e-01
8.509292006492614746e-01 3.188244104385375977e-01
-7.509723901748657227e-01 4.846588373184204102e-01
6.268738508224487305e-01 8.695893734693527222e-02
-7.355881929397583008e-01 9.134241938591003418e-02
-2.988874316215515137e-01 -4.051730781793594360e-02
-4.442792832851409912e-01 -5.248832106590270996e-01
3.905778229236602783e-01 5.738570690155029297e-01
-1.320284605026245117e-01 -2.144247740507125854e-01
6.975400447845458984e-01 -1.813097149133682251e-01
5.219337344169616699e-01 -1.156581118702888489e-01
2.771700620651245117e-01 -3.159205913543701172e-01
2.241925299167633057e-01 -7.212777733802795410e-01
-4.596793055534362793e-01 2.470941394567489624e-01
-4.724721312522888184e-01 6.520659923553466797e-01
-6.983583569526672363e-01 -5.331719517707824707e-01
2.246019095182418823e-01 1.786187142133712769e-01
-2.810288667678833008e-01 -6.360553503036499023e-01
-4.627358317375183105e-01 3.343677818775177002e-01
3.878179192543029785e-02 -9.816229343414306641e-02
3.470365405082702637e-01 5.261115729808807373e-02
2.771700620651245117e-01 -3.159205913543701172e-01
-2.620475590229034424e-01 3.218626677989959717e-01
3.292839527130126953e-01 -9.643012285232543945e-02
-4.558430910110473633e-01 7.027559876441955566e-01
-4.193307086825370789e-02 3.530055582523345947e-01
3.292439877986907959e-01 -4.602016210556030273e-01
2.414085119962692261e-01 6.169368028640747070e-01
6.876645684242248535e-01 -5.194475650787353516e-01
-3.611516654491424561e-01 6.926466822624206543e-01
2.031030058860778809e-01 2.908574640750885010e-01
2.483790516853332520e-01 6.206814646720886230e-01
-3.332858085632324219e-01 -3.954457938671112061e-01
6.767396926879882812e-01 3.250061273574829102e-01
1.112011298537254333e-01 5.386724472045898438e-01
-1.609582304954528809e-01 -1.986452490091323853e-01
1.421065926551818848e-01 7.470351457595825195e-01
-2.948044836521148682e-01 1.295700073242187500e-01
2.471541017293930054e-01 1.190011054277420044e-01
-1.458548158407211304e-01 2.791070938110351562e-01
-2.682883143424987793e-01 -5.333191752433776855e-01
4.813525676727294922e-01 -1.046478399075567722e-03
7.396560311317443848e-01 -3.532470166683197021e-01
8.084321618080139160e-01 3.933775722980499268e-01
7.122194766998291016e-01 -1.151681914925575256e-01
4.317981600761413574e-01 -4.896156117320060730e-02
-6.121201515197753906e-01 -9.442324191331863403e-02
-2.080207765102386475e-01 -1.796722859144210815e-01
-3.431029319763183594e-01 7.050812244415283203e-01
-2.220416665077209473e-01 -7.184156179428100586e-01
7.184384465217590332e-01 -3.277737200260162354e-01
1.044976934790611267e-01 1.751835793256759644e-01
4.410852491855621338e-01 -5.658600330352783203e-01
-5.236417055130004883e-01 6.070694923400878906e-01
3.190668821334838867e-01 5.173405632376670837e-02
4.954192936420440674e-01 -1.988758146762847900e-01
-6.357476115226745605e-01 -5.472162365913391113e-02
-6.089178919792175293e-01 4.820748418569564819e-02
6.835761666297912598e-01 -3.670896887779235840e-01
-4.355086982250213623e-01 -6.619471311569213867e-01
-2.859507501125335693e-01 -3.868628442287445068e-01
-6.138467788696289062e-01 7.460271716117858887e-01
-2.389891445636749268e-01 -4.600248038768768311e-01
4.576774239540100098e-01 6.118103265762329102e-01
-6.061992049217224121e-01 -5.682212710380554199e-01
6.090032458305358887e-01 1.202431470155715942e-01
6.876027584075927734e-01 -3.931551873683929443e-01
2.043535411357879639e-01 1.963485628366470337e-01
3.890845477581024170e-01 7.067254185676574707e-02
-4.193307086825370789e-02 3.530055582523345947e-01
-6.898899674415588379e-01 -4.776181876659393311e-01
1.133442148566246033e-01 3.945380449295043945e-01
3.347093164920806885e-01 -3.882283568382263184e-01
-1.347895245999097824e-02 -3.491708040237426758e-01
-6.446030139923095703e-01 -4.331215322017669678e-01
7.975295186042785645e-01 -2.016297914087772369e-02
2.059537023305892944e-01 1.728195846080780029e-01
-4.372222423553466797e-01 -3.822935521602630615e-01
-1.098468527197837830e-01 -5.752782821655273438e-01
-7.525231838226318359e-01 -1.325762122869491577e-01
7.730795145034790039e-01 7.176104187965393066e-02
-6.372687220573425293e-01 -6.886498332023620605e-01
6.089230179786682129e-01 7.500357627868652344e-01
-4.286978542804718018e-01 -6.675143241882324219e-01
1.353213638067245483e-01 -2.516273856163024902e-01
6.668038964271545410e-01 1.996039301156997681e-01
-3.491125404834747314e-01 1.892366819083690643e-02
-1.518704928457736969e-02 -2.364181429147720337e-01
-1.732441335916519165e-01 5.239571332931518555e-01
3.136572539806365967e-01 7.204778492450714111e-02
-2.092735022306442261e-01 -8.023765683174133301e-01
5.716627240180969238e-01 7.794553041458129883e-02
-3.393312171101570129e-02 1.004128903150558472e-01
1.353213638067245483e-01 -2.516273856163024902e-01
-1.405511349439620972e-01 5.650891065597534180e-01
2.935066223144531250e-01 -1.004291176795959473e-01
4.931562542915344238e-01 -5.926557183265686035e-01
1.646330058574676514e-01 1.422626227140426636e-01
-1.379164028912782669e-02 -5.125775337219238281e-01
5.935137346386909485e-02 -6.237735748291015625e-01
-2.450131773948669434e-01 3.369705984368920326e-03
-4.550238549709320068e-01 -4.260854423046112061e-01
-3.124575614929199219e-01 -3.444108963012695312e-01
3.757293522357940674e-01 9.022367000579833984e-02
-6.980714201927185059e-01 -2.761787921190261841e-02
8.345939218997955322e-02 -2.666698396205902100e-01
1.400668025016784668e-01 4.529333710670471191e-01
-3.198575675487518311e-01 5.771709680557250977e-01
-1.303680539131164551e-01 2.173030674457550049e-01
2.270610630512237549e-01 5.248025655746459961e-01
5.091679096221923828e-01 5.551708340644836426e-01
-5.650353431701660156e-01 -6.580127477645874023e-01
-8.001687526702880859e-01 -4.916315674781799316e-01
-7.392870783805847168e-01 -3.500252068042755127e-01
6.458859443664550781e-01 -5.990414321422576904e-02
-1.811264157295227051e-01 -2.825508117675781250e-01
-5.691292881965637207e-01 6.387604027986526489e-02
4.170023202896118164e-01 -8.483213186264038086e-02
-6.400454044342041016e-02 8.758265525102615356e-02
6.888172030448913574e-01 -1.472367793321609497e-01
-2.431504130363464355e-01 -9.845017641782760620e-02
7.371584177017211914e-01 7.860736846923828125e-01
-8.205540776252746582e-01 -6.043215990066528320e-01
5.219337344169616699e-01 -1.156581118702888489e-01
-2.215868979692459106e-02 -2.815821468830108643e-01
6.555525660514831543e-01 7.627062797546386719e-01
-5.205802619457244873e-02 3.620848953723907471e-01
2.162215113639831543e-01 -1.912160515785217285e-01
6.679335832595825195e-01 -1.865013837814331055e-01
-8.085262179374694824e-01 3.763496279716491699e-01
4.064089953899383545e-01 1.298485696315765381e-01
-2.431504130363464355e-01 -9.845017641782760620e-02
7.707847952842712402e-01 4.853155910968780518e-01
-3.156767785549163818e-01 -6.333204507827758789e-01
1.646330058574676514e-01 1.422626227140426636e-01
2.129087746143341064e-01 -3.596215844154357910e-01
-3.140409588813781738e-01 4.833660721778869629e-01
5.141744017601013184e-01 -1.124313548207283020e-01
2.486239820718765259e-01 -1.990938000380992889e-02
-2.050003409385681152e-01 3.727304637432098389e-01
-7.621827721595764160e-01 -4.758268892765045166e-01
3.570085465908050537e-01 -5.053897202014923096e-02
3.923175632953643799e-01 7.030543684959411621e-01
-3.529513776302337646e-01 2.236289232969284058e-01
4.553185701370239258e-01 7.483875751495361328e-02
-2.138990163803100586e-02 7.659707665443420410e-01
5.747872591018676758e-01 7.470821738243103027e-01
-3.212703466415405273e-01 -7.048679143190383911e-02
2.176857441663742065e-01 5.673826113343238831e-02
-3.267821967601776123e-01 3.001558780670166016e-01
7.093111276626586914e-01 2.642530798912048340e-01
5.331789255142211914e-01 -1.998567879199981689e-01
-4.373028576374053955e-01 -2.480073869228363037e-01
5.461929440498352051e-01 -2.647489011287689209e-01
5.147677287459373474e-02 4.428333640098571777e-01
-3.134799301624298096e-01 -1.455260515213012695e-01
6.916422247886657715e-01 1.475073397159576416e-01
5.022189021110534668e-01 7.890238165855407715e-01
-2.748533785343170166e-01 -2.998390793800354004e-01
-1.098468527197837830e-01 -5.752782821655273438e-01
6.144462525844573975e-02 -6.620998382568359375e-01
7.122194766998291016e-01 -1.151681914925575256e-01
3.878179192543029785e-02 -9.816229343414306641e-02
-4.941416978836059570e-01 -8.606036752462387085e-02
-4.239510595798492432e-01 -5.087167024612426758e-01
3.316022753715515137e-01 -5.089900493621826172e-01
7.290698885917663574e-01 -5.546094104647636414e-02
3.975298404693603516e-01 1.212923377752304077e-01
7.018464803695678711e-01 -3.984103798866271973e-01
-6.411805748939514160e-01 3.058298528194427490e-01
-4.697477519512176514e-01 3.976495563983917236e-01
-7.510730624198913574e-01 -4.609530568122863770e-01
9.706166456453502178e-04 -7.391988635063171387e-01
4.527934789657592773e-01 -4.120351672172546387e-01
7.099664807319641113e-01 2.410009354352951050e-01
6.089230179786682129e-01 7.500357627868652344e-01
-5.495566725730895996e-01 3.133503496646881104e-01
-8.076003789901733398e-01 -5.761537551879882812e-01
-3.276322185993194580e-01 5.928213596343994141e-01
4.390815794467926025e-01 -2.384358644485473633e-01
3.789434134960174561e-01 -5.680670738220214844e-01
-7.338812202215194702e-02 -4.231395125389099121e-01
4.342986047267913818e-01 -3.465132117271423340e-01
6.303123831748962402e-01 7.028093934059143066e-01
3.739417195320129395e-01 3.465123176574707031e-01
-5.157252550125122070e-01 5.675507783889770508e-01
2.785671353340148926e-01 1.025034040212631226e-01
4.872607290744781494e-01 2.644611895084381104e-01
-5.278860926628112793e-01 3.054582476615905762e-01
-4.724721312522888184e-01 6.520659923553466797e-01
2.935066223144531250e-01 -1.004291176795959473e-01
1.112011298537254333e-01 5.386724472045898438e-01
3.466478586196899414e-01 -6.949046850204467773e-01
-1.690314263105392456e-01 -2.766058444976806641e-01
-2.783297598361968994e-01 2.995410859584808350e-01
-6.411805748939514160e-01 3.058298528194427490e-01
-2.828278578817844391e-02 -2.833867371082305908e-01
4.342986047267913818e-01 -3.465132117271423340e-01
-1.777199655771255493e-01 -5.017257332801818848e-01
4.855144619941711426e-01 7.903137803077697754e-01
-4.978518486022949219e-01 -1.880328208208084106e-01
-1.964471302926540375e-02 3.592322468757629395e-01
-1.644618809223175049e-01 -1.629736274480819702e-01
-6.867071986198425293e-01 -4.891750216484069824e-01
-3.296255469322204590e-01 8.319076895713806152e-01
4.962632060050964355e-01 -3.777549862861633301e-01
8.959320932626724243e-02 3.344706892967224121e-01
3.463245034217834473e-01 -1.988722681999206543e-01
2.854439616203308105e-01 -2.560962736606597900e-01
3.621353805065155029e-01 -6.616883445531129837e-03
6.359074264764785767e-03 -1.969610601663589478e-01
7.060945034027099609e-01 -2.171297371387481689e-02
7.423948645591735840e-01 6.294953823089599609e-01
-4.620973467826843262e-01 1.979975402355194092e-01
-1.931940168142318726e-01 -3.822632730007171631e-01
-3.808349072933197021e-01 -3.671496212482452393e-01
3.969516754150390625e-01 -3.516236245632171631e-01
6.591097116470336914e-01 -3.785865306854248047e-01
1.862734556198120117e-01 -3.124419748783111572e-01
2.074185609817504883e-01 2.521686255931854248e-01
-5.376421213150024414e-01 8.675548434257507324e-02
-4.186033308506011963e-01 2.477662116289138794e-01
-7.271590828895568848e-01 -1.331262886524200439e-01
-5.559397935867309570e-01 -4.086466133594512939e-01
2.131651639938354492e-01 2.937149815261363983e-02
-4.978518486022949219e-01 -1.880328208208084106e-01
4.783022403717041016e-01 -5.729834437370300293e-01
-3.152801096439361572e-01 -1.402064859867095947e-01
-1.026151627302169800e-01 2.587150335311889648e-01
7.966482043266296387e-01 3.198149800300598145e-01
-2.241771221160888672e-01 5.175532698631286621e-01
3.531179428100585938e-01 5.583204030990600586e-01
3.653897643089294434e-01 -2.949410378932952881e-01
-1.319210529327392578e-01 2.455245852470397949e-01
2.412811368703842163e-01 -6.252842545509338379e-01
-6.045264601707458496e-01 5.892515182495117188e-01
4.505700170993804932e-01 -5.009888410568237305e-01
-2.423546761274337769e-01 2.204170674085617065e-01
2.871513366699218750e-01 8.569865226745605469e-01
-6.061992049217224121e-01 -5.682212710380554199e-01
-3.512079715728759766e-01 -6.543003916740417480e-01
-7.244162261486053467e-03 -3.407943844795227051e-01
-4.150503873825073242e-01 -2.429455071687698364e-01
-5.940628647804260254e-01 -4.174378812313079834e-01
2.004094421863555908e-01 -4.112017452716827393e-01
-4.196752235293388367e-02 -8.142648637294769287e-02
7.966482043266296387e-01 3.198149800300598145e-01
-1.602566055953502655e-02 -3.016401529312133789e-01
3.108536638319492340e-02 3.987600505352020264e-01
-4.442792832851409912e-01 -5.248832106590270996e-01
-1.840402334928512573e-01 6.828037500381469727e-01
-4.451912939548492432e-01 -7.392825484275817871e-01
2.740276157855987549e-01 -4.679386615753173828e-01
-5.205802619457244873e-02 3.620848953723907471e-01
3.026583492755889893e-01 1.248335540294647217e-01
2.270610630512237549e-01 5.248025655746459961e-01
-2.676558494567871094e-01 -2.643271908164024353e-02
-2.459901422262191772e-01 4.835374653339385986e-01
-7.510730624198913574e-01 -4.609530568122863770e-01
-3.633106648921966553e-01 1.862429082393646240e-01
-5.215099453926086426e-02 -6.884832680225372314e-02
-5.566853880882263184e-01 2.084235548973083496e-01
-8.205540776252746582e-01 -6.043215990066528320e-01
-5.366249680519104004e-01 -2.130390703678131104e-01
5.452151298522949219e-01 -4.237207472324371338e-01
-6.245506405830383301e-01 3.203104138374328613e-01
4.803821444511413574e-01 -3.874804973602294922e-01
8.079200387001037598e-01 -2.077429555356502533e-02
-5.532732009887695312e-01 -4.431611895561218262e-01
7.912224531173706055e-02 7.196860313415527344e-01
5.730387568473815918e-01 1.233016774058341980e-01
-3.554280996322631836e-01 2.811591327190399170e-01
-1.024788990616798401e-01 7.751634716987609863e-01
1.113537177443504333e-01 -5.049134492874145508e-01
5.157406330108642578e-01 1.423092633485794067e-01
5.833265185356140137e-01 -2.284055948257446289e-01
2.587749063968658447e-01 -6.906472146511077881e-02
-6.700514554977416992e-01 7.970867753028869629e-01
-5.617683529853820801e-01 -2.793600223958492279e-02
4.972902238368988037e-01 -2.294311523437500000e-01
8.028034567832946777e-01 6.057011485099792480e-01
4.575929939746856689e-01 -1.501538008451461792e-01
-7.154687047004699707e-01 -6.339479684829711914e-01
-6.310369819402694702e-02 -2.573387026786804199e-01
2.217139154672622681e-01 1.642355918884277344e-01
5.816663429141044617e-02 5.175412297248840332e-01
-1.010357961058616638e-01 -3.538473248481750488e-01
2.418933510780334473e-01 5.844232067465782166e-02
1.737360954284667969e-01 5.608455538749694824e-01
2.246019095182418823e-01 1.786187142133712769e-01
2.785671353340148926e-01 1.025034040212631226e-01
-5.144770741462707520e-01 -7.284266352653503418e-01
-6.010855436325073242e-01 -1.231558900326490402e-02
-3.156767785549163818e-01 -6.333204507827758789e-01
-3.490315079689025879e-01 -6.162139400839805603e-02
2.193308323621749878e-01 -4.652221202850341797e-01
-6.700514554977416992e-01 7.970867753028869629e-01
3.310821950435638428e-01 -8.697274327278137207e-02
-6.974270939826965332e-01 -6.519125103950500488e-01
4.558846354484558105e-02 -1.061883941292762756e-01
2.749721109867095947e-01 3.891952633857727051e-01
-4.770787060260772705e-01 5.064118504524230957e-01
4.526350796222686768e-01 -2.112099826335906982e-01
3.562607169151306152e-01 1.403655111789703369e-01
-4.111355841159820557e-01 2.374645881354808807e-02
1.248756572604179382e-01 2.157541066408157349e-01
3.025990128517150879e-01 3.095923364162445068e-01
1.374137252569198608e-01 3.308602273464202881e-01
-7.355881929397583008e-01 9.134241938591003418e-02
6.812214255332946777e-01 3.653536736965179443e-01
7.671914696693420410e-01 1.436757482588291168e-02
-4.977128505706787109e-01 -5.930514335632324219e-01
2.357544898986816406e-01 -1.055100783705711365e-01
-6.640719771385192871e-01 -3.937593996524810791e-01
-8.627370595932006836e-01 1.803710758686065674e-01
1.133442148566246033e-01 3.945380449295043945e-01
-2.750405371189117432e-01 -1.057782024145126343e-01
-1.959626525640487671e-01 4.038577377796173096e-01
-1.519623249769210815e-01 6.231026053428649902e-01
-2.828278578817844391e-02 -2.833867371082305908e-01
-2.806691229343414307e-01 -4.105653166770935059e-01
-4.657669365406036377e-01 5.033228397369384766e-01
-5.189478397369384766e-01 -5.613607168197631836e-01
-3.467473387718200684e-01 3.919148743152618408e-01
4.585047662258148193e-01 6.406764388084411621e-01
-3.130398690700531006e-01 -6.341596841812133789e-01
5.553005933761596680e-01 -1.112112030386924744e-01
3.873662352561950684e-01 -2.732838094234466553e-01
3.320004940032958984e-01 6.779385209083557129e-01
-3.130398690700531006e-01 -6.341596841812133789e-01
-3.339930176734924316e-01 -6.254212856292724609e-01
-6.974270939826965332e-01 -6.519125103950500488e-01
2.018581479787826538e-01 2.062765061855316162e-01
3.463245034217834473e-01 -1.988722681999206543e-01
3.865946531295776367e-01 7.052753567695617676e-01
5.592767596244812012e-01 7.759337872266769409e-02
-8.092182874679565430e-01 -2.376207411289215088e-01
-7.087306976318359375e-01 -6.377263665199279785e-01
5.717743039131164551e-01 -2.824740111827850342e-01
1.342218518257141113e-01 -2.833828516304492950e-02
2.022668123245239258e-01 2.043149769306182861e-01
7.099664807319641113e-01 2.410009354352951050e-01
-3.032006025314331055e-01 3.142435848712921143e-01
-1.936012059450149536e-01 -2.650960087776184082e-01
2.162215113639831543e-01 -1.912160515785217285e-01
4.242604374885559082e-01 6.541267037391662598e-01
-1.658037602901458740e-01 -3.208712935447692871e-01
-2.918001413345336914e-01 1.563970148563385010e-01
5.157406330108642578e-01 1.423092633485794067e-01
-1.026151627302169800e-01 2.587150335311889648e-01
-5.102553367614746094e-01 1.262934952974319458e-01
6.077908277511596680e-01 4.971735477447509766e-01
-3.172183334827423096e-01 3.626680970191955566e-01
-3.987052142620086670e-01 -4.410502314567565918e-02
-1.518704928457736969e-02 -2.364181429147720337e-01
-6.669359803199768066e-01 5.214412882924079895e-02
5.716627240180969238e-01 7.794553041458129883e-02
-5.597638487815856934e-01 3.199239075183868408e-02
2.610746026039123535e-01 -1.758873462677001953e-01
-8.091834187507629395e-01 -5.199722051620483398e-01
-3.310459554195404053e-01 3.525306284427642822e-01
-2.050003409385681152e-01 3.727304637432098389e-01
2.587749063968658447e-01 -6.906472146511077881e-02
-3.605435788631439209e-01 5.023135989904403687e-02
4.229756444692611694e-02 3.741505146026611328e-01
2.647780478000640869e-01 8.247978053987026215e-03
7.730795145034790039e-01 7.176104187965393066e-02
-3.061392717063426971e-02 -2.591442465782165527e-01
-3.821618556976318359e-01 -4.523719251155853271e-01
-5.147776603698730469e-01 4.308348298072814941e-01
2.912533283233642578e-01 5.936183929443359375e-01
5.806569457054138184e-01 -1.465476900339126587e-01
7.231110334396362305e-01 7.491090800613164902e-03
-6.607932597398757935e-02 4.911851584911346436e-01
1.325289905071258545e-01 2.650425136089324951e-01
-1.347895245999097824e-02 -3.491708040237426758e-01
-2.637615203857421875e-01 1.302942037582397461e-01
-1.840402334928512573e-01 6.828037500381469727e-01
5.434854030609130859e-01 7.566756010055541992e-01
5.553005933761596680e-01 -1.112112030386924744e-01
4.546306431293487549e-01 -2.531255483627319336e-01
-8.181945085525512695e-01 -2.222477495670318604e-01
-3.135177865624427795e-02 4.902794957160949707e-01
1.113537177443504333e-01 -5.049134492874145508e-01
4.537459909915924072e-01 3.955342769622802734e-01
-6.601350903511047363e-01 3.389911651611328125e-01
4.753374159336090088e-01 -1.284817699342966080e-02
-6.957947015762329102e-01 4.391887187957763672e-01
5.147677287459373474e-02 4.428333640098571777e-01
-2.203060090541839600e-01 -7.240955829620361328e-01
4.962747916579246521e-02 7.445040941238403320e-01
-5.067522525787353516e-01 -5.010448694229125977e-01
4.808325767517089844e-01 1.977525949478149414e-01
7.291840016841888428e-02 4.555817544460296631e-01
5.163925886154174805e-01 1.882578730583190918e-01
-7.341337203979492188e-01 7.546777725219726562e-01
-1.166637465357780457e-01 2.575075030326843262e-01
-1.103642489761114120e-02 -1.702860593795776367e-01
-6.138467788696289062e-01 7.460271716117858887e-01
3.292439877986907959e-01 -4.602016210556030273e-01
-7.437203824520111084e-02 2.739952802658081055e-01
-2.410564571619033813e-02 -1.495880931615829468e-01
-3.394184410572052002e-01 7.610893249511718750e-02
6.734939813613891602e-01 -3.136050701141357422e-01
4.931982457637786865e-01 -2.169199287891387939e-01
7.417433857917785645e-01 7.252747565507888794e-02
-3.901654183864593506e-01 4.302365779876708984e-01
2.312891371548175812e-02 5.956133008003234863e-01
5.587936639785766602e-01 -5.489907264709472656e-01
3.856137990951538086e-01 -6.815815567970275879e-01
-4.510948061943054199e-01 3.616496026515960693e-01
5.994199514389038086e-01 -8.050014078617095947e-02
-3.673116564750671387e-01 -4.983594715595245361e-01
-7.419987916946411133e-01 -6.105794310569763184e-01
-5.236417055130004883e-01 6.070694923400878906e-01
5.973179340362548828e-01 -3.166612088680267334e-01
4.021312892436981201e-01 -5.330812335014343262e-01
6.748072504997253418e-01 -6.135095283389091492e-02
3.074343800544738770e-01 -1.326463837176561356e-02
-5.215099453926086426e-02 -6.884832680225372314e-02
-6.132443994283676147e-02 -2.385023087263107300e-01
2.483790516853332520e-01 6.206814646720886230e-01
5.311343669891357422e-01 -2.363481372594833374e-01
-7.895449399948120117e-01 -7.272825241088867188e-01
7.540315389633178711e-01 -4.129676222801208496e-01
-3.199060261249542236e-01 5.327649116516113281e-01
2.074185609817504883e-01 2.521686255931854248e-01
5.427309870719909668e-01 -4.681122675538063049e-02
2.455034106969833374e-01 3.399870991706848145e-01
-2.951579988002777100e-01 -4.141938686370849609e-01
-5.911415219306945801e-01 6.368144154548645020e-01
-3.870271444320678711e-01 -5.659500956535339355e-01
-4.820896387100219727e-01 -5.666232705116271973e-01
6.482005119323730469e-01 -2.658229470252990723e-01
4.632128775119781494e-01 -3.862888514995574951e-01
-1.986843794584274292e-01 4.413284957408905029e-01
3.117794096469879150e-01 3.097219467163085938e-01
-6.526703834533691406e-01 4.480030536651611328e-01
4.880338013172149658e-01 -1.934112459421157837e-01
-3.032006025314331055e-01 3.142435848712921143e-01
5.739313364028930664e-01 1.872796565294265747e-01
3.919983804225921631e-01 4.448992609977722168e-01
8.104942440986633301e-01 -7.679496705532073975e-02
-1.690314263105392456e-01 -2.766058444976806641e-01
-7.795646190643310547e-01 -4.866619706153869629e-01
-3.146368265151977539e-01 4.297433793544769287e-01
-1.691481620073318481e-01 2.539720237255096436e-01
-5.812356472015380859e-01 -3.549059629440307617e-01
5.853675603866577148e-01 4.553610384464263916e-01
3.975298404693603516e-01 1.212923377752304077e-01
5.011376142501831055e-01 3.260374441742897034e-02
3.496622443199157715e-01 1.222974155098199844e-02
-2.422979027032852173e-01 7.726134061813354492e-01
4.232432246208190918e-01 5.721732228994369507e-02
-4.948911964893341064e-01 -1.009563133120536804e-01
-1.260856389999389648e-01 -1.908178627490997314e-01
-5.218268632888793945e-01 2.032084912061691284e-01
-5.328614711761474609e-01 1.484699547290802002e-01
-1.103642489761114120e-02 -1.702860593795776367e-01
5.935069322586059570e-01 2.468501925468444824e-01
-4.160449206829071045e-01 4.478458762168884277e-01
-4.931661486625671387e-01 -6.833121180534362793e-01
-7.338812202215194702e-02 -4.231395125389099121e-01
6.435464024543762207e-01 2.648769915103912354e-01
7.439515590667724609e-01 -2.008001953363418579e-01
7.369960546493530273e-01 -1.483793854713439941e-01
8.424040675163269043e-02 3.207206726074218750e-01
7.741055488586425781e-01 5.189265608787536621e-01
2.548801004886627197e-01 -6.819198727607727051e-01
-5.278860926628112793e-01 3.054582476615905762e-01
2.640962898731231689e-01 4.283112287521362305e-01
3.739417195320129395e-01 3.465123176574707031e-01
6.303123831748962402e-01 7.028093934059143066e-01
6.668038964271545410e-01 1.996039301156997681e-01
-5.941003561019897461e-01 2.652959227561950684e-01
-1.726113259792327881e-01 -1.190810203552246094e-01
-1.669172942638397217e-02 8.258033990859985352e-01
-5.479463338851928711e-01 -2.230208963155746460e-01
-1.766455471515655518e-01 -3.109051287174224854e-01
-7.087306976318359375e-01 -6.377263665199279785e-01
7.953315973281860352e-01 7.422080039978027344e-01
3.101332783699035645e-01 5.516273975372314453e-01
5.437085032463073730e-01 -2.341622412204742432e-01
-7.040054202079772949e-01 1.318507045507431030e-01
-6.170262396335601807e-02 8.670679479837417603e-02
1.463628262281417847e-01 2.089793980121612549e-01
-2.742686271667480469e-01 -2.938829064369201660e-01
-5.660970211029052734e-01 1.164552792906761169e-01
2.043535411357879639e-01 1.963485628366470337e-01
-1.301882266998291016e-01 -1.412194222211837769e-01
3.600527644157409668e-01 -4.952194988727569580e-01
2.312096655368804932e-01 -9.305275976657867432e-02
5.278977155685424805e-01 8.844477683305740356e-02
-5.597638487815856934e-01 3.199239075183868408e-02
6.273108720779418945e-01 -1.124204695224761963e-01
-6.680126786231994629e-01 -2.339299172163009644e-01
6.359074264764785767e-03 -1.969610601663589478e-01
-7.761107087135314941e-01 5.166009664535522461e-01
6.340621709823608398e-01 8.093688488006591797e-01
6.925458461046218872e-02 2.251643836498260498e-01
-2.080207765102386475e-01 -1.796722859144210815e-01
4.575929939746856689e-01 -1.501538008451461792e-01
3.442488014698028564e-01 -6.489680409431457520e-01
6.137868762016296387e-01 3.142287135124206543e-01
5.022189021110534668e-01 7.890238165855407715e-01
8.635400980710983276e-02 -7.061843872070312500e-01
1.824254095554351807e-01 -1.823469251394271851e-01
2.031030058860778809e-01 2.908574640750885010e-01
4.826149940490722656e-01 7.997078299522399902e-01
-6.109213232994079590e-01 2.399194389581680298e-01
-2.362738251686096191e-01 2.068301290273666382e-01
3.317954540252685547e-01 5.465278625488281250e-01
1.423334628343582153e-01 2.834865450859069824e-01
1.380165200680494308e-02 4.340387582778930664e-01
2.175419777631759644e-01 3.534506261348724365e-01
-7.842134833335876465e-01 5.114483237266540527e-01
-2.172336727380752563e-01 4.521163105964660645e-01
-5.102553367614746094e-01 1.262934952974319458e-01
-7.296776175498962402e-01 1.860325187444686890e-01
-3.916907012462615967e-01 6.004450321197509766e-01
4.910080432891845703e-01 -4.115398600697517395e-02
-5.528874993324279785e-01 1.526584178209304810e-01
-7.606879472732543945e-01 -6.942334175109863281e-01
2.018581479787826538e-01 2.062765061855316162e-01
2.740276157855987549e-01 -4.679386615753173828e-01
7.898354530334472656e-01 4.379085898399353027e-01
-3.261415660381317139e-01 -3.956406712532043457e-01
-1.379164028912782669e-02 -5.125775337219238281e-01
7.328881025314331055e-01 4.965301752090454102e-01
-3.554280996322631836e-01 2.811591327190399170e-01
-3.339930176734924316e-01 -6.254212856292724609e-01
3.042708933353424072e-01 8.167683333158493042e-02
-5.917370319366455078e-01 -2.798853814601898193e-01
8.509292006492614746e-01 3.188244104385375977e-01
5.870901942253112793e-01 1.583327203989028931e-01
-6.793334484100341797e-01 7.692141085863113403e-02
-2.045018412172794342e-02 4.250857830047607422e-01
1.795855909585952759e-01 -2.231837809085845947e-01
-5.366249680519104004e-01 -2.130390703678131104e-01
6.808315515518188477e-01 5.943188071250915527e-01
-3.483997285366058350e-01 4.796047881245613098e-02
-4.019936621189117432e-01 -5.820957422256469727e-01
-6.526703834533691406e-01 4.480030536651611328e-01
-4.348378479480743408e-01 -1.915971338748931885e-01
-2.985343635082244873e-01 6.278604269027709961e-01
-7.048866152763366699e-02 -4.334208965301513672e-01
3.845926523208618164e-01 2.437181919813156128e-01
6.316649913787841797e-01 1.380270570516586304e-01
-4.990252852439880371e-02 -6.289783120155334473e-01
1.145515143871307373e-01 -6.303734183311462402e-01
2.469036132097244263e-01 -6.900827884674072266e-01
7.889571189880371094e-01 -1.150678247213363647e-01
5.678187012672424316e-01 -8.634435385465621948e-02
-5.602283477783203125e-01 -4.450899362564086914e-02
7.231110334396362305e-01 7.491090800613164902e-03
6.857246756553649902e-01 5.627502799034118652e-01
1.853748112916946411e-01 -2.906204946339130402e-02
2.467352449893951416e-01 -5.266021490097045898e-01
-5.532777309417724609e-01 5.063267946243286133e-01
2.467352449893951416e-01 -5.266021490097045898e-01
-1.609582304954528809e-01 -1.986452490091323853e-01
1.942694187164306641e-02 4.187366068363189697e-01
-7.040054202079772949e-01 1.318507045507431030e-01
-5.300400257110595703e-01 9.662646055221557617e-02
-4.596793055534362793e-01 2.470941394567489624e-01
2.779523432254791260e-01 1.129864603281021118e-01
-2.985343635082244873e-01 6.278604269027709961e-01
-2.454887330532073975e-01 -4.903547465801239014e-01
3.484135568141937256e-01 1.714638024568557739e-01
-5.996503233909606934e-01 -6.931190192699432373e-02
-6.382964253425598145e-01 -6.991603970527648926e-01
-2.997166216373443604e-01 4.125317186117172241e-02
-6.793476343154907227e-01 -4.142154157161712646e-01
-2.997323870658874512e-01 3.173555731773376465e-01
4.491924941539764404e-01 2.530471980571746826e-01
6.136026978492736816e-01 8.229157924652099609e-01
3.025990128517150879e-01 3.095923364162445068e-01
3.643995821475982666e-01 -2.635711729526519775e-01
1.400668025016784668e-01 4.529333710670471191e-01
5.735662300139665604e-03 6.868356466293334961e-01
-2.292971014976501465e-01 -1.999894529581069946e-01
-1.726113259792327881e-01 -1.190810203552246094e-01
8.104942440986633301e-01 -7.679496705532073975e-02
4.689330756664276123e-01 5.738804936408996582e-01
-5.602283477783203125e-01 -4.450899362564086914e-02
3.017435073852539062e-01 3.208546340465545654e-01
-4.664415717124938965e-01 -1.503831297159194946e-01
3.868247270584106445e-01 -4.747110903263092041e-01
-1.613093614578247070e-01 -4.499655663967132568e-01
-8.675303459167480469e-01 -8.067450672388076782e-02
-1.010108441114425659e-01 6.804212331771850586e-01
5.161913633346557617e-01 -4.349369108676910400e-01
4.947523772716522217e-01 5.049383044242858887e-01
-6.482305377721786499e-02 6.505777239799499512e-01
-4.550238549709320068e-01 -4.260854423046112061e-01
-3.198575675487518311e-01 5.771709680557250977e-01
3.101332783699035645e-01 5.516273975372314453e-01
-2.215868979692459106e-02 -2.815821468830108643e-01
-1.832993626594543457e-01 8.230470418930053711e-01
-2.784622833132743835e-02 3.555062115192413330e-01
5.287990570068359375e-01 5.873515009880065918e-01
-4.144501686096191406e-01 -7.560422178357839584e-03
-2.550837099552154541e-01 -1.609540283679962158e-01
2.665980756282806396e-01 -8.249442279338836670e-02
-2.620475590229034424e-01 3.218626677989959717e-01
3.621353805065155029e-01 -6.616883445531129837e-03
2.216187566518783569e-01 8.513728380203247070e-01
2.414085119962692261e-01 6.169368028640747070e-01
-9.487105533480644226e-03 -5.253169536590576172e-01
6.938837766647338867e-01 -1.782386302947998047e-01
-5.204526782035827637e-01 6.558437347412109375e-01
-4.830068051815032959e-01 -5.330700278282165527e-01
2.722178697586059570e-01 -6.862478256225585938e-01
5.485421419143676758e-01 4.566321969032287598e-01
-4.196752235293388367e-02 -8.142648637294769287e-02
4.982631802558898926e-01 -7.845049351453781128e-02
-4.945656061172485352e-01 6.774662435054779053e-02
1.536343395709991455e-01 5.429930090904235840e-01
-6.701128482818603516e-01 2.717811763286590576e-01
1.690262705087661743e-01 -6.119541078805923462e-02
3.385563194751739502e-01 -5.550699308514595032e-02
2.129087746143341064e-01 -3.596215844154357910e-01
-8.677581697702407837e-02 6.611485481262207031e-01
3.292839527130126953e-01 -9.643012285232543945e-02
6.199920177459716797e-01 -8.612450957298278809e-02
7.719049602746963501e-02 3.661579787731170654e-01
-3.531014323234558105e-01 3.261372447013854980e-02
3.074343800544738770e-01 -1.326463837176561356e-02
-4.160449206829071045e-01 4.478458762168884277e-01
4.491924941539764404e-01 2.530471980571746826e-01
-1.539345383644104004e-01 -6.147747635841369629e-01
-4.664415717124938965e-01 -1.503831297159194946e-01
-6.307848095893859863e-01 -5.514288544654846191e-01
-7.842134833335876465e-01 5.114483237266540527e-01
5.833265185356140137e-01 -2.284055948257446289e-01
-4.945656061172485352e-01 6.774662435054779053e-02
-7.795646190643310547e-01 -4.866619706153869629e-01
-8.810693770647048950e-02 -5.051309466361999512e-01
1.380165200680494308e-02 4.340387582778930664e-01
1.273483335971832275e-01 7.522830963134765625e-01
4.968584179878234863e-01 7.265580892562866211e-01
8.635400980710983276e-02 -7.061843872070312500e-01
-3.955744504928588867e-01 8.023793697357177734e-01
-3.474213555455207825e-02 -2.099836319684982300e-01
4.003663957118988037e-01 7.623064517974853516e-02
3.531179428100585938e-01 5.583204030990600586e-01
-4.373028576374053955e-01 -2.480073869228363037e-01
-5.147776603698730469e-01 4.308348298072814941e-01
2.418933510780334473e-01 5.844232067465782166e-02
-5.401279032230377197e-02 2.280830144882202148e-01
4.960264861583709717e-01 -4.755305945873260498e-01
-2.577758133411407471e-01 6.723210215568542480e-01
-6.957947015762329102e-01 4.391887187957763672e-01
-5.559397935867309570e-01 -4.086466133594512939e-01
-6.433696746826171875e-01 -7.107298374176025391e-01
4.526264071464538574e-01 4.610647857189178467e-01
-7.182402014732360840e-01 2.529084384441375732e-01
6.110199093818664551e-01 4.034016132354736328e-01
3.071441948413848877e-01 -5.642224475741386414e-02
-3.046447336673736572e-01 -5.812285542488098145e-01
1.623957008123397827e-01 6.968521475791931152e-01
1.024545654654502869e-01 -1.283674389123916626e-01
1.125012710690498352e-01 5.506538972258567810e-02
5.151928067207336426e-01 1.244983002543449402e-01
-5.598704144358634949e-02 -3.501214981079101562e-01
2.602002024650573730e-01 7.262864708900451660e-01
1.107568964362144470e-01 2.212017327547073364e-01
-7.313168048858642578e-01 -6.997507214546203613e-01
-3.735074102878570557e-01 2.577669322490692139e-01
8.318828418850898743e-03 -5.211551785469055176e-01
-7.155284881591796875e-01 -4.117163419723510742e-01
8.424040675163269043e-02 3.207206726074218750e-01
-5.927425026893615723e-01 -2.323495894670486450e-01
-6.669359803199768066e-01 5.214412882924079895e-02
-4.386096298694610596e-01 5.603796839714050293e-01
5.236855149269104004e-02 -3.974696397781372070e-01
-1.301882266998291016e-01 -1.412194222211837769e-01
-3.027783334255218506e-01 -2.639675699174404144e-02
-5.352582335472106934e-01 1.106770262122154236e-01
-5.528874993324279785e-01 1.526584178209304810e-01
-6.805536746978759766e-01 -7.557448148727416992e-01
4.705082476139068604e-01 -4.312480688095092773e-01
2.396945059299468994e-01 -4.957045316696166992e-01
8.079200387001037598e-01 -2.077429555356502533e-02
-6.089178919792175293e-01 4.820748418569564819e-02
-6.353700906038284302e-02 -4.411387145519256592e-01
-1.452470570802688599e-01 -7.828137278556823730e-01
2.779523432254791260e-01 1.129864603281021118e-01
-9.487105533480644226e-03 -5.253169536590576172e-01
-4.990252852439880371e-02 -6.289783120155334473e-01
1.273483335971832275e-01 7.522830963134765625e-01
7.390547394752502441e-01 -2.889457941055297852e-01
-2.767522037029266357e-01 -5.774443224072456360e-02
6.079391762614250183e-02 4.421081840991973877e-01
-3.870271444320678711e-01 -5.659500956535339355e-01
5.935069322586059570e-01 2.468501925468444824e-01
8.051005601882934570e-01 6.016392111778259277e-01
1.514942497014999390e-01 -3.821897506713867188e-01
2.912533283233642578e-01 5.936183929443359375e-01
2.858995199203491211e-01 -3.722904622554779053e-01
-3.296255469322204590e-01 8.319076895713806152e-01
2.412811368703842163e-01 -6.252842545509338379e-01
-8.642408847808837891e-01 -1.795525103807449341e-01
-3.310788869857788086e-01 8.099411129951477051e-01
-4.604087471961975098e-01 -5.534656047821044922e-01
1.335345208644866943e-01 -5.544534325599670410e-02
-4.599327445030212402e-01 -3.291721343994140625e-01
4.317981600761413574e-01 -4.896156117320060730e-02
2.788875252008438110e-02 2.887753546237945557e-01
6.555525660514831543e-01 7.627062797546386719e-01
-7.203795015811920166e-02 -5.780524015426635742e-01
-2.438316047191619873e-01 1.514779180288314819e-01
-2.875418961048126221e-01 -5.962279438972473145e-01
4.121899008750915527e-01 6.225080490112304688e-01
4.931562542915344238e-01 -5.926557183265686035e-01
-4.518407583236694336e-01 -5.157302021980285645e-01
6.513963341712951660e-01 -2.456848174333572388e-01
-7.392870783805847168e-01 -3.500252068042755127e-01
-8.092182874679565430e-01 -2.376207411289215088e-01
-3.491125404834747314e-01 1.892366819083690643e-02
-4.172894954681396484e-01 -4.166609346866607666e-01
-6.678489595651626587e-02 2.380827069282531738e-01
1.515833437442779541e-01 6.592605710029602051e-01
5.735662300139665604e-03 6.868356466293334961e-01
1.347171664237976074e-01 -3.476258218288421631e-01
-5.157252550125122070e-01 5.675507783889770508e-01
7.417433857917785645e-01 7.252747565507888794e-02
2.245748490095138550e-01 5.333902686834335327e-02
1.121112480759620667e-01 4.223505854606628418e-01
7.290698885917663574e-01 -5.546094104647636414e-02
5.278977155685424805e-01 8.844477683305740356e-02
1.733390688896179199e-01 1.210438981652259827e-01
4.036267101764678955e-01 7.792205810546875000e-01
5.485421419143676758e-01 4.566321969032287598e-01
-1.223296299576759338e-01 -1.125176548957824707e-01
2.877947092056274414e-01 -2.629341557621955872e-02
3.387855365872383118e-03 -6.571008563041687012e-01
7.371584177017211914e-01 7.860736846923828125e-01
4.001246392726898193e-01 2.121502161026000977e-01
-1.931940168142318726e-01 -3.822632730007171631e-01
-5.566853880882263184e-01 2.084235548973083496e-01
-2.422979027032852173e-01 7.726134061813354492e-01
-3.587194383144378662e-01 -3.174080848693847656e-01
-5.515676140785217285e-01 -4.259404838085174561e-01
2.022668123245239258e-01 2.043149769306182861e-01
1.765181571245193481e-01 2.987490296363830566e-01
-5.650353431701660156e-01 -6.580127477645874023e-01
5.452151298522949219e-01 -4.237207472324371338e-01
-5.275551080703735352e-01 2.956130504608154297e-01
4.546306431293487549e-01 -2.531255483627319336e-01
4.769621491432189941e-01 -5.108264684677124023e-01
2.854439616203308105e-01 -2.560962736606597900e-01
6.835761666297912598e-01 -3.670896887779235840e-01
5.166705250740051270e-01 -2.334208637475967407e-01
-3.825239241123199463e-01 6.512087769806385040e-03
-4.906864762306213379e-01 -4.376494288444519043e-01
-2.254361063241958618e-01 -4.540178775787353516e-01
-6.433696746826171875e-01 -7.107298374176025391e-01
-1.613093614578247070e-01 -4.499655663967132568e-01
-4.518407583236694336e-01 -5.157302021980285645e-01
1.202618852257728577e-01 -1.368609815835952759e-01
4.242390096187591553e-01 -8.051331341266632080e-02
6.429938226938247681e-02 4.188688993453979492e-01
4.135876521468162537e-02 -1.038671135902404785e-01
1.289123594760894775e-01 -2.671511145308613777e-03
-1.732441335916519165e-01 5.239571332931518555e-01
2.312891371548175812e-02 5.956133008003234863e-01
-4.433024227619171143e-01 -1.204099878668785095e-01
1.374137252569198608e-01 3.308602273464202881e-01
-4.810210764408111572e-01 -1.735575348138809204e-01
3.919983804225921631e-01 4.448992609977722168e-01
5.898938179016113281e-01 -4.251372814178466797e-01
1.468922197818756104e-01 -4.078764915466308594e-01
5.011376142501831055e-01 3.260374441742897034e-02
2.602002024650573730e-01 7.262864708900451660e-01
-4.177542924880981445e-01 4.643123149871826172e-01
2.157762795686721802e-01 5.819240808486938477e-01
2.516123652458190918e-01 4.363124370574951172e-01
4.689330756664276123e-01 5.738804936408996582e-01
3.905778229236602783e-01 5.738570690155029297e-01
2.113441973924636841e-01 9.720176458358764648e-02
-1.566292047500610352e-01 -5.621308684349060059e-01
-3.214124143123626709e-01 7.514407038688659668e-01
-3.172183334827423096e-01 3.626680970191955566e-01
6.997641921043395996e-01 -4.520790576934814453e-01
8.059592843055725098e-01 1.145061627030372620e-01
-2.806691229343414307e-01 -4.105653166770935059e-01
4.021312892436981201e-01 -5.330812335014343262e-01
-2.682883143424987793e-01 -5.333191752433776855e-01
1.268019527196884155e-01 2.970529906451702118e-02
-2.120535224676132202e-01 2.801249921321868896e-01
4.742990434169769287e-01 1.937682628631591797e-01
4.064089953899383545e-01 1.298485696315765381e-01
1.905379146337509155e-01 4.157385230064392090e-02
-7.465536594390869141e-01 -1.549800783395767212e-01
-3.467473387718200684e-01 3.919148743152618408e-01
3.473241329193115234e-01 -6.371956467628479004e-01
-5.532732009887695312e-01 -4.431611895561218262e-01
6.854675412178039551e-01 -3.820562064647674561e-01
-7.341337203979492188e-01 7.546777725219726562e-01
3.729010522365570068e-01 2.706754505634307861e-01
3.831689059734344482e-01 -1.294205933809280396e-01
2.906914353370666504e-01 -1.711588911712169647e-02
3.873662352561950684e-01 -2.732838094234466553e-01
7.953315973281860352e-01 7.422080039978027344e-01
6.308554410934448242e-01 -5.072262287139892578e-01
-3.490315079689025879e-01 -6.162139400839805603e-02
1.449747383594512939e-01 1.556450873613357544e-01
-1.191547699272632599e-02 -4.341629147529602051e-01
-5.927425026893615723e-01 -2.323495894670486450e-01
-2.783297598361968994e-01 2.995410859584808350e-01
-8.627370595932006836e-01 1.803710758686065674e-01
4.811409115791320801e-01 6.480442881584167480e-01
1.343534886837005615e-01 -1.459910273551940918e-01
-3.499691784381866455e-01 -7.994039058685302734e-01
3.235675394535064697e-01 5.640178322792053223e-01
3.910474777221679688e-01 5.281568169593811035e-01
2.081100791692733765e-01 2.321253865957260132e-01
6.273108720779418945e-01 -1.124204695224761963e-01
3.131018280982971191e-01 2.021324932575225830e-01
-4.906864762306213379e-01 -4.376494288444519043e-01
4.372591674327850342e-01 -1.454449146986007690e-01
-5.133085250854492188e-01 6.888397932052612305e-01
-2.318163514137268066e-01 2.096766680479049683e-01
-4.056458473205566406e-01 -6.120004653930664062e-01
-5.084651708602905273e-01 2.222758084535598755e-01
1.515833437442779541e-01 6.592605710029602051e-01
-1.223296299576759338e-01 -1.125176548957824707e-01
-1.727614700794219971e-01 5.252935886383056641e-01
3.320004940032958984e-01 6.779385209083557129e-01
-4.810210764408111572e-01 -1.735575348138809204e-01
6.734939813613891602e-01 -3.136050701141357422e-01
-4.512622058391571045e-01 -1.772274971008300781e-01
-5.099813342094421387e-01 -9.599815309047698975e-02
6.970673203468322754e-01 6.662117242813110352e-01
-1.618085894733667374e-03 -2.643452882766723633e-01
7.724297642707824707e-01 9.735026210546493530e-02
-1.303680539131164551e-01 2.173030674457550049e-01
7.390547394752502441e-01 -2.889457941055297852e-01
5.461929440498352051e-01 -2.647489011287689209e-01
-3.116453886032104492e-01 3.301074504852294922e-01
-5.281544327735900879e-01 5.756375789642333984e-01
3.496622443199157715e-01 1.222974155098199844e-02
-6.935756206512451172e-01 4.876803159713745117e-01
6.090032458305358887e-01 1.202431470155715942e-01
-8.452821373939514160e-01 -5.267704725265502930e-01
1.468922197818756104e-01 -4.078764915466308594e-01
1.330017112195491791e-02 -2.692497372627258301e-01
3.117794096469879150e-01 3.097219467163085938e-01
4.121899008750915527e-01 6.225080490112304688e-01
4.753374159336090088e-01 -1.284817699342966080e-02
-6.121201515197753906e-01 -9.442324191331863403e-02
2.640962898731231689e-01 4.283112287521362305e-01
2.630456387996673584e-01 -1.971356272697448730e-01
6.938837766647338867e-01 -1.782386302947998047e-01
3.256342411041259766e-01 6.393098235130310059e-01
-5.275551080703735352e-01 2.956130504608154297e-01
-6.446030139923095703e-01 -4.331215322017669678e-01
-8.451119661331176758e-01 3.908930122852325439e-01
4.232432246208190918e-01 5.721732228994369507e-02
3.026583492755889893e-01 1.248335540294647217e-01
2.271625846624374390e-01 5.568756461143493652e-01
-4.820896387100219727e-01 -5.666232705116271973e-01
-2.884383313357830048e-02 6.850157380104064941e-01
1.325289905071258545e-01 2.650425136089324951e-01
-6.680126786231994629e-01 -2.339299172163009644e-01
2.835368514060974121e-01 3.902511000633239746e-01
-9.725949168205261230e-02 -3.482034802436828613e-01
6.179348230361938477e-01 4.072263240814208984e-01
6.876027584075927734e-01 -3.931551873683929443e-01
-1.282331347465515137e-01 -2.187170833349227905e-01
-2.901353240013122559e-01 4.498628973960876465e-01
-4.564253687858581543e-01 4.134719669818878174e-01
-7.488042712211608887e-01 -6.397827714681625366e-02
-1.485809385776519775e-01 2.709025144577026367e-01
-7.203795015811920166e-02 -5.780524015426635742e-01
-1.519623249769210815e-01 6.231026053428649902e-01
4.910080432891845703e-01 -4.115398600697517395e-02
-3.597708940505981445e-01 5.958552360534667969e-01
6.435464024543762207e-01 2.648769915103912354e-01
-7.154687047004699707e-01 -6.339479684829711914e-01
-3.902745246887207031e-01 -5.700240135192871094e-01
-1.811264157295227051e-01 -2.825508117675781250e-01
7.017853111028671265e-02 -9.363364428281784058e-02
5.437085032463073730e-01 -2.341622412204742432e-01
5.573453903198242188e-01 1.296091526746749878e-01
-6.245506405830383301e-01 3.203104138374328613e-01
6.692301034927368164e-01 6.614241003990173340e-01
-5.560505986213684082e-01 -2.637423574924468994e-01
-6.793476343154907227e-01 -4.142154157161712646e-01
-3.124575614929199219e-01 -3.444108963012695312e-01
2.059537023305892944e-01 1.728195846080780029e-01
-1.832993626594543457e-01 8.230470418930053711e-01
-1.432109475135803223e-01 -2.896107137203216553e-01
-6.640719771385192871e-01 -3.937593996524810791e-01
5.130494236946105957e-01 -1.078814789652824402e-01
5.898938179016113281e-01 -4.251372814178466797e-01
6.340621709823608398e-01 8.093688488006591797e-01
3.136572539806365967e-01 7.204778492450714111e-02
6.634162366390228271e-02 3.773211240768432617e-01
-2.676558494567871094e-01 -2.643271908164024353e-02
-4.186033308506011963e-01 2.477662116289138794e-01
1.604290902614593506e-01 4.738472998142242432e-01
6.692301034927368164e-01 6.614241003990173340e-01
-3.529513776302337646e-01 2.236289232969284058e-01
-4.931661486625671387e-01 -6.833121180534362793e-01
-4.056458473205566406e-01 -6.120004653930664062e-01
-6.077119708061218262e-01 2.673303186893463135e-01
-3.821618556976318359e-01 -4.523719251155853271e-01
5.331789255142211914e-01 -1.998567879199981689e-01
2.696458101272583008e-01 1.712184995412826538e-01
-5.280380845069885254e-01 -2.686402387917041779e-02
6.316649913787841797e-01 1.380270570516586304e-01
2.271625846624374390e-01 5.568756461143493652e-01
7.847364544868469238e-01 -2.957238443195819855e-02
3.653897643089294434e-01 -2.949410378932952881e-01
2.074983119964599609e-01 1.572987884283065796e-01
5.091679096221923828e-01 5.551708340644836426e-01
-2.784622833132743835e-02 3.555062115192413330e-01
-3.474213555455207825e-02 -2.099836319684982300e-01
-4.489186033606529236e-02 5.260366201400756836e-01
3.345086872577667236e-01 -3.933552801609039307e-01
-5.401279032230377197e-02 2.280830144882202148e-01
-3.842353820800781250e-01 7.791915535926818848e-01
-5.344758629798889160e-01 -1.437164936214685440e-02
3.923175632953643799e-01 7.030543684959411621e-01
-4.376915395259857178e-01 -4.420495331287384033e-01
-7.895449399948120117e-01 -7.272825241088867188e-01
-4.567716270685195923e-02 8.148680925369262695e-01
3.868247270584106445e-01 -4.747110903263092041e-01
3.092530071735382080e-01 2.332136221230030060e-02
2.613714039325714111e-01 1.199709549546241760e-01
-5.560505986213684082e-01 -2.637423574924468994e-01
-6.109213232994079590e-01 2.399194389581680298e-01
6.429938226938247681e-02 4.188688993453979492e-01
-1.485809385776519775e-01 2.709025144577026367e-01
-2.138990163803100586e-02 7.659707665443420410e-01
-5.996503233909606934e-01 -6.931190192699432373e-02
-1.396194547414779663e-01 3.871765434741973877e-01
-1.452470570802688599e-01 -7.828137278556823730e-01
-2.368710376322269440e-02 -1.993759721517562866e-01
4.968584179878234863e-01 7.265580892562866211e-01
1.165464222431182861e-01 -6.802999377250671387e-01
-4.511064291000366211e-02 3.006643652915954590e-01
3.562607169151306152e-01 1.403655111789703369e-01
-6.309225559234619141e-01 4.424126446247100830e-01
-5.476951599121093750e-01 7.590135186910629272e-02
2.081100791692733765e-01 2.321253865957260132e-01
4.348154366016387939e-01 1.923159211874008179e-01
2.176857441663742065e-01 5.673826113343238831e-02
7.746892571449279785e-01 5.314450860023498535e-01
6.516071557998657227e-01 -3.808921873569488525e-01
7.093111276626586914e-01 2.642530798912048340e-01
-1.658037602901458740e-01 -3.208712935447692871e-01
2.950629293918609619e-01 1.399309467524290085e-02
9.706166456453502178e-04 -7.391988635063171387e-01
5.994199514389038086e-01 -8.050014078617095947e-02
5.296790003776550293e-01 -2.208800911903381348e-01
4.005012214183807373e-01 -1.909336000680923462e-01
-4.455126821994781494e-01 -8.095164299011230469e-01
-4.433024227619171143e-01 -1.204099878668785095e-01
2.193308323621749878e-01 -4.652221202850341797e-01
-3.143951296806335449e-01 -4.060972630977630615e-01
1.827030628919601440e-01 3.076010942459106445e-01
4.005596339702606201e-01 3.318667411804199219e-01
7.217989563941955566e-01 5.097272992134094238e-01
4.257824420928955078e-01 4.513378441333770752e-01
5.717743039131164551e-01 -2.824740111827850342e-01
-4.355215430259704590e-01 1.350826211273670197e-02
-5.021873712539672852e-01 -8.103612065315246582e-01
-7.437203824520111084e-02 2.739952802658081055e-01
-2.592845261096954346e-01 -2.994011640548706055e-01
-4.977128505706787109e-01 -5.930514335632324219e-01
-1.489117927849292755e-02 4.893119931221008301e-01
3.500444293022155762e-01 1.142084747552871704e-01
-1.405511349439620972e-01 5.650891065597534180e-01
7.017853111028671265e-02 -9.363364428281784058e-02
2.469036132097244263e-01 -6.900827884674072266e-01
4.578563272953033447e-01 -5.284131765365600586e-01
6.482005119323730469e-01 -2.658229470252990723e-01
8.269306421279907227e-01 -1.089874878525733948e-01
1.584779322147369385e-01 5.541397631168365479e-02
-3.026683330535888672e-01 5.177156329154968262e-01
-2.120535224676132202e-01 2.801249921321868896e-01
7.540315389633178711e-01 -4.129676222801208496e-01
-5.018262863159179688e-01 -1.197036355733871460e-01
-1.191547699272632599e-02 -4.341629147529602051e-01
4.553185701370239258e-01 7.483875751495361328e-02
-4.697477519512176514e-01 3.976495563983917236e-01
3.705606460571289062e-01 -4.074294120073318481e-02
1.604290902614593506e-01 4.738472998142242432e-01
5.744912028312683105e-01 -5.257320404052734375e-02
7.718153595924377441e-01 -3.729451820254325867e-02
7.671914696693420410e-01 1.436757482588291168e-02
-4.185026884078979492e-01 4.237875044345855713e-01
-5.133085250854492188e-01 6.888397932052612305e-01
-6.307848095893859863e-01 -5.514288544654846191e-01
6.110199093818664551e-01 4.034016132354736328e-01
-4.280781745910644531e-01 -1.907941251993179321e-01
-1.432109475135803223e-01 -2.896107137203216553e-01
3.969516754150390625e-01 -3.516236245632171631e-01
2.113441973924636841e-01 9.720176458358764648e-02
-3.346056044101715088e-01 6.014295667409896851e-02
3.466478586196899414e-01 -6.949046850204467773e-01
4.788527488708496094e-01 7.164147216826677322e-03
-2.045018412172794342e-02 4.250857830047607422e-01
4.499270617961883545e-01 1.628483533859252930e-01
4.872607290744781494e-01 2.644611895084381104e-01
-2.459901422262191772e-01 4.835374653339385986e-01
6.268738508224487305e-01 8.695893734693527222e-02
-8.237786293029785156e-01 -7.057836651802062988e-01
2.788875252008438110e-02 2.887753546237945557e-01
-4.386096298694610596e-01 5.603796839714050293e-01
3.831068873405456543e-01 5.819116830825805664e-01
-2.070786952972412109e-01 -2.014276385307312012e-01
-1.539345383644104004e-01 -6.147747635841369629e-01
2.396945059299468994e-01 -4.957045316696166992e-01
-1.440644264221191406e-04 -3.726965785026550293e-01
6.713967770338058472e-02 -3.281747102737426758e-01
5.295924544334411621e-01 -5.321832299232482910e-01
-1.964471302926540375e-02 3.592322468757629395e-01
-1.010357961058616638e-01 -3.538473248481750488e-01
4.578563272953033447e-01 -5.284131765365600586e-01
1.335345208644866943e-01 -5.544534325599670410e-02
-5.191832184791564941e-01 6.756211072206497192e-02
2.756147086620330811e-01 1.535727977752685547e-01
2.043164670467376709e-01 -6.813375353813171387e-01
-7.048866152763366699e-02 -4.334208965301513672e-01
6.713967770338058472e-02 -3.281747102737426758e-01
-5.046187639236450195e-01 4.894663989543914795e-01
2.471541017293930054e-01 1.190011054277420044e-01
-1.282331347465515137e-01 -2.187170833349227905e-01
6.997641921043395996e-01 -4.520790576934814453e-01
3.910474777221679688e-01 5.281568169593811035e-01
4.808325767517089844e-01 1.977525949478149414e-01
-1.320284605026245117e-01 -2.144247740507125854e-01
6.144462525844573975e-02 -6.620998382568359375e-01
-2.092735022306442261e-01 -8.023765683174133301e-01
3.890845477581024170e-01 7.067254185676574707e-02
4.433990716934204102e-01 5.264503359794616699e-01
1.469127535820007324e-01 6.581279039382934570e-01
4.001246392726898193e-01 2.121502161026000977e-01
-6.519777327775955200e-02 -3.022420704364776611e-01
2.074983119964599609e-01 1.572987884283065796e-01
6.989094614982604980e-01 6.961063295602798462e-02
-1.087199524044990540e-02 -4.464854300022125244e-01
-4.348378479480743408e-01 -1.915971338748931885e-01
-5.494369864463806152e-01 4.573614597320556641e-01
-3.499691784381866455e-01 -7.994039058685302734e-01
-4.286978542804718018e-01 -6.675143241882324219e-01
4.229756444692611694e-02 3.741505146026611328e-01
4.880338013172149658e-01 -1.934112459421157837e-01
6.767396926879882812e-01 3.250061273574829102e-01
-3.916907012462615967e-01 6.004450321197509766e-01
-1.260856389999389648e-01 -1.908178627490997314e-01
-4.770787060260772705e-01 5.064118504524230957e-01
-2.294441163539886475e-01 5.004513859748840332e-01
7.396560311317443848e-01 -3.532469868659973145e-01
5.161913633346557617e-01 -4.349369108676910400e-01
-3.901654183864593506e-01 4.302365779876708984e-01
3.757293522357940674e-01 9.022367000579833984e-02
-5.105857253074645996e-01 -2.164586931467056274e-01
6.513963341712951660e-01 -2.456848174333572388e-01
-7.313168048858642578e-01 -6.997507214546203613e-01
8.687248080968856812e-02 5.980145931243896484e-01
-4.487785100936889648e-01 1.283537447452545166e-01
4.996312856674194336e-01 4.417433738708496094e-01
-1.677859388291835785e-02 -6.999688148498535156e-01
-4.177542924880981445e-01 4.643123149871826172e-01
-2.203060090541839600e-01 -7.240955829620361328e-01
-1.669158041477203369e-02 8.258033990859985352e-01
3.484135568141937256e-01 1.714638024568557739e-01
-5.911415219306945801e-01 6.368144154548645020e-01
4.372591674327850342e-01 -1.454449146986007690e-01
1.878773607313632965e-02 -6.412844657897949219e-01
2.921498119831085205e-01 6.472370624542236328e-01
-7.271590828895568848e-01 -1.331262886524200439e-01
-4.512622058391571045e-01 -1.772274971008300781e-01
-4.685778617858886719e-01 -2.097348570823669434e-01
1.268019527196884155e-01 2.970529906451702118e-02
6.970673203468322754e-01 6.662117242813110352e-01
5.573453903198242188e-01 1.296091526746749878e-01
3.974124193191528320e-01 7.737088799476623535e-01
