-4.643665552139282227e-01
4.641001224517822266e-01
1.970869600772857666e-01
-2.033970057964324951e-01
-7.638185024261474609e-01
2.147811353206634521e-01
6.466745398938655853e-03
3.510212600231170654e-01
1.886177808046340942e-01
5.465469956398010254e-01
-4.350677132606506348e-01
-2.689440846443176270e-01
4.590837061405181885e-01
6.783478260040283203e-01
4.157353937625885010e-02
-2.900859713554382324e-01
7.481822371482849121e-01
-5.274065136909484863e-01
2.109712809324264526e-01
-2.623643577098846436e-01
-2.975820600986480713e-01
1.755463480949401855e-01
-5.083796977996826172e-01
-3.082202970981597900e-01
6.849859952926635742e-01
-9.584674239158630371e-01
8.984372019767761230e-01
1.968118101358413696e-01
2.090937197208404541e-01
-4.686579704284667969e-01
5.400889515876770020e-01
-4.840123951435089111e-01
-8.561086058616638184e-01
-2.785052061080932617e-01
3.031460195779800415e-02
-2.815999090671539307e-01
6.837693452835083008e-01
-3.203102946281433105e-01
3.993848860263824463e-01
-2.623530328273773193e-01
-6.275135874748229980e-01
-1.688769757747650146e-01
6.566957831382751465e-01
-8.042496442794799805e-01
3.195746243000030518e-01
1.912930607795715332e-01
-3.623809218406677246e-01
1.856988370418548584e-01
2.254777252674102783e-01
3.451659530401229858e-02
-2.620083689689636230e-01
-7.892117500305175781e-01
1.876240074634552002e-01
-7.322332262992858887e-01
2.449662983417510986e-02
2.107587754726409912e-01
-4.626289010047912598e-01
1.958038508892059326e-01
4.734255746006965637e-02
4.720870554447174072e-01
3.644677996635437012e-02
-2.967531979084014893e-01
2.201958745718002319e-01
-2.955607175827026367e-01
9.782572388648986816e-01
-9.238588809967041016e-01
5.427511930465698242e-01
9.419339299201965332e-01
-8.061934709548950195e-01
2.092240154743194580e-01
5.993280410766601562e-01
-6.586230993270874023e-01
1.076629851013422012e-02
-2.857845127582550049e-01
1.684361696243286133e-01
3.449264764785766602e-01
8.707794547080993652e-01
3.339726626873016357e-01
2.349047809839248657e-01
-5.439547300338745117e-01
8.582596182823181152e-01
1.978668868541717529e-01
4.304699599742889404e-01
-2.521252930164337158e-01
5.215128660202026367e-01
-4.994007349014282227e-01
2.270715832710266113e-01
-9.740566015243530273e-01
-2.502258419990539551e-01
-5.965356230735778809e-01
-9.522718191146850586e-01
1.790408641099929810e-01
1.967285871505737305e-01
2.310345619916915894e-01
-4.887816309928894043e-01
3.446732461452484131e-01
3.656077384948730469e-01
-7.986507415771484375e-01
-9.386891126632690430e-01
-2.440963983535766602e-01
-2.445031851530075073e-01
8.733627200126647949e-01
-6.690062880516052246e-01
-9.694803357124328613e-01
3.023796081542968750e-01
-7.278601527214050293e-01
1.902367174625396729e-01
-2.787608504295349121e-01
1.902459263801574707e-01
-9.612777233123779297e-01
-4.816330075263977051e-01
-2.887058556079864502e-01
-2.894225716590881348e-01
8.511580824851989746e-01
-6.176373958587646484e-01
-2.910062372684478760e-01
-2.961607873439788818e-01
1.863942593336105347e-01
-5.253980755805969238e-01
2.086829394102096558e-01
1.960401684045791626e-01
2.549361065030097961e-02
3.749617636203765869e-01
1.791836023330688477e-01
4.203688800334930420e-01
9.543938040733337402e-01
2.090230882167816162e-01
9.680439829826354980e-01
-3.300991952419281006e-01
1.807449012994766235e-01
1.976812332868576050e-01
3.839177787303924561e-01
-7.682411074638366699e-01
9.911858439445495605e-01
-4.691339433193206787e-01
3.542073369026184082e-01
9.359025955200195312e-01
3.035420179367065430e-02
-7.460618019104003906e-01
4.003388285636901855e-01
4.603539109230041504e-01
8.027274012565612793e-01
-6.887813210487365723e-01
-4.871216118335723877e-01
9.704665541648864746e-01
-3.133529722690582275e-01
8.527397513389587402e-01
5.097547769546508789e-01
2.328442633152008057e-01
4.412572979927062988e-01
5.903657674789428711e-01
4.774784147739410400e-01
3.075437061488628387e-02
3.559201359748840332e-01
-6.892987489700317383e-01
1.337514370679855347e-01
-2.979609966278076172e-01
-4.999967813491821289e-01
2.122445255517959595e-01
-2.765742838382720947e-01
-3.075518012046813965e-01
3.247328996658325195e-01
2.265301942825317383e-01
9.068111777305603027e-01
3.231633901596069336e-01
2.428493946790695190e-01
-5.318521261215209961e-01
7.241009473800659180e-01
-4.916401505470275879e-01
1.818133145570755005e-01
1.781332492828369141e-01
1.876861453056335449e-01
-9.394145607948303223e-01
-8.324287533760070801e-01
1.913835555315017700e-01
-2.867811620235443115e-01
-8.162207007408142090e-01
-2.790477871894836426e-01
1.725981682538986206e-01
9.433057904243469238e-01
-4.592158496379852295e-01
-9.902656078338623047e-01
-7.568235397338867188e-01
-5.519233942031860352e-01
-7.714706659317016602e-01
1.984220147132873535e-01
-4.891883730888366699e-01
-7.987133264541625977e-01
-2.341785132884979248e-01
3.290868699550628662e-01
-6.827350258827209473e-01
9.917262792587280273e-01
2.111105769872665405e-01
7.960923910140991211e-01
2.025943249464035034e-01
-8.995925784111022949e-01
1.857747733592987061e-01
-8.236697316169738770e-01
2.061620056629180908e-01
2.078420817852020264e-01
9.508708715438842773e-01
2.096965163946151733e-01
3.424824774265289307e-01
-2.288469523191452026e-01
3.408921957015991211e-01
1.794788986444473267e-01
-2.820142805576324463e-01
1.833894848823547363e-01
1.957682073116302490e-01
1.756648346781730652e-02
-3.575734496116638184e-01
-3.044710755348205566e-01
-7.123609781265258789e-01
-9.724681973457336426e-01
-9.656541943550109863e-01
8.815437555313110352e-01
3.520306646823883057e-01
1.914874017238616943e-01
3.870014250278472900e-01
2.125614434480667114e-01
-4.920374155044555664e-01
5.806897878646850586e-01
9.111858606338500977e-01
1.696460694074630737e-01
4.930751919746398926e-01
-2.828891277313232422e-01
3.152607977390289307e-01
5.325875282287597656e-01
-6.553418636322021484e-01
2.015299648046493530e-01
-2.400278747081756592e-01
1.923335343599319458e-01
2.345200330018997192e-01
1.906423121690750122e-01
-7.762485742568969727e-01
2.141260206699371338e-01
1.735328733921051025e-01
4.956064745783805847e-02
-8.713829517364501953e-01
2.147050052881240845e-01
8.288118839263916016e-01
3.484788239002227783e-01
-3.168515861034393311e-01
-8.178868293762207031e-01
1.662008315324783325e-01
9.248182773590087891e-01
-3.037458062171936035e-01
-3.213775753974914551e-01
1.796401292085647583e-01
-2.999666929244995117e-01
9.079811573028564453e-01
7.044933438301086426e-01
1.753982305526733398e-01
2.139349132776260376e-01
1.811348646879196167e-01
-2.898399233818054199e-01
1.730372905731201172e-01
1.738093644380569458e-01
-1.240502763539552689e-02
-9.377769827842712402e-01
-3.088521957397460938e-01
-2.168926596641540527e-01
1.582558602094650269e-01
-6.878054738044738770e-01
2.227453887462615967e-01
-1.905461400747299194e-01
-5.909116864204406738e-01
-2.772727012634277344e-01
8.777279257774353027e-01
3.332535028457641602e-01
6.934708952903747559e-01
-9.193292260169982910e-01
3.005406819283962250e-02
1.832048147916793823e-01
1.990356743335723877e-01
-2.778655290603637695e-01
1.125007402151823044e-03
-3.162644505500793457e-01
4.112631827592849731e-02
-7.153292298316955566e-01
1.986636817455291748e-01
-2.951332330703735352e-01
-5.452176928520202637e-01
-8.515447974205017090e-01
1.428110301494598389e-01
6.636446118354797363e-01
-3.017781078815460205e-01
1.962746083736419678e-01
2.340631186962127686e-02
-9.603378176689147949e-01
-2.411132454872131348e-01
9.165841937065124512e-01
-2.917929291725158691e-01
1.595958024263381958e-01
4.734737426042556763e-02
-5.152981877326965332e-01
-3.118131160736083984e-01
-2.022451162338256836e-01
-6.876334547996520996e-01
-4.879686534404754639e-01
-4.979511499404907227e-01
8.561475276947021484e-01
4.520219266414642334e-01
-2.938434779644012451e-01
7.096380591392517090e-01
-2.753539681434631348e-01
-5.143929123878479004e-01
1.984683275222778320e-01
1.510892510414123535e-01
-3.072474598884582520e-01
3.334491252899169922e-01
-2.039027661085128784e-01
-4.708502888679504395e-01
-1.812749505043029785e-01
-6.746920347213745117e-01
-5.068283677101135254e-01
1.670789271593093872e-01
1.750827282667160034e-01
3.729368746280670166e-01
-1.727183312177658081e-01
-6.780945658683776855e-01
4.798409938812255859e-01
-1.194254234433174133e-01
-7.164778113365173340e-01
1.970907449722290039e-01
-9.770003557205200195e-01
-7.455095648765563965e-01
3.744951784610748291e-01
-8.252611756324768066e-01
-7.105957865715026855e-01
-3.359537422657012939e-01
-2.660967111587524414e-01
-2.580661177635192871e-01
1.758961677551269531e-01
9.604281187057495117e-01
1.893981248140335083e-01
7.385806441307067871e-01
2.961890995502471924e-01
1.896906197071075439e-01
1.961565762758255005e-01
-2.820855975151062012e-01
1.642422229051589966e-01
4.387261271476745605e-01
9.074766039848327637e-01
-5.428869128227233887e-01
2.436277866363525391e-01
-3.691251277923583984e-01
1.450282186269760132e-01
-2.703574001789093018e-01
6.180319562554359436e-02
-9.252105355262756348e-01
2.245027720928192139e-01
2.061405777931213379e-02
3.259602785110473633e-01
-7.776523828506469727e-01
-5.959101319313049316e-01
1.976928859949111938e-01
2.368707060813903809e-01
2.169713079929351807e-01
4.567109644412994385e-01
9.687272310256958008e-01
-6.825070977210998535e-01
2.111829519271850586e-01
-5.449376106262207031e-01
2.521215081214904785e-01
-3.294641375541687012e-01
7.511956095695495605e-01
6.423899531364440918e-01
-3.125168681144714355e-01
-8.903829455375671387e-01
-3.265507817268371582e-01
-5.313803553581237793e-01
-8.338293433189392090e-01
1.977356225252151489e-01
-6.937400698661804199e-01
3.406419232487678528e-02
-1.808870732784271240e-01
-5.655164122581481934e-01
-9.378875792026519775e-02
6.161425113677978516e-01
-3.059852719306945801e-01
-2.356411516666412354e-01
1.650057733058929443e-01
-6.803758144378662109e-01
3.650533258914947510e-01
2.009715586900711060e-01
-3.202683925628662109e-01
1.903083771467208862e-01
-5.125868320465087891e-01
-1.599896103143692017e-01
-9.234319925308227539e-01
-7.124205827713012695e-01
-3.030927777290344238e-01
2.938275635242462158e-01
-3.416821658611297607e-01
-8.254842162132263184e-01
3.282103538513183594e-01
-5.152876377105712891e-01
1.938488930463790894e-01
3.019312024116516113e-02
-2.146357595920562744e-01
-2.951615452766418457e-01
-1.284542828798294067e-01
8.784566521644592285e-01
4.507949054241180420e-01
9.660438895225524902e-01
3.672487735748291016e-01
-2.904430031776428223e-01
-2.268138080835342407e-01
-2.172227352857589722e-01
-4.841198623180389404e-01
2.073090225458145142e-01
6.432095170021057129e-01
-5.300673246383666992e-01
2.102395594120025635e-01
5.768997669219970703e-01
1.841773390769958496e-01
-2.972840368747711182e-01
-4.530749022960662842e-01
-5.419489741325378418e-01
-9.885960817337036133e-01
5.087004303932189941e-01
-4.621590673923492432e-01
-1.883601844310760498e-01
-7.711055278778076172e-01
8.468834757804870605e-01
-7.034972906112670898e-01
-5.732240676879882812e-01
1.585709899663925171e-01
6.983466744422912598e-01
-9.819004535675048828e-01
3.575250506401062012e-01
6.821817159652709961e-01
-8.090075850486755371e-01
-7.904315590858459473e-01
1.965942829847335815e-01
3.526083230972290039e-01
7.793220877647399902e-01
1.983364969491958618e-01
-7.371283769607543945e-01
-1.060453578829765320e-01
-3.393962085247039795e-01
-3.559168577194213867e-01
5.862136483192443848e-01
1.806602627038955688e-01
1.821521222591400146e-01
2.138449996709823608e-01
3.283135294914245605e-01
-2.873917818069458008e-01
1.911396235227584839e-01
-7.274389266967773438e-01
-3.026340603828430176e-01
-3.025079071521759033e-01
-5.351597666740417480e-01
4.978969097137451172e-01
-9.232768416404724121e-01
1.656601727008819580e-01
1.771635264158248901e-01
5.431519746780395508e-01
6.030534505844116211e-01
3.095868043601512909e-02
-9.708256721496582031e-01
9.158212542533874512e-01
1.889418065547943115e-01
4.066672027111053467e-01
7.347871065139770508e-01
-2.889478802680969238e-01
1.937853246927261353e-01
-2.925697267055511475e-01
-7.151084542274475098e-01
5.090023279190063477e-01
1.900960803031921387e-01
3.174141645431518555e-01
2.810690104961395264e-01
5.461215376853942871e-01
-2.973501384258270264e-01
2.012156993150711060e-01
1.619197428226470947e-02
2.697979211807250977e-01
-5.317080616950988770e-01
-9.683637619018554688e-01
2.951140999794006348e-01
2.588572911918163300e-02
-2.781280875205993652e-01
3.713334798812866211e-01
3.643150925636291504e-01
7.535860538482666016e-01
-2.054025977849960327e-01
1.816416084766387939e-01
8.777421712875366211e-01
-5.317922830581665039e-01
1.819407939910888672e-01
1.743035465478897095e-01
-7.366803884506225586e-01
-4.695923626422882080e-01
-2.988111078739166260e-01
9.497719407081604004e-01
-6.679207682609558105e-01
1.605300456285476685e-01
3.069110214710235596e-02
1.477397978305816650e-01
2.522391676902770996e-01
-3.332051336765289307e-01
1.975397914648056030e-01
2.423569560050964355e-01
-8.733490109443664551e-01
1.974759548902511597e-01
1.842722892761230469e-01
-3.222357630729675293e-01
-2.470322847366333008e-01
1.470365822315216064e-01
-2.896654307842254639e-01
-2.920013964176177979e-01
2.318009287118911743e-01
2.173510044813156128e-01
1.642350703477859497e-01
-7.083036899566650391e-01
7.668700814247131348e-01
1.749957203865051270e-01
1.063649449497461319e-02
3.581271171569824219e-01
6.271752715110778809e-01
-7.890918850898742676e-01
-5.428371429443359375e-01
9.877284169197082520e-01
5.828411579132080078e-01
1.891392320394515991e-01
9.437606930732727051e-01
4.088597893714904785e-01
1.902836374938488007e-02
6.479386687278747559e-01
2.104409337043762207e-01
2.505222149193286896e-02
6.158728003501892090e-01
3.521758913993835449e-01
1.866002678871154785e-01
6.844789981842041016e-01
-5.553665757179260254e-01
-3.119126558303833008e-01
-8.883871436119079590e-01
2.168336324393749237e-02
-2.017295360565185547e-01
2.003978639841079712e-01
1.810688078403472900e-01
-5.157036185264587402e-01
-1.628971844911575317e-01
-4.791274070739746094e-01
-6.854328513145446777e-01
-7.665700912475585938e-01
-9.744981527328491211e-01
3.015167266130447388e-02
3.850637674331665039e-01
-8.525969386100769043e-01
-3.275092244148254395e-01
2.294022142887115479e-01
3.204469978809356689e-01
-9.913192987442016602e-01
-2.513234615325927734e-01
-7.300785779953002930e-01
4.532372653484344482e-01
-9.331628084182739258e-01
1.857703179121017456e-01
5.963881015777587891e-01
3.686248958110809326e-01
-7.617608904838562012e-01
-7.646013498306274414e-01
2.001308947801589966e-01
-7.569212913513183594e-01
6.319717764854431152e-01
-8.231106400489807129e-01
-2.309568673372268677e-01
1.966803967952728271e-01
-9.841965883970260620e-02
3.688817918300628662e-01
6.507526040077209473e-01
-9.768065214157104492e-01
-8.457331657409667969e-01
-2.088532596826553345e-01
6.906875967979431152e-01
8.909237384796142578e-01
3.003982901573181152e-01
1.748866289854049683e-01
-4.572503864765167236e-01
7.037840485572814941e-01
3.600884675979614258e-01
2.016597390174865723e-01
8.842074871063232422e-01
1.924544423818588257e-01
-2.021264582872390747e-01
1.787932366132736206e-01
2.021816521883010864e-01
-2.826384603977203369e-01
-2.498632073402404785e-01
6.402223110198974609e-01
-2.600734829902648926e-01
-3.006865978240966797e-01
1.999554634094238281e-01
2.533779442310333252e-01
-7.217437624931335449e-01
5.216971635818481445e-01
3.779388964176177979e-01
-5.547552108764648438e-01
-2.908627390861511230e-01
7.144345045089721680e-01
8.957821130752563477e-01
-2.951208949089050293e-01
9.711747169494628906e-01
1.941579580307006836e-01
3.772310316562652588e-01
-2.475826442241668701e-01
3.045342564582824707e-01
6.280260682106018066e-01
-7.510529756546020508e-01
2.060132324695587158e-01
6.226189732551574707e-01
2.044160813093185425e-01
-4.968956708908081055e-01
8.027878403663635254e-01
1.954892128705978394e-01
3.410354256629943848e-02
-2.870620787143707275e-01
9.542931318283081055e-01
-7.138080596923828125e-01
-3.032274246215820312e-01
4.016499593853950500e-02
-2.879069745540618896e-01
2.951017022132873535e-01
2.979522943496704102e-02
6.505035161972045898e-01
-3.041769564151763916e-01
-2.625060081481933594e-01
1.577140390872955322e-01
-3.008306920528411865e-01
-8.234066963195800781e-01
8.421714305877685547e-01
2.170678079128265381e-01
-8.697426915168762207e-01
1.566084772348403931e-01
-7.215803861618041992e-01
4.020858407020568848e-01
-4.716337323188781738e-01
-3.102485537528991699e-01
-4.846081435680389404e-01
7.122330069541931152e-01
3.489125370979309082e-01
-8.908408284187316895e-01
-7.837770581245422363e-01
2.090451568365097046e-01
1.998429596424102783e-01
-9.758881330490112305e-01
2.060558497905731201e-01
3.333148658275604248e-01
-2.518607974052429199e-01
-6.032740473747253418e-01
5.507776737213134766e-01
4.451606050133705139e-02
2.003494054079055786e-01
-4.814259707927703857e-01
6.166594028472900391e-01
-4.965346753597259521e-01
3.596525490283966064e-01
-4.639633595943450928e-01
1.996685862541198730e-01
5.748916864395141602e-01
-3.000961244106292725e-01
-8.236345052719116211e-01
-5.877152085304260254e-01
-2.772055268287658691e-01
2.075454294681549072e-01
3.214786350727081299e-01
2.654241770505905151e-02
1.864230185747146606e-01
-8.807698488235473633e-01
2.663603425025939941e-01
-4.446695446968078613e-01
3.391665220260620117e-01
8.605428338050842285e-01
6.469554901123046875e-01
-5.552290678024291992e-01
2.975331842899322510e-01
-2.232632935047149658e-01
2.025265246629714966e-01
2.086568921804428101e-01
1.863855123519897461e-01
2.257340103387832642e-01
4.362164437770843506e-01
-2.516997754573822021e-01
8.163595199584960938e-01
3.135781586170196533e-01
4.233130216598510742e-01
-2.694231867790222168e-01
9.876877069473266602e-01
-7.885333895683288574e-01
2.189497053623199463e-01
-9.950444102287292480e-01
1.422585695981979370e-01
2.045133709907531738e-01
-6.148838400840759277e-01
6.625760793685913086e-01
-4.571782052516937256e-01
-2.732817828655242920e-01
-8.344267010688781738e-01
-8.188363313674926758e-01
-2.762013375759124756e-01
2.004365324974060059e-01
-2.576179206371307373e-01
5.673062205314636230e-01
-5.075551867485046387e-01
2.038672864437103271e-01
3.605097234249114990e-01
9.535620808601379395e-01
1.731138974428176880e-01
-3.113667964935302734e-01
2.805061936378479004e-01
1.288015395402908325e-01
2.348628789186477661e-01
3.797846287488937378e-02
1.576007604598999023e-01
-2.180126309394836426e-01
7.663195580244064331e-02
9.760274887084960938e-01
2.861037664115428925e-02
1.578779369592666626e-01
-4.759461283683776855e-01
-9.384019970893859863e-01
2.119703888893127441e-01
-3.062896728515625000e-01
-4.875960052013397217e-01
7.543827295303344727e-01
5.785747766494750977e-01
-2.952804863452911377e-01
4.323005378246307373e-01
3.934265673160552979e-01
-8.255826234817504883e-01
2.041403949260711670e-01
1.925536543130874634e-01
2.035521566867828369e-01
-6.833278536796569824e-01
-4.977752268314361572e-01
2.339956760406494141e-01
-7.180584073066711426e-01
1.921850889921188354e-01
7.584932446479797363e-01
2.468844205141067505e-01
5.414879880845546722e-03
5.781504884362220764e-02
-3.810767233371734619e-01
9.748279452323913574e-01
-8.102511614561080933e-02
-3.046782612800598145e-01
8.923596143722534180e-02
2.998902499675750732e-01
3.139038570225238800e-03
4.910935163497924805e-01
-2.355208992958068848e-01
1.892759203910827637e-01
6.879453063011169434e-01
-5.829353332519531250e-01
6.026558876037597656e-01
-6.068904325366020203e-02
-8.243702054023742676e-01
9.655254483222961426e-01
5.805398821830749512e-01
-9.090594649314880371e-01
-5.182728767395019531e-01
-9.773830771446228027e-01
6.742614507675170898e-01
-8.658809065818786621e-01
-1.034835204482078552e-01
-9.495138525962829590e-01
3.501123785972595215e-01
-3.115875720977783203e-01
5.745427012443542480e-01
-8.971355557441711426e-01
-3.706329762935638428e-01
-8.116866350173950195e-01
2.063379436731338501e-01
8.942263722419738770e-01
-6.964802145957946777e-01
-5.902292728424072266e-01
-1.140667870640754700e-01
-5.106116533279418945e-01
9.906459450721740723e-01
-9.424107074737548828e-01
-3.134877085685729980e-01
-5.903148651123046875e-01
7.363682985305786133e-01
1.412526369094848633e-01
-3.017147779464721680e-01
2.049733251333236694e-01
-4.162811636924743652e-01
3.127847015857696533e-01
7.762972712516784668e-01
-1.939156651496887207e-01
5.143295526504516602e-01
-9.835423827171325684e-01
2.182528227567672729e-01
2.025945484638214111e-01
-6.484866142272949219e-01
7.423437386751174927e-02
-1.322459429502487183e-01
7.533463239669799805e-01
-5.364838838577270508e-01
-4.359731674194335938e-01
6.838201284408569336e-01
3.061159849166870117e-01
3.702568411827087402e-01
-7.207672595977783203e-01
-8.133937716484069824e-01
3.491771817207336426e-01
9.317277073860168457e-01
2.112135887145996094e-01
1.478305011987686157e-01
5.466445684432983398e-01
-4.852664172649383545e-01
1.296519041061401367e-01
3.292176723480224609e-01
-7.921221107244491577e-02
3.347402513027191162e-01
3.439859673380851746e-02
-5.122719407081604004e-01
-5.559517741203308105e-01
5.506803393363952637e-01
1.181569844484329224e-01
-4.748031795024871826e-01
9.537898898124694824e-01
-1.040096301585435867e-02
6.877003908157348633e-01
-8.652704954147338867e-01
5.745466947555541992e-01
3.640550076961517334e-01
-4.606702625751495361e-01
5.860440731048583984e-01
4.353361427783966064e-01
1.651531010866165161e-01
8.660580217838287354e-02
6.859374046325683594e-02
1.625620573759078979e-01
8.169179558753967285e-01
-5.525644123554229736e-02
1.923179775476455688e-01
4.945541918277740479e-01
4.661684930324554443e-01
-3.704119026660919189e-01
1.468896865844726562e-01
7.070870604366064072e-03
8.233239054679870605e-01
5.239752531051635742e-01
4.425337016582489014e-01
-1.726044118404388428e-01
-9.948112368583679199e-01
-1.319636553525924683e-01
-9.051697850227355957e-01
5.988402366638183594e-01
-5.318934321403503418e-01
-8.610708266496658325e-02
-6.832163333892822266e-01
-9.825484156608581543e-01
-5.280121564865112305e-01
-3.041099011898040771e-01
4.795602262020111084e-01
1.564542204141616821e-01
7.207740545272827148e-01
8.415227532386779785e-01
-3.778076469898223877e-01
3.379152119159698486e-01
3.630492985248565674e-01
3.611318767070770264e-01
8.310561776161193848e-01
2.350273728370666504e-01
2.469701021909713745e-01
-8.991003632545471191e-01
2.845863103866577148e-01
-6.864964365959167480e-01
2.194843888282775879e-01
-7.903516292572021484e-01
-5.604022145271301270e-01
7.156386971473693848e-02
1.984117031097412109e-01
-7.826732993125915527e-01
2.475845515727996826e-01
1.289618015289306641e-01
3.126872777938842773e-01
7.806664705276489258e-01
2.511321306228637695e-01
-6.964119076728820801e-01
3.598292768001556396e-01
-3.584296405315399170e-01
-1.698576509952545166e-01
4.618665575981140137e-01
-3.191141188144683838e-01
4.865604341030120850e-01
3.809795081615447998e-01
5.542778596282005310e-02
4.784805774688720703e-01
1.750209927558898926e-02
-5.222613215446472168e-01
-6.799204349517822266e-01
2.862980663776397705e-01
1.075282394886016846e-01
1.829285323619842529e-01
-1.892897933721542358e-01
-3.266908526420593262e-01
3.246266022324562073e-02
1.141179129481315613e-01
-1.342660188674926758e-01
-3.884447515010833740e-01
-6.368427276611328125e-01
-2.593597769737243652e-01
-9.675461053848266602e-01
4.319411516189575195e-01
1.435317099094390869e-01
3.773159682750701904e-01
3.341739773750305176e-01
4.218857288360595703e-01
-8.832824230194091797e-01
-1.191371306777000427e-01
1.164780184626579285e-01
5.044589042663574219e-01
5.854939222335815430e-01
-6.326758861541748047e-01
-5.187053084373474121e-01
2.870981097221374512e-01
-1.627685874700546265e-02
-6.857051253318786621e-01
