8.557368069887161255e-02 -7.609765529632568359e-01
-1.743681877851486206e-01 4.911792576313018799e-01
-8.671075105667114258e-02 3.112415671348571777e-01
-6.537375450134277344e-01 -2.548706531524658203e-01
-7.408774495124816895e-01 -7.575883269309997559e-01
1.716945692896842957e-02 1.795498877763748169e-01
-3.938812911510467529e-01 1.113904491066932678e-01
5.796191096305847168e-01 7.638300657272338867e-01
-2.607702612876892090e-01 2.148838490247726440e-01
-6.045535206794738770e-01 6.272423267364501953e-01
-1.172275990247726440e-01 -8.767082095146179199e-01
2.636932432651519775e-01 -4.256941080093383789e-01
-1.848917007446289062e-01 5.261712074279785156e-01
-9.178375452756881714e-02 3.192051649093627930e-01
-3.370873928070068359e-01 -1.412589102983474731e-01
-2.715623192489147186e-02 -4.936740100383758545e-01
-5.035074949264526367e-01 8.405479192733764648e-01
9.907156229019165039e-01 -7.701336145401000977e-01
1.401503682136535645e-01 2.272206991910934448e-01
3.312093913555145264e-01 -4.105353951454162598e-01
1.759564429521560669e-01 -4.275745153427124023e-01
-2.976001203060150146e-01 2.762818932533264160e-01
3.460898995399475098e-01 -5.830088257789611816e-01
1.838777512311935425e-01 -4.241565763950347900e-01
-7.344616055488586426e-01 4.696825742721557617e-01
-7.989329844713211060e-02 -8.353976011276245117e-01
-1.831148415803909302e-01 6.747528314590454102e-01
-4.695607125759124756e-01 4.267814755439758301e-01
-4.469219967722892761e-02 2.838029861450195312e-01
-2.069582976400852203e-02 -5.061267018318176270e-01
-5.702722668647766113e-01 6.165705919265747070e-01
-1.864425837993621826e-02 -5.865973830223083496e-01
-7.514277696609497070e-01 -7.548546791076660156e-01
-3.601983487606048584e-01 -2.685616165399551392e-02
-4.114656746387481689e-01 6.088833510875701904e-02
2.821245044469833374e-02 -5.797120332717895508e-01
-4.170918166637420654e-01 8.652322888374328613e-01
-1.051625162363052368e-01 -5.136871933937072754e-01
-4.659221321344375610e-02 5.712778568267822266e-01
2.230985611677169800e-01 -3.831533789634704590e-01
8.529540300369262695e-01 -4.862364828586578369e-01
5.527619123458862305e-01 -6.717421114444732666e-02
-8.195611834526062012e-01 8.960494399070739746e-01
-9.443225860595703125e-01 -9.554575085639953613e-01
1.953178197145462036e-01 6.055519580841064453e-01
-1.468445807695388794e-01 3.115459978580474854e-01
-2.201621681451797485e-01 -5.637421607971191406e-01
-3.187332451343536377e-01 2.367972284555435181e-01
1.451517194509506226e-01 2.046678215265274048e-01
-2.655133008956909180e-01 2.234265767037868500e-02
-3.536412119865417480e-01 -3.032378554344177246e-01
-9.927524328231811523e-01 9.309059381484985352e-02
-1.067401170730590820e-01 2.808753550052642822e-01
-9.076310396194458008e-01 -4.957092404365539551e-01
-3.518087565898895264e-01 -3.355757594108581543e-01
-2.847070395946502686e-01 1.762426793575286865e-01
2.432307600975036621e-02 -7.927992939949035645e-01
-4.051145315170288086e-01 3.596719503402709961e-01
3.469771742820739746e-01 -3.410727381706237793e-01
7.996999621391296387e-01 1.555361747741699219e-01
-2.218291610479354858e-01 8.827076107263565063e-02
-2.798464000225067139e-01 -3.422103822231292725e-01
1.443198025226593018e-01 2.279047220945358276e-01
-4.038428068161010742e-01 -4.043903350830078125e-01
-2.991267442703247070e-01 9.962790608406066895e-01
-5.816414356231689453e-01 -5.540067553520202637e-01
-4.682350456714630127e-01 6.191438436508178711e-01
-1.971787363290786743e-01 7.476329207420349121e-01
-9.548139572143554688e-01 -9.776749610900878906e-01
1.467951238155364990e-01 -4.124164283275604248e-01
-5.789429545402526855e-01 7.349382042884826660e-01
-7.553564310073852539e-01 -4.455284476280212402e-01
-4.387912154197692871e-01 -1.351844966411590576e-01
-4.423961639404296875e-01 -4.190084636211395264e-01
-4.129277765750885010e-01 3.983226716518402100e-01
5.243164896965026855e-01 6.966981291770935059e-01
-3.257384896278381348e-01 8.886487483978271484e-01
3.874421715736389160e-01 6.314519047737121582e-01
3.215080797672271729e-01 6.074214577674865723e-01
3.950979113578796387e-01 -5.401088595390319824e-01
-6.497468352317810059e-01 9.627935886383056641e-01
-4.463448375463485718e-02 2.634371817111968994e-01
-1.359283924102783203e-01 3.517056405544281006e-01
-1.975127309560775757e-01 9.036428481340408325e-02
-5.025676488876342773e-01 5.335581898689270020e-01
3.387159407138824463e-01 -4.465194940567016602e-01
1.460918188095092773e-01 2.121003270149230957e-01
-2.114655375480651855e-01 -8.441225886344909668e-01
-8.129621744155883789e-01 -4.267871677875518799e-01
5.394514203071594238e-01 -4.500712454319000244e-01
-5.254365205764770508e-01 -6.538663506507873535e-01
-3.335433304309844971e-01 3.071538507938385010e-01
9.551436305046081543e-01 4.164104536175727844e-02
3.879470825195312500e-01 6.511964797973632812e-01
1.301531028002500534e-02 -5.971739888191223145e-01
1.842187643051147461e-01 5.735971331596374512e-01
3.499315381050109863e-01 5.554799437522888184e-01
-9.676138162612915039e-01 -9.560569524765014648e-01
-2.965607345104217529e-01 -9.434465169906616211e-01
-8.316000699996948242e-01 -2.846686542034149170e-01
5.140634775161743164e-01 -3.635042607784271240e-01
-2.889793813228607178e-01 8.751517534255981445e-01
-9.642448425292968750e-01 -5.669886469841003418e-01
-5.851694345474243164e-01 -7.213764190673828125e-01
9.469044804573059082e-01 8.669837117195129395e-01
-9.976429343223571777e-01 1.549581587314605713e-01
9.971009492874145508e-01 2.914985455572605133e-02
-6.188300251960754395e-01 -3.161312043666839600e-01
-8.055111020803451538e-02 2.320334911346435547e-01
-5.312118530273437500e-01 -7.327812910079956055e-01
-5.256539583206176758e-01 -4.824311733245849609e-01
-5.173902511596679688e-01 -5.276358723640441895e-01
2.592355608940124512e-01 -4.904303848743438721e-01
-2.113335281610488892e-01 8.009948730468750000e-01
6.822534203529357910e-01 -4.668462574481964111e-01
-3.880410790443420410e-01 -3.896068930625915527e-01
-4.025433957576751709e-01 -4.077968597412109375e-01
-8.016445487737655640e-02 2.223900407552719116e-01
3.438144624233245850e-01 -4.686567485332489014e-01
-3.515034541487693787e-02 2.369630709290504456e-02
-9.439519792795181274e-02 2.778163254261016846e-01
-3.704377114772796631e-01 -4.342945665121078491e-02
-7.261964678764343262e-02 3.751420676708221436e-01
7.929338812828063965e-01 6.118976324796676636e-02
1.148425266146659851e-01 3.018091022968292236e-01
-1.755460947751998901e-01 9.423987865447998047e-01
-3.557567000389099121e-01 1.751345247030258179e-01
-1.862389892339706421e-01 9.424456357955932617e-01
3.194079548120498657e-02 -6.042395234107971191e-01
-8.610256016254425049e-02 2.600146532058715820e-01
1.741961985826492310e-01 1.824871748685836792e-01
1.610246002674102783e-01 4.666158556938171387e-01
-7.452843189239501953e-01 -6.949168443679809570e-01
3.233269453048706055e-01 7.480564117431640625e-01
4.487511515617370605e-02 -8.693532943725585938e-01
1.395818740129470825e-01 2.929395437240600586e-01
-2.394157797098159790e-01 8.363724946975708008e-01
-3.116370141506195068e-01 2.942630276083946228e-02
-9.092105031013488770e-01 -7.813796997070312500e-01
1.925538480281829834e-01 3.102186918258666992e-01
-5.385885238647460938e-01 6.738657355308532715e-01
1.723508536815643311e-01 9.902296066284179688e-01
-8.064638972282409668e-01 -4.358207285404205322e-01
-6.125366687774658203e-01 -5.351611971855163574e-01
-2.711130082607269287e-01 9.654339551925659180e-01
-6.956855207681655884e-02 -5.273177027702331543e-01
-1.202784478664398193e-01 6.430649161338806152e-01
-1.838565468788146973e-01 5.549457669258117676e-01
6.430147914215922356e-04 4.188785329461097717e-02
-1.291649788618087769e-01 4.091028273105621338e-01
-5.997539162635803223e-01 7.507469654083251953e-01
8.407517671585083008e-01 1.255585402250289917e-01
-2.269497513771057129e-01 7.475725561380386353e-02
2.075295597314834595e-01 5.215911865234375000e-01
-8.429477214813232422e-01 -5.542979836463928223e-01
-8.403360843658447266e-01 5.267557501792907715e-01
-4.701887965202331543e-01 -5.175287723541259766e-01
6.565476302057504654e-03 -6.489911079406738281e-01
-2.286475151777267456e-02 2.911239266395568848e-01
-9.712172150611877441e-01 -8.253506384789943695e-03
2.592969834804534912e-01 -4.754747152328491211e-01
3.915993869304656982e-01 6.553237438201904297e-01
3.570040315389633179e-02 8.630802482366561890e-02
-1.510355174541473389e-01 7.560521960258483887e-01
8.011780381202697754e-01 8.457941412925720215e-01
9.593314677476882935e-02 2.596233189105987549e-01
8.875074386596679688e-01 -9.307287335395812988e-01
-8.660081624984741211e-01 9.654774665832519531e-01
-9.613456204533576965e-03 -5.206499099731445312e-01
-2.380628138780593872e-01 1.319188773632049561e-01
-7.837712168693542480e-01 4.647940397262573242e-01
-2.582247257232666016e-01 2.357649654150009155e-01
-1.858939230442047119e-01 -8.738959431648254395e-01
-7.168136835098266602e-01 -7.253081798553466797e-01
-4.138792753219604492e-01 3.197007179260253906e-01
8.601631522178649902e-01 -2.689880877733230591e-02
-8.684226870536804199e-01 -9.217076301574707031e-01
-3.557493984699249268e-01 4.572348296642303467e-02
-3.341211676597595215e-01 2.422904968261718750e-01
-2.024435549974441528e-01 8.893528580665588379e-01
2.754670754075050354e-02 -8.487381935119628906e-01
-2.342234998941421509e-01 -8.832960724830627441e-01
-8.587608933448791504e-01 2.240104228258132935e-02
6.807571649551391602e-01 -1.762699484825134277e-01
-6.430902481079101562e-01 -5.600914359092712402e-01
-5.945932120084762573e-02 2.705307304859161377e-01
-5.479601621627807617e-01 -4.724188446998596191e-01
-5.987541675567626953e-01 -5.675723552703857422e-01
5.247100591659545898e-01 -1.443614661693572998e-01
4.980448186397552490e-01 7.047487497329711914e-01
-9.964239597320556641e-01 -6.173272132873535156e-01
3.004333674907684326e-01 7.708152532577514648e-01
7.074012607336044312e-02 2.714488208293914795e-01
-2.482352852821350098e-01 7.305145263671875000e-01
7.788172923028469086e-03 2.515656352043151855e-01
-7.044401168823242188e-01 -7.297732234001159668e-01
-9.936713427305221558e-02 2.715300917625427246e-01
-8.088296055793762207e-01 -7.875452041625976562e-01
-2.561032958328723907e-02 3.019486069679260254e-01
1.947625726461410522e-01 1.737041920423507690e-01
-1.618739217519760132e-01 7.923452258110046387e-01
-6.733548641204833984e-02 2.317186146974563599e-01
2.595247626304626465e-01 5.235693454742431641e-01
8.020102977752685547e-01 -4.497736226767301559e-03
1.717460751533508301e-01 5.499128103256225586e-01
-3.844101727008819580e-01 3.191206455230712891e-01
2.686268985271453857e-01 -3.909095227718353271e-01
-3.902567327022552490e-01 3.020033538341522217e-01
-3.292183950543403625e-02 2.348724901676177979e-01
-3.246235251426696777e-01 2.309211194515228271e-01
-2.244964987039566040e-01 -6.972512006759643555e-01
1.443563844077289104e-03 -5.289054512977600098e-01
-7.254194617271423340e-01 -5.481368899345397949e-01
-1.407099962234497070e-01 -9.037933349609375000e-01
2.785824425518512726e-02 -5.516479611396789551e-01
-2.880594730377197266e-01 8.033575415611267090e-01
8.268533349037170410e-01 5.830906629562377930e-01
1.672330200672149658e-01 2.027994245290756226e-01
2.654629945755004883e-01 4.279811978340148926e-01
4.535577073693275452e-02 2.913699746131896973e-01
3.477422520518302917e-02 -5.729137659072875977e-01
-1.317261606454849243e-01 5.644809007644653320e-01
-1.512814313173294067e-01 9.515731334686279297e-01
6.399856209754943848e-01 1.166806817054748535e-01
-3.227935433387756348e-01 6.571537256240844727e-01
-7.536872625350952148e-01 -3.576887249946594238e-01
2.895372807979583740e-01 6.023116111755371094e-01
-8.462139964103698730e-01 7.524335980415344238e-01
-8.307104110717773438e-01 -5.396177768707275391e-01
-5.330143496394157410e-02 2.888617217540740967e-01
-9.826743602752685547e-01 5.522850155830383301e-01
-3.772340118885040283e-01 8.319238573312759399e-02
4.029935002326965332e-01 6.993966102600097656e-01
1.233995258808135986e-01 2.706224024295806885e-01
-9.678099751472473145e-01 -9.673245549201965332e-01
1.856661960482597351e-02 4.020941630005836487e-02
-1.232577562332153320e-01 3.298508226871490479e-01
-6.244854927062988281e-01 -3.021711409091949463e-01
-6.919146776199340820e-01 -7.546004652976989746e-01
-2.305146865546703339e-02 2.519061863422393799e-01
-2.440388053655624390e-01 7.794221043586730957e-01
3.232899010181427002e-01 5.292897820472717285e-01
-9.813871234655380249e-02 -5.201759338378906250e-01
-6.874867081642150879e-01 -7.758464813232421875e-01
-3.343934416770935059e-01 2.807029783725738525e-01
-1.266790330410003662e-01 8.792552947998046875e-01
-4.284546077251434326e-01 -4.397620260715484619e-01
-4.675858020782470703e-01 -5.340997576713562012e-01
-1.127332523465156555e-01 2.576369345188140869e-01
-3.103421628475189209e-01 -3.570971190929412842e-01
2.100618928670883179e-01 6.662697196006774902e-01
-7.226387858390808105e-01 8.670851588249206543e-01
-1.205290406942367554e-01 1.982408612966537476e-01
-3.350512683391571045e-02 3.205200731754302979e-01
-2.982009053230285645e-01 2.285014390945434570e-01
-3.890801966190338135e-01 -3.839598894119262695e-01
-1.026533395051956177e-01 2.515123188495635986e-01
1.831994354724884033e-01 1.944329440593719482e-01
-7.257485389709472656e-01 3.259873092174530029e-01
-6.237756609916687012e-01 -7.601257562637329102e-01
-2.647512853145599365e-01 -3.027928769588470459e-01
6.424396038055419922e-01 -1.009237617254257202e-01
-7.597227096557617188e-01 4.772143363952636719e-01
-9.794545769691467285e-01 -5.175055265426635742e-01
2.489232420921325684e-01 -1.346491128206253052e-01
4.125264883041381836e-01 -1.771261692047119141e-01
9.137999415397644043e-01 -6.553272008895874023e-01
-6.199494004249572754e-01 -2.476795315742492676e-01
1.836122423410415649e-01 7.002161145210266113e-01
8.642904758453369141e-01 5.100140571594238281e-01
-4.400267302989959717e-01 3.549062609672546387e-01
-3.241679668426513672e-01 -3.531076908111572266e-01
-3.678106069564819336e-01 3.489209711551666260e-02
-1.015255302190780640e-01 2.161300331354141235e-01
1.172193065285682678e-01 2.219790220260620117e-01
-3.511283695697784424e-01 -8.327277004718780518e-02
-7.550131678581237793e-01 3.202172517776489258e-01
-9.844938293099403381e-03 -5.058586597442626953e-01
-7.733817696571350098e-01 4.526328444480895996e-01
-9.785448908805847168e-01 -5.743169188499450684e-01
1.472569350153207779e-02 2.688806653022766113e-01
2.333363145589828491e-01 -3.942621648311614990e-01
9.309740662574768066e-01 -6.588879823684692383e-01
-7.484453916549682617e-01 -8.386111855506896973e-01
7.680107355117797852e-01 9.671995043754577637e-02
-2.295125126838684082e-01 6.639361381530761719e-01
3.814976895228028297e-03 -5.768558979034423828e-01
-7.963254302740097046e-02 1.106999665498733521e-01
-4.066008627414703369e-01 -4.602416157722473145e-01
-5.966155529022216797e-01 -7.307107448577880859e-01
-8.768898248672485352e-01 -4.498798251152038574e-01
8.706792443990707397e-02 7.244392037391662598e-01
-5.098414421081542969e-01 -4.260483384132385254e-01
-3.098424077033996582e-01 2.629294395446777344e-01
5.142235010862350464e-02 -4.406783580780029297e-01
-5.950556993484497070e-01 -4.488728046417236328e-01
-3.499171137809753418e-01 -3.297402560710906982e-01
5.443142652511596680e-01 -1.470699161291122437e-01
-9.942343235015869141e-01 -6.112316846847534180e-01
3.717353940010070801e-02 -6.150491833686828613e-01
3.425299823284149170e-01 -6.339936256408691406e-01
-2.046343535184860229e-01 7.293113470077514648e-01
-1.559394448995590210e-01 4.623037874698638916e-01
-3.591880202293395996e-01 -6.276277452707290649e-02
-7.979506254196166992e-01 9.241037368774414062e-01
4.136003255844116211e-01 -3.507867753505706787e-01
3.156571984291076660e-01 -4.754754900932312012e-01
8.268105983734130859e-02 2.638127207756042480e-01
-3.522112667560577393e-01 3.765904903411865234e-01
-3.105442821979522705e-01 3.788897767663002014e-02
1.186817586421966553e-01 6.525146365165710449e-01
5.210610628128051758e-01 -8.402267098426818848e-02
-2.832239121198654175e-02 -8.828166723251342773e-01
-9.048590064048767090e-01 -1.195142567157745361e-01
-9.493336677551269531e-01 -5.564865469932556152e-01
3.173314332962036133e-01 -5.766728520393371582e-01
-1.211163848638534546e-01 3.305467069149017334e-01
-2.386382967233657837e-01 2.235205024480819702e-01
9.427927136421203613e-01 9.028021991252899170e-02
-9.042874574661254883e-01 -9.679482132196426392e-02
-8.963931202888488770e-01 -4.457393884658813477e-01
-6.771975755691528320e-01 6.370421648025512695e-01
-6.820526719093322754e-01 -1.013555452227592468e-01
-9.079790711402893066e-01 -5.641498565673828125e-01
1.917557120323181152e-01 -3.138870596885681152e-01
-1.371044367551803589e-01 -9.192531704902648926e-01
-9.027570486068725586e-01 -8.375476598739624023e-01
2.423492372035980225e-01 4.326401352882385254e-01
-7.890635728836059570e-01 -8.042141199111938477e-01
-9.518534541130065918e-01 -7.154834866523742676e-01
-6.605220586061477661e-02 -5.860480070114135742e-01
-7.942534685134887695e-01 -4.410960078239440918e-01
6.255281567573547363e-01 6.751918047666549683e-02
-1.012494787573814392e-01 2.966173589229583740e-01
2.298207432031631470e-01 6.920954585075378418e-01
-7.057254016399383545e-02 3.080916404724121094e-01
-6.113451719284057617e-01 8.420167565345764160e-01
8.914127945899963379e-01 7.703493833541870117e-01
-8.325701951980590820e-02 2.038358449935913086e-01
-4.621048271656036377e-02 2.372894287109375000e-01
-5.716263055801391602e-01 -2.641837298870086670e-01
-8.834586292505264282e-02 3.178721368312835693e-01
7.437421083450317383e-01 2.472210824489593506e-01
-1.272647380828857422e-01 7.247094511985778809e-01
7.881697416305541992e-01 -7.524914741516113281e-01
2.655560672283172607e-01 6.490272283554077148e-01
-2.277114689350128174e-01 -5.773907899856567383e-01
-3.461636602878570557e-01 3.308706879615783691e-01
-8.004248142242431641e-01 -3.058540821075439453e-01
-1.828133910894393921e-01 2.890066206455230713e-01
-1.071302741765975952e-01 -8.336481451988220215e-01
4.711123704910278320e-01 7.527417540550231934e-01
-8.255643248558044434e-01 4.810999631881713867e-01
7.587398290634155273e-01 6.489982604980468750e-01
-9.388612508773803711e-01 -9.201520085334777832e-01
7.008433341979980469e-01 -5.588908195495605469e-01
1.805562078952789307e-01 2.105102539062500000e-01
2.237738370895385742e-01 6.446871161460876465e-01
-2.087790369987487793e-01 7.646473646163940430e-01
8.287020325660705566e-01 2.390082627534866333e-01
3.413939177989959717e-01 7.622372508049011230e-01
-8.533946871757507324e-01 -5.361779928207397461e-01
-2.182756736874580383e-02 3.442382514476776123e-01
9.509679675102233887e-01 -7.168591022491455078e-01
6.077305078506469727e-01 9.665202498435974121e-01
-5.575329065322875977e-02 -5.234186649322509766e-01
-7.324904203414916992e-01 9.696330428123474121e-01
-7.903823852539062500e-01 8.407506346702575684e-01
-8.536607958376407623e-03 -4.591273963451385498e-01
-6.152021884918212891e-01 -7.747015953063964844e-01
-3.501025214791297913e-02 -5.466035008430480957e-01
9.311469197273254395e-01 -8.431943655014038086e-01
-7.259215712547302246e-01 -8.125582933425903320e-01
-3.353794664144515991e-02 2.186655551195144653e-01
-7.552145123481750488e-01 -4.849473237991333008e-01
-8.181488513946533203e-01 4.448195099830627441e-01
-4.748665988445281982e-01 -1.545865237712860107e-01
3.997629582881927490e-01 -5.201919078826904297e-01
-8.106237649917602539e-01 2.216553092002868652e-01
-1.272142827510833740e-01 5.199104547500610352e-01
2.123802341520786285e-02 -5.133243203163146973e-01
5.906658768653869629e-01 -1.406192034482955933e-01
-1.435770988464355469e-01 2.513391077518463135e-01
-9.831523895263671875e-01 -5.979165434837341309e-01
7.761145234107971191e-01 4.995907843112945557e-01
-1.953916437923908234e-02 2.566993832588195801e-01
-1.921214722096920013e-02 -5.535485148429870605e-01
-3.604711294174194336e-01 2.726368308067321777e-01
-7.098813056945800781e-01 -4.502749443054199219e-01
-7.718719840049743652e-01 -1.603326946496963501e-01
-1.777675300836563110e-01 -8.938093185424804688e-01
-8.103817701339721680e-01 -4.880615174770355225e-01
-3.558603227138519287e-01 -3.985922932624816895e-01
8.180425167083740234e-01 8.776013851165771484e-01
-1.616635173559188843e-02 -6.097497940063476562e-01
-7.852208018302917480e-01 -8.063951134681701660e-01
3.334866464138031006e-01 5.854583978652954102e-01
3.653320670127868652e-01 -5.621362924575805664e-01
-9.356988966464996338e-02 2.332587689161300659e-01
-1.622935384511947632e-01 2.419298738241195679e-01
2.146117389202117920e-01 1.506273597478866577e-01
2.554366588592529297e-01 -4.261545836925506592e-01
-8.394643068313598633e-01 -8.811569213867187500e-02
1.043228358030319214e-01 7.914658784866333008e-01
7.253484725952148438e-01 2.111162990331649780e-01
-2.951184213161468506e-01 9.481897950172424316e-01
7.998927831649780273e-01 4.966654479503631592e-01
-5.390325784683227539e-01 -4.494183957576751709e-01
4.820561707019805908e-01 6.890577822923660278e-02
2.852397561073303223e-01 -6.499028205871582031e-02
-2.102577686309814453e-02 -5.329355001449584961e-01
-4.999953135848045349e-02 2.834055423736572266e-01
-7.084435820579528809e-01 7.972813248634338379e-01
3.984154164791107178e-01 -5.668410658836364746e-01
2.695169858634471893e-02 2.886773049831390381e-01
-7.348819971084594727e-01 7.097564935684204102e-01
1.470171958208084106e-01 1.788476705551147461e-01
2.407021373510360718e-01 -4.436650872230529785e-01
-9.439928829669952393e-02 -7.826062440872192383e-01
7.555940747261047363e-01 -7.503088712692260742e-01
-2.033286094665527344e-01 -9.825429320335388184e-01
-6.788510084152221680e-01 6.886801719665527344e-01
-1.456789821386337280e-01 -7.786108851432800293e-01
-5.988622903823852539e-01 -2.402812838554382324e-01
-9.813839793205261230e-01 9.906971454620361328e-02
-2.650247812271118164e-01 8.182477951049804688e-01
-9.726685881614685059e-01 -4.341600835323333740e-01
7.758591771125793457e-01 -6.543995738029479980e-01
-2.901777029037475586e-01 2.909719347953796387e-01
-7.618684768676757812e-01 4.033391177654266357e-01
-1.558696478605270386e-01 -8.371770977973937988e-01
7.235036492347717285e-01 5.941158533096313477e-01
-8.422124981880187988e-01 9.321966767311096191e-01
-9.239614009857177734e-01 -9.538420438766479492e-01
-8.355926275253295898e-01 -8.212635517120361328e-01
1.382590532302856445e-01 1.881143152713775635e-01
1.624541431665420532e-01 2.215470671653747559e-01
-6.959705948829650879e-01 8.693621754646301270e-01
-2.939018420875072479e-02 2.866375744342803955e-01
-7.805852890014648438e-01 -6.672441959381103516e-01
-7.209970951080322266e-01 1.386232674121856689e-01
-8.438025414943695068e-02 -4.974673092365264893e-01
-1.882776767015457153e-01 -5.681008696556091309e-01
-8.394532799720764160e-01 8.276891708374023438e-01
-1.327358037233352661e-01 9.302925318479537964e-02
-8.166421949863433838e-02 2.917961776256561279e-01
1.876882910728454590e-01 -3.471206128597259521e-01
2.045149952173233032e-01 5.757230520248413086e-01
-2.694927453994750977e-01 9.812636300921440125e-03
1.432083845138549805e-01 2.727687954902648926e-01
-9.410936832427978516e-01 -3.645091876387596130e-02
-1.967477798461914062e-01 -7.464280724525451660e-02
1.441164407879114151e-02 -5.090360641479492188e-01
7.783809900283813477e-01 -3.483840078115463257e-02
-2.348815202713012695e-01 5.813661217689514160e-01
-1.742403507232666016e-01 -8.714348673820495605e-01
-2.374309152364730835e-01 1.123298928141593933e-01
-3.555609285831451416e-01 6.974370777606964111e-02
-5.488265752792358398e-01 6.871364116668701172e-01
-5.216362476348876953e-01 7.288007736206054688e-01
-2.406741529703140259e-01 9.841573238372802734e-02
-1.165978983044624329e-01 -8.324202299118041992e-01
-2.530965507030487061e-01 8.877132534980773926e-01
-6.665656715631484985e-02 2.752372324466705322e-01
7.900943160057067871e-01 3.823342621326446533e-01
-7.340192198753356934e-01 8.719449639320373535e-01
-5.810907483100891113e-01 -4.846861362457275391e-01
-3.454692363739013672e-01 6.134456768631935120e-02
-3.885646462440490723e-01 3.916607424616813660e-02
-9.658714532852172852e-01 -4.750284850597381592e-01
-3.399896621704101562e-01 5.644546747207641602e-01
1.303759068250656128e-01 1.711854040622711182e-01
1.737026870250701904e-01 2.021380662918090820e-01
1.864554435014724731e-01 6.679228544235229492e-01
-7.126046419143676758e-01 7.029380202293395996e-01
2.686592936515808105e-02 -5.559957623481750488e-01
-2.039681561291217804e-02 2.099222987890243530e-01
-4.005727469921112061e-01 -3.197071552276611328e-01
4.472073614597320557e-01 7.788585424423217773e-01
3.846613466739654541e-01 -5.188910961151123047e-01
-1.073027029633522034e-01 -8.558388352394104004e-01
4.311669468879699707e-01 7.178274393081665039e-01
-2.818584144115447998e-01 -2.139328233897686005e-02
3.213280737400054932e-01 -4.097038507461547852e-01
2.312786132097244263e-01 2.183962315320968628e-01
2.277034521102905273e-01 4.825249910354614258e-01
-7.589356303215026855e-01 9.687306284904479980e-01
-6.478216052055358887e-01 -2.328364551067352295e-01
-1.075736284255981445e-01 -1.178120598196983337e-01
-1.827042400836944580e-01 6.766704916954040527e-01
4.303850829601287842e-01 -5.687623023986816406e-01
-7.331893593072891235e-02 2.894688546657562256e-01
-8.120106905698776245e-02 2.925319075584411621e-01
-8.705807924270629883e-01 -7.465240955352783203e-01
1.289660483598709106e-01 -9.829603433609008789e-01
-4.944804012775421143e-01 -4.251998364925384521e-01
-1.369715929031372070e-01 7.272745966911315918e-01
-9.332993626594543457e-01 -4.656587243080139160e-01
-3.241265118122100830e-01 3.068183660507202148e-01
-1.713087558746337891e-01 2.476869672536849976e-01
9.850234985351562500e-01 -1.879089325666427612e-02
2.455173581838607788e-01 7.423253059387207031e-01
1.154903024435043335e-01 -5.455042123794555664e-01
1.558718085289001465e-01 2.078247517347335815e-01
2.290803492069244385e-01 6.158317923545837402e-01
-5.206226110458374023e-01 -6.420416235923767090e-01
1.365970820188522339e-01 2.150812745094299316e-01
-3.903054594993591309e-01 2.818095982074737549e-01
-6.701839715242385864e-02 -3.513710498809814453e-01
-9.184869527816772461e-01 -1.042899414896965027e-01
1.918318420648574829e-01 1.962578147649765015e-01
-4.424288272857666016e-01 -4.137332141399383545e-01
-3.329425752162933350e-01 -4.523708485066890717e-03
2.444976121187210083e-01 7.383908033370971680e-01
1.130965575575828552e-01 1.566968262195587158e-01
-2.428134530782699585e-01 2.546991705894470215e-01
-8.852286934852600098e-01 -5.052217841148376465e-01
-7.206112742424011230e-01 9.559808373451232910e-01
-3.011777997016906738e-01 2.716453373432159424e-01
-4.478425681591033936e-01 7.910645753145217896e-02
3.109416961669921875e-01 5.599623918533325195e-01
-6.550490260124206543e-01 7.774575948715209961e-01
-7.703729271888732910e-01 -7.429258227348327637e-01
9.548982977867126465e-01 -7.271756529808044434e-01
3.441430926322937012e-01 7.505465149879455566e-01
-7.767914533615112305e-01 5.634258389472961426e-01
2.038284093141555786e-01 1.677358746528625488e-01
-7.421934604644775391e-02 6.541200280189514160e-01
-1.257414370775222778e-01 4.337490797042846680e-01
-3.210718035697937012e-01 5.238537490367889404e-02
-2.824214696884155273e-01 7.193263769149780273e-01
3.508457839488983154e-01 -1.293791234493255615e-01
-8.519500494003295898e-01 4.048249125480651855e-01
-7.666574120521545410e-01 8.261431455612182617e-01
5.641889572143554688e-01 6.685153245925903320e-01
-1.093184426426887512e-01 3.069296479225158691e-01
-4.579110443592071533e-01 3.919940292835235596e-01
9.673827886581420898e-01 -6.244201064109802246e-01
-4.871374368667602539e-01 -5.485683083534240723e-01
-6.945421099662780762e-01 -7.746972441673278809e-01
-7.770326137542724609e-01 4.024156033992767334e-01
2.700685262680053711e-01 1.726239323616027832e-01
-4.229210317134857178e-02 2.721011340618133545e-01
-9.152972698211669922e-02 3.569961786270141602e-01
3.703584969043731689e-01 -4.970119893550872803e-01
-6.331744194030761719e-01 -2.088102698326110840e-01
4.992110654711723328e-02 -6.977597475051879883e-01
-8.430184721946716309e-01 -5.706021785736083984e-01
-8.598262071609497070e-01 -1.120150238275527954e-01
-4.746919870376586914e-01 -8.293384909629821777e-01
-2.069805562496185303e-01 6.965319067239761353e-02
7.868483066558837891e-01 4.118558168411254883e-01
-7.747663259506225586e-01 -8.112068772315979004e-01
-9.778575599193572998e-02 -2.698277533054351807e-01
1.993183046579360962e-01 -6.255435198545455933e-02
2.885293364524841309e-01 5.727851986885070801e-01
-2.709337472915649414e-01 -8.998153209686279297e-01
-9.593196511268615723e-01 4.689742028713226318e-01
-9.827471971511840820e-01 -7.140332460403442383e-01
8.127114176750183105e-01 2.616626620292663574e-01
-1.994990557432174683e-01 -8.103768229484558105e-01
-1.180256530642509460e-01 2.724766135215759277e-01
-2.054315060377120972e-01 6.301518678665161133e-01
6.963692903518676758e-01 6.068476438522338867e-01
-7.784379720687866211e-01 -7.447086572647094727e-01
-8.445205092430114746e-01 -8.039352297782897949e-01
-7.455057650804519653e-02 -8.862612303346395493e-04
-8.401842713356018066e-01 -6.815994530916213989e-02
-8.221294283866882324e-01 8.720561265945434570e-01
-8.223034739494323730e-01 -8.954480290412902832e-01
5.612272620201110840e-01 5.799929425120353699e-02
-4.777082800865173340e-02 1.837060600519180298e-01
-7.843648791313171387e-01 -1.161536276340484619e-01
8.690035343170166016e-01 4.202668368816375732e-01
-5.013495683670043945e-01 7.698854207992553711e-01
-1.304852366447448730e-01 -9.812064766883850098e-01
-8.988953828811645508e-01 -9.624302983283996582e-01
5.214573144912719727e-01 1.043781340122222900e-01
-7.362373471260070801e-01 4.555847346782684326e-01
-1.540235728025436401e-01 8.968431353569030762e-01
4.673266410827636719e-01 7.704633474349975586e-01
7.020153999328613281e-01 1.286151409149169922e-01
7.241449505090713501e-02 -9.137440323829650879e-01
-4.371754825115203857e-01 3.338800966739654541e-01
1.692488938570022583e-01 5.421970486640930176e-01
-5.646923556923866272e-02 2.471251636743545532e-01
2.186225950717926025e-01 7.110385298728942871e-01
-2.448995411396026611e-01 1.575187742710113525e-01
-8.659835457801818848e-01 -1.616656184196472168e-01
-1.997922509908676147e-01 1.595278978347778320e-01
1.687272042036056519e-01 1.737387478351593018e-01
-6.512944102287292480e-01 -2.981526851654052734e-01
-9.931541085243225098e-01 -1.848206520080566406e-01
-7.650797367095947266e-01 8.339838385581970215e-01
-6.089715957641601562e-01 -2.521976530551910400e-01
7.788202725350856781e-03 -5.080267190933227539e-01
-6.187318637967109680e-02 3.137669861316680908e-01
3.500190079212188721e-01 6.866163611412048340e-01
-9.797044992446899414e-01 -6.184642314910888672e-01
-6.119775772094726562e-01 6.042757034301757812e-01
1.544478088617324829e-01 3.045879602432250977e-01
7.525840401649475098e-01 -6.808486580848693848e-01
-2.052680402994155884e-02 -4.806900322437286377e-01
-7.641531229019165039e-01 4.628945589065551758e-01
-7.198784351348876953e-01 9.335587024688720703e-01
-4.067572355270385742e-01 -4.338927567005157471e-01
2.327989190816879272e-01 7.471618652343750000e-01
-9.312728792428970337e-02 2.085878551006317139e-01
7.874459028244018555e-01 4.994452595710754395e-01
6.190038919448852539e-01 -1.604083031415939331e-01
9.807247519493103027e-01 8.213444352149963379e-01
-7.289626598358154297e-01 8.062486648559570312e-01
-7.133876085281372070e-01 -5.970839262008666992e-01
-8.211315423250198364e-02 1.772676706314086914e-01
-3.783845007419586182e-01 7.797107696533203125e-01
1.548269093036651611e-01 1.294835656881332397e-01
4.179570078849792480e-01 -6.858228445053100586e-01
-2.874824106693267822e-01 7.778189182281494141e-01
-3.924055397510528564e-02 2.800194919109344482e-01
-1.847577989101409912e-01 8.292678743600845337e-02
2.513153478503227234e-02 -5.407567024230957031e-01
2.974205315113067627e-01 8.040172457695007324e-01
-7.643206715583801270e-01 -6.499217748641967773e-01
-3.407676815986633301e-01 -4.028402268886566162e-01
-2.244122624397277832e-01 1.625366657972335815e-01
-3.230204582214355469e-01 -3.388392031192779541e-01
7.558162212371826172e-01 8.838942050933837891e-01
-3.264973163604736328e-01 9.670683741569519043e-02
-6.847836971282958984e-01 8.055211901664733887e-01
-5.013003945350646973e-01 -5.226102471351623535e-01
3.034707903861999512e-01 -4.379453957080841064e-01
-3.005639314651489258e-01 3.385538458824157715e-01
-4.864157438278198242e-01 -5.820614695549011230e-01
-8.228385448455810547e-01 -8.717728257179260254e-01
-6.882898807525634766e-01 9.764314889907836914e-01
4.112485796213150024e-02 2.256028801202774048e-01
-6.626951098442077637e-01 -8.715101480484008789e-01
-8.439118266105651855e-01 4.460047185420989990e-01
-9.388949871063232422e-01 1.175683178007602692e-02
-1.282683610916137695e-01 5.470004081726074219e-01
1.635348983108997345e-02 -6.816087365150451660e-01
1.674847118556499481e-02 -5.666066408157348633e-01
6.757590174674987793e-02 -7.158198356628417969e-01
-6.961458325386047363e-01 3.027320802211761475e-01
2.846682071685791016e-01 5.626990795135498047e-01
-4.956295788288116455e-01 -5.912579894065856934e-01
-9.010113477706909180e-01 -8.400897383689880371e-01
7.267683744430541992e-01 5.872389078140258789e-01
-6.536763906478881836e-02 2.717123031616210938e-01
-1.943713426589965820e-01 -9.041002392768859863e-01
-6.340394169092178345e-02 2.078232914209365845e-01
9.555846452713012695e-01 6.780915856361389160e-01
-6.188341379165649414e-01 -3.598829507827758789e-01
8.354284763336181641e-01 -6.070472598075866699e-01
-7.034898996353149414e-01 6.137635707855224609e-01
-3.102806508541107178e-01 -5.963892862200737000e-02
-2.606964409351348877e-01 1.996137946844100952e-01
5.727595835924148560e-02 -5.913999676704406738e-01
-8.374543190002441406e-01 5.159639120101928711e-01
2.997877299785614014e-01 -5.616337656974792480e-01
7.534786462783813477e-01 5.884908437728881836e-01
-9.874450415372848511e-02 -8.003584742546081543e-01
1.497431844472885132e-01 2.273920327425003052e-01
-2.257101386785507202e-01 6.432391405105590820e-01
-3.993323817849159241e-02 -5.534402132034301758e-01
-3.905299007892608643e-01 -3.962616026401519775e-01
6.570534706115722656e-01 -6.232665181159973145e-01
-3.165494799613952637e-01 -1.807135343551635742e-02
-9.982239454984664917e-02 6.295331567525863647e-02
8.830896615982055664e-01 8.533799052238464355e-01
-2.706542611122131348e-01 1.675025932490825653e-02
-1.686822772026062012e-01 -3.418775647878646851e-02
-6.714126467704772949e-01 -6.781820654869079590e-01
5.988264083862304688e-01 8.974208235740661621e-01
-2.246137708425521851e-03 -5.544461011886596680e-01
1.793186217546463013e-01 6.120840907096862793e-01
-2.078076601028442383e-01 7.329089045524597168e-01
-4.955487847328186035e-01 4.189251959323883057e-01
9.507236480712890625e-01 -6.646978855133056641e-01
3.264678120613098145e-01 6.543356776237487793e-01
5.712376236915588379e-01 6.359601765871047974e-02
-3.391834199428558350e-01 2.362931817770004272e-01
-6.539662927389144897e-02 2.689497470855712891e-01
-2.168730646371841431e-01 1.201677471399307251e-01
2.429975867271423340e-01 -3.515065312385559082e-01
-1.491658091545104980e-01 3.890803158283233643e-01
-9.054221510887145996e-01 -2.969786822795867920e-01
-2.172349840402603149e-01 7.139979600906372070e-01
2.335763424634933472e-01 6.117957234382629395e-01
7.828866243362426758e-01 3.554133176803588867e-01
-7.488834261894226074e-01 -2.740698456764221191e-01
-9.766036272048950195e-02 7.041325569152832031e-01
-9.332790374755859375e-01 -9.779254198074340820e-01
-4.849584400653839111e-02 2.334647029638290405e-01
-2.089416086673736572e-01 -9.025338292121887207e-01
8.336814641952514648e-01 8.467677980661392212e-02
-8.155544102191925049e-02 2.116121500730514526e-01
8.373639583587646484e-01 -4.568709731101989746e-01
-4.793766736984252930e-01 3.760646581649780273e-01
1.014330014586448669e-01 -8.318406343460083008e-01
-2.022722959518432617e-01 3.777160495519638062e-02
-8.984870910644531250e-01 -8.943951129913330078e-01
-8.402770161628723145e-01 -8.926001787185668945e-01
-8.165524005889892578e-01 -2.465188652276992798e-01
-6.001944839954376221e-02 2.858955860137939453e-01
2.744284868240356445e-01 -3.964959084987640381e-01
-4.380522072315216064e-01 4.664103984832763672e-01
3.581703603267669678e-01 -5.389060378074645996e-01
-7.769332826137542725e-02 2.722906172275543213e-01
-1.475393176078796387e-01 6.500045657157897949e-01
-2.063881903886795044e-01 7.914405465126037598e-01
6.366569995880126953e-01 1.491532474756240845e-01
-1.042320728302001953e-01 -6.496836543083190918e-01
3.043032884597778320e-01 6.594963669776916504e-01
-2.969549298286437988e-01 4.041948020458221436e-01
2.341210246086120605e-01 -8.540847897529602051e-02
-3.140436410903930664e-01 -2.520420774817466736e-02
-3.351210057735443115e-01 3.921843171119689941e-01
4.169441163539886475e-01 -1.351120024919509888e-01
-9.768357276916503906e-01 5.398278236389160156e-01
-1.895057559013366699e-01 9.338562488555908203e-01
-3.287995457649230957e-01 -1.820291578769683838e-02
7.173528671264648438e-01 1.328926682472229004e-01
4.699271172285079956e-02 -5.897140502929687500e-01
-1.045193001627922058e-01 -7.999051213264465332e-01
-5.508638918399810791e-02 2.499852478504180908e-01
-4.881694912910461426e-02 -4.894329905509948730e-01
3.481863439083099365e-02 -5.664551258087158203e-01
-3.180314321070909500e-03 2.927328050136566162e-01
-6.576934456825256348e-01 5.791828632354736328e-01
-4.632135331630706787e-01 -4.899682104587554932e-01
-1.312966048717498779e-01 4.305700957775115967e-01
8.155344724655151367e-01 4.521188735961914062e-01
-6.251903176307678223e-01 -5.744684338569641113e-01
-3.344867527484893799e-01 2.255068272352218628e-01
-1.976351439952850342e-01 1.327580064535140991e-01
-5.981113389134407043e-02 2.669742405414581299e-01
-7.119780182838439941e-01 -5.593892931938171387e-01
-6.746234297752380371e-01 -4.855743050575256348e-01
1.567946225404739380e-01 1.768849790096282959e-01
-6.123533844947814941e-01 -7.536166310310363770e-01
-2.533567845821380615e-01 -1.157064810395240784e-01
-6.080536842346191406e-01 7.572174072265625000e-01
3.519043792039155960e-03 1.520191729068756104e-01
-4.412771463394165039e-01 1.017363294959068298e-01
-2.750674188137054443e-01 -3.569635376334190369e-02
-9.786994457244873047e-01 -5.667278170585632324e-01
1.949345916509628296e-01 4.511685669422149658e-01
-7.437338829040527344e-01 9.082112461328506470e-02
-2.102638036012649536e-01 -6.740208864212036133e-01
-4.177116453647613525e-01 8.639913052320480347e-02
7.721350193023681641e-01 7.706704735755920410e-01
-3.553136885166168213e-01 3.407207876443862915e-02
-8.011605143547058105e-01 7.986131310462951660e-01
4.163908660411834717e-01 -1.504934728145599365e-01
6.991063356399536133e-01 1.718001067638397217e-01
6.683759093284606934e-01 6.473138332366943359e-01
9.078122377395629883e-01 -6.050516963005065918e-01
1.489052362740039825e-02 5.042141675949096680e-01
2.528086304664611816e-01 -4.140255153179168701e-01
-5.793759226799011230e-01 -4.361491203308105469e-01
4.203524291515350342e-01 7.762274742126464844e-01
-2.951033227145671844e-02 5.834261178970336914e-01
-3.324103951454162598e-01 -5.264044404029846191e-01
-6.504767537117004395e-01 -5.023503899574279785e-01
-4.791612923145294189e-01 -7.225199341773986816e-01
-4.938131272792816162e-01 7.684348821640014648e-01
-9.339848160743713379e-01 -9.628752470016479492e-01
-2.884852290153503418e-01 3.979251682758331299e-01
-6.271483302116394043e-01 -8.797647953033447266e-01
2.042314708232879639e-01 7.852355241775512695e-01
2.871093712747097015e-02 7.428142428398132324e-01
-5.981596112251281738e-01 8.111650943756103516e-01
-3.329185247421264648e-01 -7.838034033775329590e-01
7.709466814994812012e-01 -3.921048343181610107e-01
-9.918913245201110840e-01 -2.653506100177764893e-01
-1.744112968444824219e-01 2.345377653837203979e-01
1.868185549974441528e-01 7.564169764518737793e-01
7.227450013160705566e-01 -5.498250722885131836e-01
-1.761450991034507751e-02 -7.116134166717529297e-01
5.329533815383911133e-01 2.472075372934341431e-01
8.678948283195495605e-01 -6.809887290000915527e-01
2.079324424266815186e-01 8.769597411155700684e-01
-6.387286782264709473e-01 -8.456150889396667480e-01
-2.530250847339630127e-01 -3.565328121185302734e-01
-2.576048672199249268e-01 -6.550855040550231934e-01
-6.770928502082824707e-01 8.927999734878540039e-01
-1.807662099599838257e-01 1.127372533082962036e-01
5.937258005142211914e-01 -1.380421407520771027e-02
-5.239433050155639648e-01 1.032766029238700867e-01
-3.301871716976165771e-01 -5.145059227943420410e-01
8.285255432128906250e-01 4.310479462146759033e-01
-3.143563866615295410e-01 5.927187204360961914e-01
-3.641791045665740967e-01 -1.186978593468666077e-01
7.305773496627807617e-01 4.376291036605834961e-01
-8.281244039535522461e-01 -6.011139154434204102e-01
-6.701548118144273758e-03 9.795033931732177734e-02
-9.574055671691894531e-01 1.942715495824813843e-01
-7.928431034088134766e-01 -4.291391074657440186e-01
-4.875111281871795654e-01 -1.067465692758560181e-01
-4.218045771121978760e-01 -1.520518958568572998e-01
-7.229152321815490723e-01 8.144910335540771484e-01
-1.197435799986124039e-02 -6.427123546600341797e-01
-8.852213025093078613e-01 -4.249428510665893555e-01
-3.746370598673820496e-02 2.962892353534698486e-01
4.083127379417419434e-01 -1.356627196073532104e-01
5.764880403876304626e-02 -2.793866209685802460e-02
-2.899617552757263184e-01 -7.658837437629699707e-01
-7.843431830406188965e-01 -7.447525262832641602e-01
-1.479928791522979736e-01 4.110340178012847900e-01
6.737365126609802246e-01 5.559329390525817871e-01
1.214262321591377258e-01 7.309906482696533203e-01
-7.062302529811859131e-02 2.545453906059265137e-01
3.866115808486938477e-01 7.793551683425903320e-01
2.863839268684387207e-01 -4.984122514724731445e-01
-1.523470729589462280e-01 -4.320381879806518555e-01
5.960688591003417969e-01 3.422631025314331055e-01
-3.879521191120147705e-01 2.516858652234077454e-02
-4.249323010444641113e-01 3.774595260620117188e-01
-1.979021877050399780e-01 3.318014144897460938e-01
-9.872140884399414062e-01 -4.611706733703613281e-01
-2.299950271844863892e-01 -5.856865048408508301e-01
-6.360936760902404785e-01 -5.734965205192565918e-01
6.357023715972900391e-01 6.980541348457336426e-01
8.417369723320007324e-01 -7.088599205017089844e-01
1.176811009645462036e-01 5.893908739089965820e-01
-2.538564503192901611e-01 8.497262001037597656e-02
-1.895743049681186676e-02 -3.178492188453674316e-01
-3.404200077056884766e-01 -4.973584413528442383e-01
-3.245059251785278320e-01 3.540748655796051025e-01
-4.482441842555999756e-01 3.543467819690704346e-01
2.540394961833953857e-01 -5.764147043228149414e-01
-1.321168392896652222e-01 7.677721977233886719e-01
-1.680634468793869019e-01 3.219396173954010010e-01
-1.627200841903686523e-01 2.006260305643081665e-01
-2.322618216276168823e-01 2.468922287225723267e-01
3.795933127403259277e-01 4.590505063533782959e-01
-8.561900258064270020e-01 2.069916427135467529e-01
-2.157949097454547882e-02 8.119036555290222168e-01
-8.698146939277648926e-01 2.614903263747692108e-02
4.100436568260192871e-01 4.734776020050048828e-01
7.213950157165527344e-01 3.966827988624572754e-01
5.512259602546691895e-01 1.709729582071304321e-01
3.350350633263587952e-02 -5.984864234924316406e-01
-3.975391983985900879e-01 2.699849903583526611e-01
8.149840831756591797e-01 -4.060977101325988770e-01
-7.626252621412277222e-02 7.675484418869018555e-01
-4.913118481636047363e-01 -6.000050157308578491e-02
1.096139196306467056e-02 4.707105159759521484e-01
-1.629458740353584290e-02 -1.412353068590164185e-01
2.809418439865112305e-01 -8.337250947952270508e-01
-2.431013584136962891e-01 -4.721561670303344727e-01
-7.000328302383422852e-01 -5.272870063781738281e-01
-3.361212909221649170e-01 2.159202992916107178e-01
-3.580335378646850586e-01 -5.860438942909240723e-01
-4.101531207561492920e-02 -4.617559909820556641e-01
8.134512901306152344e-01 -7.474005818367004395e-01
-3.790945112705230713e-01 -9.347059726715087891e-01
3.913448452949523926e-01 -5.085272789001464844e-01
-5.110433325171470642e-02 -5.696390271186828613e-01
-7.201956510543823242e-01 7.152011394500732422e-01
-5.548089742660522461e-02 -4.881020188331604004e-01
-3.910978883504867554e-02 1.900851726531982422e-01
-5.949514508247375488e-01 9.574534296989440918e-01
-6.775639057159423828e-01 -5.671778917312622070e-01
-5.783460736274719238e-01 5.176154971122741699e-01
8.314986228942871094e-01 5.100416541099548340e-01
2.282047718763351440e-01 6.690301299095153809e-01
-2.031065374612808228e-01 9.131554961204528809e-01
-4.965063333511352539e-01 1.053629964590072632e-01
3.092589378356933594e-01 1.627267301082611084e-01
-8.245607614517211914e-01 -8.317787647247314453e-01
-3.462826311588287354e-01 -6.815146654844284058e-02
9.207489490509033203e-01 -5.374237895011901855e-01
-6.165295839309692383e-01 6.905853748321533203e-01
-7.893218994140625000e-01 -7.134291529655456543e-01
2.499478161334991455e-01 -1.979682892560958862e-01
-3.600624501705169678e-01 8.453358411788940430e-01
-1.857831478118896484e-01 -1.656181961297988892e-01
-7.892822623252868652e-01 -6.413994431495666504e-01
-2.425558120012283325e-01 5.300799608230590820e-01
6.534795761108398438e-01 1.249014139175415039e-01
7.986552715301513672e-01 4.919524788856506348e-01
-5.984019041061401367e-01 8.989788293838500977e-01
-4.117965400218963623e-01 2.168398350477218628e-01
-4.164265394210815430e-01 -2.391090244054794312e-01
-2.305843383073806763e-01 3.724996745586395264e-01
-6.855165362358093262e-01 -3.925175368785858154e-01
6.038914322853088379e-01 -7.091432213783264160e-01
9.537116885185241699e-01 3.119680583477020264e-01
-8.847082257270812988e-01 -3.161695599555969238e-01
-4.733777642250061035e-01 3.172138333320617676e-01
-8.337987661361694336e-01 -5.678086280822753906e-01
-4.060764312744140625e-01 2.153394073247909546e-01
-4.075230658054351807e-01 6.096988916397094727e-01
1.403641402721405029e-01 2.587990760803222656e-01
4.982025623321533203e-01 -7.945936918258666992e-01
-6.751904487609863281e-01 -1.531932055950164795e-01
7.780314683914184570e-01 8.741442561149597168e-01
7.712207436561584473e-01 -2.356345355510711670e-01
-3.211546922102570534e-03 3.794884085655212402e-01
-3.090164959430694580e-01 -5.239792466163635254e-01
-8.510223031044006348e-01 -2.496354132890701294e-01
6.856478452682495117e-01 -3.698594272136688232e-01
-2.110716653987765312e-03 2.829336524009704590e-01
-5.559658408164978027e-01 -1.321740001440048218e-01
1.692401617765426636e-02 -6.791142225265502930e-01
-3.978927433490753174e-01 -4.987265765666961670e-01
-8.688248395919799805e-01 -2.653115689754486084e-01
-2.067464143037796021e-01 -9.076602458953857422e-01
7.790740132331848145e-01 3.979118168354034424e-01
2.278714627027511597e-01 2.625126242637634277e-01
1.637505143880844116e-01 7.112364172935485840e-01
-1.537029892206192017e-01 1.842963248491287231e-01
-9.393493533134460449e-01 3.725906312465667725e-01
-3.678140044212341309e-02 -7.123050689697265625e-01
-7.277109026908874512e-01 4.840324223041534424e-01
-1.442606467753648758e-02 2.463638931512832642e-01
2.798093557357788086e-01 4.703677892684936523e-01
8.591626286506652832e-01 3.793341219425201416e-01
-9.349877834320068359e-01 -9.307440519332885742e-01
-4.367237985134124756e-01 -7.926962375640869141e-01
2.770970463752746582e-01 6.544003486633300781e-01
-1.682654023170471191e-01 2.613971009850502014e-02
-9.957177042961120605e-01 -6.537761092185974121e-01
