# Epoch   training loss   validation loss
0 0.01167211402207613 0.011623896658420563
1000 3.8092350678198272e-06 3.741322643691092e-06
2000 1.4419603076021303e-06 1.4197011068972643e-06
3000 9.460912906433805e-07 9.345425269202678e-07
4000 1.0228249038846116e-06 9.998709629144287e-07
5000 9.402046430295741e-07 9.233509103978577e-07
6000 6.065183129067009e-07 6.029291057529917e-07
7000 5.960679345662356e-07 5.897657047171379e-07
8000 5.778911713605339e-07 5.697581855201861e-07
9000 3.2590745036031876e-07 3.291557106877008e-07
10000 4.239123256866151e-07 4.2656265009100025e-07
11000 4.153229440362338e-07 4.230807348903909e-07
12000 3.6838875416833616e-07 3.731909714588255e-07
13000 3.660475726974255e-07 3.698739305946219e-07
14000 3.355930573434307e-07 3.416782305976085e-07
15000 2.895951354275894e-07 2.9611408081109403e-07
16000 3.9407765939358796e-07 4.0497968711861176e-07
17000 3.287864842604904e-07 3.3860521853057435e-07
18000 2.3083619282715517e-07 2.412057824585645e-07
19000 2.941020795788063e-07 3.0422060603996215e-07
20000 2.4494056560797617e-07 2.5765936584321025e-07
21000 2.4195517767111596e-07 2.542583388276398e-07
22000 2.581887770247704e-07 2.6826990051631583e-07
23000 1.9994864430827874e-07 2.0931631183884747e-07
24000 1.786673919923487e-07 1.8926611744518596e-07
25000 2.1411712225472002e-07 2.2333239257932291e-07
26000 1.9662614647586452e-07 2.06349099585168e-07
27000 2.0721716964544612e-07 2.187886849469578e-07
28000 1.9070026269218943e-07 1.993823985912968e-07
29000 1.5466066827229952e-07 1.6697197224857518e-07
30000 1.8983440952524688e-07 2.0068274864115665e-07
31000 1.5955687615587522e-07 1.7043640809788485e-07
32000 1.562842157909472e-07 1.667128657345529e-07
33000 1.499394386428321e-07 1.6145850167958997e-07
34000 1.3877962601327454e-07 1.4977999285292753e-07
35000 1.4173845386267203e-07 1.4882297705298697e-07
36000 1.5376896556063002e-07 1.631146204772449e-07
37000 1.6514923117938451e-07 1.7274804520184261e-07
38000 1.732831123035794e-07 1.8343358476613503e-07
39000 1.2944791194513527e-07 1.4088543309753732e-07
40000 1.4297755512870935e-07 1.5398383368392388e-07
41000 1.3289283629092097e-07 1.4127874692348996e-07
42000 1.2883511146810633e-07 1.393464543752998e-07
43000 1.2137417115809512e-07 1.2967974782895908e-07
44000 1.142797572128984e-07 1.2205826749323023e-07
45000 1.1129404242637975e-07 1.1935877353153046e-07
46000 1.2754274791859643e-07 1.33972477556199e-07
47000 9.009922763425493e-08 9.700921310695776e-08
48000 1.0268792038914398e-07 1.1151549017540674e-07
49000 1.0010836604124052e-07 1.0723731946882253e-07
50000 1.0066949585052498e-07 1.0881137058049717e-07
51000 8.937633566574732e-08 9.82248167247235e-08
52000 9.764526964772813e-08 1.0559818264255227e-07
53000 8.4980136705326e-08 9.366535635990658e-08
54000 9.67619513403406e-08 1.0369349467964639e-07
55000 8.445393007150415e-08 9.098149433839353e-08
56000 8.532846607067768e-08 9.301084702428852e-08
57000 9.56501935434062e-08 1.0157337015925805e-07
58000 9.712779558412876e-08 1.051051938816272e-07
59000 8.939156970200202e-08 9.681588153398479e-08
60000 8.697128350831917e-08 9.386309329784126e-08
61000 7.190347162122634e-08 7.756788278356908e-08
62000 7.483261299512378e-08 8.059379297264968e-08
63000 8.287305774956621e-08 8.71884182629401e-08
64000 7.262312351485889e-08 7.940908375303479e-08
65000 9.059704098035581e-08 9.45789082607007e-08
66000 8.576025578577173e-08 9.24118026546239e-08
67000 7.712677074778185e-08 8.163192433130462e-08
68000 7.901513754404732e-08 8.446512111959237e-08
69000 7.284097591764294e-08 7.858621842160574e-08
70000 8.725398714659605e-08 9.189804472953256e-08
71000 8.088964875696547e-08 8.599769074635333e-08
72000 7.45636867804933e-08 8.087678082802086e-08
73000 7.705470750352106e-08 8.304294851768645e-08
74000 7.186840633721658e-08 7.812982261157231e-08
75000 6.981115063808829e-08 7.467699703056496e-08
76000 7.375502519835209e-08 7.833393311784675e-08
77000 6.904920013539595e-08 7.389768086341064e-08
78000 8.215356217533554e-08 8.623685943121018e-08
79000 5.926322543814422e-08 6.480610892367622e-08
80000 6.816926401143064e-08 7.250973510508629e-08
81000 7.529156675900595e-08 7.921069311578322e-08
82000 6.525910833943271e-08 6.866928714543974e-08
83000 5.971555339101542e-08 6.300771815404005e-08
84000 6.34565182622282e-08 6.670741470315988e-08
85000 6.993734302795929e-08 7.346100261429456e-08
86000 6.54445102554746e-08 6.855009360151598e-08
87000 6.542607167148162e-08 6.927638906972788e-08
88000 7.53499946881675e-08 7.861281403620524e-08
89000 6.558656195920776e-08 6.933732521474667e-08
90000 6.200958324598105e-08 6.590580881038477e-08
91000 5.8161081284424654e-08 6.114554906844205e-08
92000 6.905779770249865e-08 7.256491585394542e-08
93000 5.751699205802652e-08 6.131985230695136e-08
94000 5.835532590481307e-08 6.172945887783499e-08
95000 7.726627870852099e-08 8.046860955346347e-08
96000 5.0367553683372535e-08 5.3632469132480765e-08
97000 5.621026133439955e-08 5.973854655394462e-08
98000 5.8616457465632266e-08 6.155323006851177e-08
99000 5.508411504706601e-08 5.8090531496191034e-08
100000 5.3278672140777417e-08 5.666111135838037e-08
101000 5.8670575953101434e-08 6.150669662474684e-08
102000 6.914658712275923e-08 7.129984425091607e-08
103000 6.40287538544726e-08 6.623822912388277e-08
104000 5.309946971010504e-08 5.588003304524136e-08
105000 6.002251495829114e-08 6.250483153280584e-08
106000 5.652667312006088e-08 5.9038164579305885e-08
107000 5.769134503452733e-08 6.090856885521134e-08
108000 6.184322387525754e-08 6.549221609475353e-08
109000 5.777554790142858e-08 6.108766115175968e-08
110000 5.13940499047294e-08 5.446131723374492e-08
111000 5.886295539880848e-08 6.159993404253328e-08
112000 4.683766263724465e-08 5.039354533664664e-08
113000 5.3380620812504276e-08 5.5627289441417815e-08
114000 4.59854518908287e-08 4.933658459549406e-08
115000 5.581354756145629e-08 5.8125806390307844e-08
116000 4.952231336119439e-08 5.350425524852653e-08
117000 4.0914656551649387e-08 4.430295419410868e-08
118000 7.441323646162346e-08 7.629524390040388e-08
119000 5.494996813126818e-08 5.895465093885832e-08
120000 4.518869545222515e-08 4.8586635159608704e-08
121000 5.896107779790327e-08 6.247082495747236e-08
122000 4.249730523042672e-08 4.61571758592072e-08
123000 4.434291156485415e-08 4.727716884644906e-08
124000 5.7788128060565214e-08 6.087350357120158e-08
125000 4.6507221185265735e-08 4.9574609306546336e-08
126000 5.3352191997646514e-08 5.71489451317575e-08
127000 4.578024714874118e-08 4.8870642643805695e-08
128000 4.5620836885973404e-08 4.9325812767619936e-08
129000 6.134097674248551e-08 6.342965264138911e-08
130000 5.1853945137736446e-08 5.570599270754428e-08
131000 4.863953861899972e-08 5.225925292506872e-08
132000 4.3236880742369976e-08 4.662453179093973e-08
133000 4.986864965417226e-08 5.237697209281578e-08
134000 5.6161603367854696e-08 6.011814690509709e-08
135000 4.011844723095237e-08 4.35232792028728e-08
136000 4.957875177069582e-08 5.2900240632425266e-08
137000 4.4731805814990366e-08 4.788738294791983e-08
138000 5.374444711492288e-08 5.745425468717258e-08
139000 4.8178577571889036e-08 5.199102659503296e-08
140000 5.3253383924811715e-08 5.651984480437022e-08
141000 4.821609778105085e-08 5.1137835299641665e-08
142000 6.197575430633151e-08 6.434065369376185e-08
143000 5.30638146756246e-08 5.726982266196501e-08
144000 3.950707139210863e-08 4.2105760655886115e-08
145000 4.6230351102849454e-08 4.9276799529707205e-08
146000 4.230001593441557e-08 4.5671182391515686e-08
147000 5.9134123375770287e-08 6.303930888407194e-08
148000 4.816508791805063e-08 5.212328346715367e-08
149000 4.845123768859594e-08 5.188896778918206e-08
150000 4.461667657551516e-08 4.8115765594047843e-08
151000 5.1667143452505115e-08 5.546698389480298e-08
152000 4.9432447468689134e-08 5.195217767095528e-08
153000 4.979305856522842e-08 5.301784256062092e-08
154000 5.242920053660782e-08 5.6340798693099714e-08
155000 4.5341735699366836e-08 4.840420686491598e-08
156000 4.745028192587597e-08 5.128839930534923e-08
157000 4.3465334442771564e-08 4.6960057176193004e-08
158000 4.140325415846746e-08 4.512497397968218e-08
159000 5.128682545318952e-08 5.4089063894480205e-08
160000 4.811318987663071e-08 5.1250026444904506e-08
161000 4.830613420381269e-08 5.1858833671758475e-08
162000 4.098886563497217e-08 4.431809585980773e-08
163000 4.815782617129116e-08 5.097008326515606e-08
164000 4.396432373710013e-08 4.784012475056443e-08
165000 7.134654111951022e-08 7.370467614009613e-08
166000 4.934926778332738e-08 5.164037730764903e-08
167000 3.688575489491086e-08 3.9991338240952246e-08
168000 4.538882336646566e-08 4.8248448791810006e-08
169000 4.2905575980967114e-08 4.5189416653101944e-08
170000 4.377787732323668e-08 4.633648131857626e-08
171000 4.935590425247938e-08 5.080307374782933e-08
172000 4.017858046267975e-08 4.304441958424832e-08
173000 4.2649908493785915e-08 4.504045492126352e-08
174000 3.961257277751429e-08 4.2541504541304676e-08
175000 6.22886204837414e-08 6.54570442293334e-08
176000 4.711280610081303e-08 4.942233644555927e-08
177000 4.488492422183299e-08 4.710804191176976e-08
178000 4.63014160345665e-08 4.913740170309211e-08
179000 3.809838844404112e-08 4.045717005851657e-08
180000 6.355963932946906e-08 6.66208705979443e-08
181000 4.2483094375711516e-08 4.542480525060455e-08
182000 4.893937699534945e-08 5.164524452538899e-08
183000 3.7085513326928776e-08 4.007022624819001e-08
184000 4.6788478869075334e-08 4.9947090019486495e-08
185000 4.612430615225094e-08 4.906361894541078e-08
186000 5.6734744902087186e-08 5.8768311106405235e-08
187000 5.0134548956748404e-08 5.3192252380540594e-08
188000 3.955693372859059e-08 4.235438666455593e-08
189000 3.515759061656354e-08 3.7515189177383945e-08
190000 4.0206696638733774e-08 4.2564160196434386e-08
191000 3.9819227026782755e-08 4.235365835825178e-08
192000 4.2234692188003464e-08 4.484200744059308e-08
193000 4.7280082071665674e-08 4.8671044083903325e-08
194000 4.183263513368729e-08 4.429107747228045e-08
195000 4.159314315188567e-08 4.501711003968012e-08
196000 4.247890217357053e-08 4.517716689633744e-08
197000 4.5598618214626185e-08 4.8107793304552615e-08
198000 4.066459879936701e-08 4.317614710203088e-08
199000 4.292649791182157e-08 4.581387713642471e-08
200000 4.971344935711386e-08 5.129316704710618e-08
201000 4.383880991554179e-08 4.5301344897552553e-08
202000 3.9065053414333306e-08 4.21700825370408e-08
203000 3.531337711137894e-08 3.797932635052348e-08
204000 3.544723270465511e-08 3.765600808947056e-08
205000 3.585485330859228e-08 3.8373556776605255e-08
206000 3.869552500646023e-08 4.0400905731985404e-08
207000 6.341090852401976e-08 6.434685673184504e-08
208000 3.3935702248300004e-08 3.631553724403602e-08
209000 5.0867956957745264e-08 5.3318395032420085e-08
210000 4.025797650797358e-08 4.197535830030574e-08
211000 4.65517544512295e-08 4.972439882067192e-08
212000 3.712091611873802e-08 4.002524178758904e-08
213000 3.454028885130356e-08 3.650916724495801e-08
214000 3.6886749654740925e-08 3.934629688728819e-08
215000 3.972289519538208e-08 4.1932437966352154e-08
216000 3.96089170351388e-08 4.2382957587960846e-08
217000 3.37122116889077e-08 3.618508515046415e-08
218000 4.036801470874707e-08 4.2982431835980606e-08
219000 3.182451280281384e-08 3.437660467398018e-08
220000 3.645954294029252e-08 3.8832496329632704e-08
221000 4.204781944849856e-08 4.410610188188002e-08
222000 3.45195516615604e-08 3.6085570087607266e-08
223000 3.981672591635288e-08 4.23890824663431e-08
224000 3.76073678864941e-08 4.0291936898029235e-08
225000 5.278712222889226e-08 5.494040422604485e-08
226000 3.603035736432503e-08 3.915433666179524e-08
227000 3.5193412628586884e-08 3.759527089641779e-08
228000 4.226732031042957e-08 4.453329793818739e-08
229000 3.449308039193966e-08 3.609607901466916e-08
230000 3.727238606643368e-08 3.9004429908118254e-08
231000 3.496521827628385e-08 3.7484412018784496e-08
232000 4.099153017023127e-08 4.308557066678986e-08
233000 3.123999547938183e-08 3.359726719054379e-08
234000 5.232114119735343e-08 5.494638699587995e-08
235000 3.317352081921854e-08 3.578034935003416e-08
236000 3.817614313561535e-08 3.899855371969352e-08
237000 3.836408879465125e-08 4.092172289915652e-08
238000 3.585707375464153e-08 3.822460215019419e-08
239000 4.0221475927637584e-08 4.265634245825822e-08
240000 3.45582975569414e-08 3.70584274378416e-08
241000 4.262249220232661e-08 4.5430301298665654e-08
242000 3.6400678027348476e-08 3.873401865917003e-08
243000 3.688395722178939e-08 3.860859010273998e-08
244000 2.921645325670852e-08 3.111953716938842e-08
245000 3.08750180977313e-08 3.30190310648959e-08
246000 3.483416222138658e-08 3.690003680389964e-08
247000 4.013783794221126e-08 4.147553056554898e-08
248000 4.0041932436452043e-08 4.2505337916054486e-08
249000 3.512234414415616e-08 3.7383689033276823e-08
250000 3.325091313399753e-08 3.486625388404718e-08
250000 3.2261763038832214e-08 3.400249326546145e-08
