-1.046298071742057800e-01 -2.462932914495468140e-01 -4.747473075985908508e-02
-1.710160821676254272e-01 1.242561489343643188e-01 4.764046669006347656e-01
-2.854909896850585938e-01 3.016545474529266357e-01 8.440629392862319946e-02
-3.196409642696380615e-01 3.664816617965698242e-01 -7.156500220298767090e-02
2.077046483755111694e-01 3.482879400253295898e-01 -2.586974799633026123e-01
-7.119752466678619385e-02 -2.198111563920974731e-01 -1.751768216490745544e-02
-3.947712108492851257e-02 2.769528627395629883e-01 -4.978970810770988464e-02
-1.713819056749343872e-01 -2.899487316608428955e-01 -2.301447466015815735e-02
-5.184762552380561829e-02 -6.769458204507827759e-02 4.970354139804840088e-01
1.662482619285583496e-01 -2.505826056003570557e-01 5.013424754142761230e-01
-2.954341471195220947e-01 4.310103654861450195e-01 -1.906135529279708862e-01
1.623428612947463989e-01 -2.127154022455215454e-01 4.779392778873443604e-01
1.775639802217483521e-01 -2.279025018215179443e-01 4.834879636764526367e-01
-8.017024397850036621e-02 -2.515826225280761719e-01 -1.510052680969238281e-01
-3.030174672603607178e-01 4.408689439296722412e-01 -1.853936314582824707e-01
-2.538657188415527344e-01 3.940177559852600098e-01 -2.272377014160156250e-01
1.745727211236953735e-01 -2.494698315858840942e-01 4.983096122741699219e-01
2.353194057941436768e-01 3.541240394115447998e-01 -2.549341917037963867e-01
-3.069274425506591797e-01 3.453315794467926025e-01 -4.841142147779464722e-02
-2.833225727081298828e-01 4.241947829723358154e-01 -2.085540741682052612e-01
-3.404059633612632751e-02 -2.125125229358673096e-01 9.713674336671829224e-02
-2.483704984188079834e-01 2.752515971660614014e-01 2.067381143569946289e-01
-2.084532678127288818e-01 2.058086991310119629e-01 4.600449204444885254e-01
1.711425185203552246e-01 -2.600650787353515625e-01 5.062854290008544922e-01
-3.031824827194213867e-01 3.144411742687225342e-01 4.990822076797485352e-02
1.964213997125625610e-01 -2.504796981811523438e-01 -2.670754492282867432e-01
-2.128761075437068939e-02 -2.894310653209686279e-01 2.277290523052215576e-01
1.814763695001602173e-01 -1.896016895771026611e-01 4.495733678340911865e-01
-2.834689617156982422e-01 -3.656903207302093506e-01 4.377644136548042297e-02
-2.722066938877105713e-01 3.991762399673461914e-01 -1.942545622587203979e-01
-2.951149642467498779e-01 -3.747168183326721191e-01 5.542674660682678223e-02
-2.830983400344848633e-01 4.178638160228729248e-01 -2.001386731863021851e-01
-2.834303081035614014e-01 -3.656347095966339111e-01 4.338791593909263611e-02
-1.806855648756027222e-01 -3.063939213752746582e-01 3.299072757363319397e-02
-2.527660429477691650e-01 2.884943783283233643e-01 9.510643780231475830e-02
1.912708021700382233e-02 4.243208095431327820e-02 3.616448044776916504e-01
-1.437700390815734863e-01 -2.718798220157623291e-01 -7.403156161308288574e-02
1.123072057962417603e-01 -8.888524770736694336e-02 -1.330633759498596191e-01
-3.171649277210235596e-01 3.817000389099121094e-01 -9.672425687313079834e-02
-2.925497591495513916e-01 2.988365888595581055e-01 1.435676813125610352e-01
-2.973484098911285400e-01 3.052683770656585693e-01 9.290700405836105347e-02
-2.475891411304473877e-01 3.785296380519866943e-01 -2.002222090959548950e-01
2.065821886062622070e-01 3.319801688194274902e-01 -1.708451807498931885e-01
9.573002904653549194e-02 -1.498224586248397827e-01 -1.674135178327560425e-01
-3.556563705205917358e-02 -2.415613532066345215e-01 -1.743045598268508911e-01
-2.446839958429336548e-01 -3.382639586925506592e-01 1.854873076081275940e-02
3.063327968120574951e-01 -1.593780666589736938e-01 -3.139465749263763428e-01
-1.870444230735301971e-02 -2.409751713275909424e-01 -1.863175332546234131e-01
1.728877127170562744e-01 -2.548937797546386719e-01 5.023563504219055176e-01
-7.192603079602122307e-04 3.664221614599227905e-02 3.880715370178222656e-01
1.151393130421638489e-01 -1.061987355351448059e-01 -1.490098685026168823e-01
1.363905221223831177e-01 -2.307114601135253906e-01 -2.463859617710113525e-01
6.512432545423507690e-02 -2.162812650203704834e-01 -2.057639062404632568e-01
3.283826261758804321e-02 -7.314470410346984863e-02 7.937041670083999634e-02
2.008739672601222992e-02 -2.399584800004959106e-01 -2.078340649604797363e-01
-2.658393681049346924e-01 2.827593386173248291e-01 2.488031387329101562e-01
-2.032204419374465942e-01 1.676230281591415405e-01 4.987066090106964111e-01
-3.025350570678710938e-01 4.426490962505340576e-01 -1.882278174161911011e-01
1.311901509761810303e-01 -2.632726728916168213e-01 4.399776458740234375e-01
4.657557979226112366e-02 2.882349677383899689e-02 3.475700616836547852e-01
-2.180275768041610718e-01 2.317076623439788818e-01 4.243427217006683350e-01
2.550062835216522217e-01 3.582280278205871582e-01 -2.598213255405426025e-01
-1.963735222816467285e-01 -3.031867742538452148e-01 -4.021489247679710388e-02
-2.847293019294738770e-01 -3.668340742588043213e-01 4.685651883482933044e-02
1.903260201215744019e-01 -2.562202513217926025e-01 -2.675415575504302979e-01
-2.712180614471435547e-01 -3.577483296394348145e-01 4.164337739348411560e-02
-2.422005534172058105e-01 3.205586373805999756e-01 -6.126306951045989990e-02
-3.042616844177246094e-01 3.424003720283508301e-01 -4.520012065768241882e-02
2.323328554630279541e-01 -2.112054526805877686e-01 -2.693493962287902832e-01
3.224702775478363037e-01 -2.684933543205261230e-01 -2.896493375301361084e-01
-2.249966412782669067e-01 3.590080142021179199e-01 -1.847222298383712769e-01
-1.708398163318634033e-01 2.478838711977005005e-01 1.558168232440948486e-01
-1.422661840915679932e-01 3.327402174472808838e-01 -1.687688976526260376e-01
-1.802184283733367920e-01 -2.971698343753814697e-01 -6.727459840476512909e-03
2.966406047344207764e-01 -7.623316254466772079e-03 -3.147593140602111816e-01
-3.095228075981140137e-01 4.253285229206085205e-01 -1.570294350385665894e-01
1.716609001159667969e-01 -2.586309909820556641e-01 5.052220225334167480e-01
5.261688306927680969e-02 -1.037849187850952148e-01 1.724630743265151978e-01
-1.678695231676101685e-01 2.054065465927124023e-01 3.503303229808807373e-01
2.947375774383544922e-01 -2.805582284927368164e-01 -2.796458303928375244e-01
-2.843991219997406006e-01 2.936992347240447998e-01 1.654139012098312378e-01
-2.705378830432891846e-01 4.023228287696838379e-01 -2.029350250959396362e-01
4.772754013538360596e-02 -3.010629490017890930e-02 3.419904038310050964e-02
-2.138624489307403564e-01 6.759401410818099976e-02 5.700852274894714355e-01
7.922873646020889282e-02 -3.202576423063874245e-03 -2.573791891336441040e-02
-8.069736510515213013e-02 -2.496066838502883911e-01 7.150985300540924072e-02
-6.420673429965972900e-02 3.355057239532470703e-01 -2.218970954418182373e-01
1.409935355186462402e-01 -2.106211185455322266e-01 3.976636528968811035e-01
2.914355099201202393e-01 -9.417081624269485474e-02 -3.020827472209930420e-01
-1.368070244789123535e-01 -3.464081585407257080e-01 1.766687333583831787e-01
-2.129474133253097534e-01 7.555993646383285522e-02 5.664420127868652344e-01
1.846095174551010132e-01 -2.495904713869094849e-01 -2.650902271270751953e-01
1.739656627178192139e-01 -2.513557076454162598e-01 4.996572434902191162e-01
-4.317777976393699646e-02 3.300004303455352783e-01 -1.901775747537612915e-01
-3.023273646831512451e-01 4.034830331802368164e-01 -1.465006768703460693e-01
8.843050897121429443e-02 -1.297660358250141144e-02 2.608185112476348877e-01
1.713973432779312134e-01 -2.593830227851867676e-01 5.058092474937438965e-01
1.543540358543395996e-01 -2.489986866712570190e-01 -2.599337995052337646e-01
-2.888956367969512939e-01 -3.718294799327850342e-01 5.736030638217926025e-02
5.554301291704177856e-02 5.605676397681236267e-02 4.998477175831794739e-02
8.936025202274322510e-02 3.307217955589294434e-01 -1.954612731933593750e-01
2.276684492826461792e-01 -1.103959903120994568e-01 -2.427680641412734985e-01
-3.170834779739379883e-01 4.055025875568389893e-01 -1.239298954606056213e-01
-2.336385697126388550e-01 -3.404960036277770996e-01 4.984765127301216125e-02
-1.269568800926208496e-01 -3.365144133567810059e-01 1.695282459259033203e-01
1.738094985485076904e-01 -2.519703805446624756e-01 5.001608133316040039e-01
2.426686584949493408e-01 -2.237678915262222290e-01 -2.737242877483367920e-01
-1.896389275789260864e-01 8.604586124420166016e-02 5.271122455596923828e-01
-1.550800055265426636e-01 1.501716375350952148e-01 4.292570650577545166e-01
-2.522043287754058838e-01 -3.491188585758209229e-01 4.709218069911003113e-02
3.123448789119720459e-01 3.699821829795837402e-01 -2.616367042064666748e-01
-2.070512473583221436e-01 1.954411417245864868e-01 4.753612279891967773e-01
-1.807827800512313843e-01 -2.971189916133880615e-01 -9.410684928297996521e-03
-2.060966789722442627e-01 1.880679428577423096e-01 4.837500452995300293e-01
2.903258800506591797e-01 1.238975375890731812e-01 -2.671760320663452148e-01
2.932374477386474609e-01 -2.558042705059051514e-01 -2.846602499485015869e-01
-2.140861600637435913e-01 6.750200688838958740e-02 5.706402063369750977e-01
-3.024972975254058838e-01 3.480023145675659180e-01 -6.056203320622444153e-02
2.877418100833892822e-01 -2.198578566312789917e-01 -2.885098755359649658e-01
1.713500469923019409e-01 -2.521753013134002686e-01 5.009324550628662109e-01
8.284558355808258057e-02 2.133729904890060425e-01 -2.450185827910900116e-02
5.092843784950673580e-04 -2.301659137010574341e-01 -1.824803501367568970e-01
2.894175648689270020e-01 -2.490258067846298218e-01 -2.848326265811920166e-01
-2.800755798816680908e-01 3.330139815807342529e-01 -5.345024541020393372e-02
-4.443157836794853210e-02 2.149870097637176514e-01 6.194865331053733826e-02
-1.203408911824226379e-01 -2.638578712940216064e-01 -1.212586760520935059e-01
3.166343271732330322e-01 3.646401464939117432e-01 -2.709592878818511963e-01
6.908414512872695923e-02 -1.164625212550163269e-01 -1.096877381205558777e-01
-1.839642375707626343e-01 -2.952792942523956299e-01 -5.094264447689056396e-02
2.717534303665161133e-01 -2.736147344112396240e-01 -2.770578563213348389e-01
1.248717382550239563e-01 2.754038274288177490e-01 -8.561426401138305664e-02
1.753373295068740845e-01 -2.466248273849487305e-01 4.961244463920593262e-01
3.023552000522613525e-01 -2.348156869411468506e-01 -2.913618087768554688e-01
1.718689501285552979e-01 -2.574671804904937744e-01 5.043628811836242676e-01
-2.002656608819961548e-01 2.493575066328048706e-01 2.412057667970657349e-01
3.191560804843902588e-01 -2.084463685750961304e-01 -3.070591986179351807e-01
1.769202500581741333e-01 -2.411924600601196289e-01 4.923209846019744873e-01
1.686125695705413818e-01 -1.381465345621109009e-01 3.935871422290802002e-01
2.823767066001892090e-01 3.635083734989166260e-01 -2.788651883602142334e-01
-2.945818006992340088e-01 3.180764913558959961e-01 1.676700264215469360e-02
-1.404891163110733032e-01 -3.438012897968292236e-01 1.675599813461303711e-01
2.625602483749389648e-01 -2.403031289577484131e-01 -2.789686620235443115e-01
-2.192682623863220215e-01 2.345394343137741089e-01 4.179777204990386963e-01
1.959773004055023193e-01 -1.927784085273742676e-01 -2.514733076095581055e-01
-8.126498013734817505e-02 -2.423703968524932861e-01 -1.174039021134376526e-01
-1.238986253738403320e-01 2.835887372493743896e-01 -3.279597312211990356e-02
1.783965975046157837e-01 -1.868891119956970215e-01 -2.414950877428054810e-01
-1.245748624205589294e-01 -2.648173570632934570e-01 -1.134515479207038879e-01
-2.350437939167022705e-01 -3.297322988510131836e-01 -4.928980953991413116e-03
2.983938157558441162e-01 1.513635963201522827e-01 -2.839240431785583496e-01
-2.132658511400222778e-01 6.938400119543075562e-02 5.683457851409912109e-01
1.682548671960830688e-01 -2.518992722034454346e-01 -2.634427547454833984e-01
-2.119941115379333496e-01 7.430501282215118408e-02 5.643748044967651367e-01
-2.854480445384979248e-01 -3.670389354228973389e-01 4.328458011150360107e-02
-2.811891138553619385e-01 4.053135216236114502e-01 -1.863486319780349731e-01
3.078222274780273438e-01 3.657938241958618164e-01 -2.466869950294494629e-01
1.761664748191833496e-01 -1.348270475864410400e-01 4.084053635597229004e-01
1.766034513711929321e-01 -1.674446314573287964e-01 4.433737397193908691e-01
-2.912551164627075195e-01 -3.724060952663421631e-01 5.514906346797943115e-02
3.008540272712707520e-01 -2.067964375019073486e-01 -2.964132428169250488e-01
3.072105646133422852e-01 3.163124322891235352e-01 -2.587824761867523193e-01
2.305684387683868408e-01 -1.941860616207122803e-01 -2.660880982875823975e-01
2.000382393598556519e-01 -1.825592517852783203e-01 -2.497900575399398804e-01
-2.745540253818035126e-02 2.892502248287200928e-01 -7.768790423870086670e-02
-4.117283970117568970e-02 -2.385544478893280029e-01 -1.629596352577209473e-01
1.104398518800735474e-01 -1.986695230007171631e-01 4.866963624954223633e-01
-3.120777010917663574e-01 4.238610565662384033e-01 -1.508155912160873413e-01
-2.732266783714294434e-01 2.870848774909973145e-01 2.228900641202926636e-01
-2.237622737884521484e-01 2.434817105531692505e-01 3.939150571823120117e-01
-1.997432559728622437e-01 1.570918560028076172e-01 4.983435571193695068e-01
-2.145243883132934570e-01 6.236395239830017090e-02 5.726446509361267090e-01
8.820978552103042603e-02 -2.400016784667968750e-01 -2.364921867847442627e-01
-1.998657137155532837e-01 8.107581734657287598e-02 5.427653789520263672e-01
1.634295284748077393e-01 -2.522208094596862793e-01 5.032966732978820801e-01
3.104678690433502197e-01 -2.097315639257431030e-01 -3.008577823638916016e-01
1.764725446701049805e-01 -2.428411245346069336e-01 4.934994876384735107e-01
-1.898732185363769531e-01 3.554804921150207520e-01 -2.234434187412261963e-01
1.746336221694946289e-01 -2.487171590328216553e-01 4.974970519542694092e-01
1.755462586879730225e-01 -2.411001324653625488e-01 4.925324320793151855e-01
2.629461884498596191e-01 -9.532710164785385132e-02 -2.694716155529022217e-01
-5.017516389489173889e-02 -2.082940787076950073e-01 4.535855352878570557e-02
-1.472399681806564331e-01 3.441915512084960938e-01 -2.137557268142700195e-01
-2.757328748703002930e-01 -3.598729968070983887e-01 3.650837391614913940e-02
1.731890887022018433e-01 -2.535997927188873291e-01 5.011997818946838379e-01
1.738002449274063110e-01 -2.519949972629547119e-01 5.001794099807739258e-01
1.800578534603118896e-01 -2.026354521512985229e-01 4.582276940345764160e-01
-2.163143754005432129e-01 -3.169422447681427002e-01 -1.823190413415431976e-02
-3.182156682014465332e-01 3.428321480751037598e-01 -2.614898793399333954e-02
-2.174861431121826172e-01 2.306589335203170776e-01 4.256956875324249268e-01
-2.283830791711807251e-01 -3.244524598121643066e-01 -1.769544184207916260e-02
5.124928802251815796e-02 -6.476511061191558838e-02 1.534704267978668213e-01
-4.307276383042335510e-02 2.413198649883270264e-01 1.616986654698848724e-02
2.907858192920684814e-01 3.517663478851318359e-01 -2.128861993551254272e-01
2.707373499870300293e-01 -2.749983966350555420e-01 -2.766365110874176025e-01
-3.447170555591583252e-02 -2.427141368389129639e-01 -1.776641309261322021e-01
1.576395481824874878e-01 3.364002108573913574e-01 -1.985742598772048950e-01
1.715960055589675903e-01 -2.580344080924987793e-01 5.042952299118041992e-01
2.164608687162399292e-01 3.494296967983245850e-01 -2.644308209419250488e-01
-1.643298938870429993e-02 -2.418322861194610596e-01 -1.895898282527923584e-01
1.328434646129608154e-01 2.934165894985198975e-01 -1.069827079772949219e-01
-1.897169202566146851e-01 1.836793422698974609e-01 4.441823065280914307e-01
-2.226042561233043671e-02 -2.263578623533248901e-01 -1.579436659812927246e-01
1.754691451787948608e-01 -2.434647381305694580e-01 4.941024184226989746e-01
7.659104466438293457e-02 3.529921546578407288e-02 -1.333802123554050922e-03
9.656028449535369873e-02 -6.139186210930347443e-03 3.075097203254699707e-01
2.949678599834442139e-01 3.667558431625366211e-01 -2.557169198989868164e-01
2.372115701436996460e-01 -2.611085772514343262e-01 -2.734145522117614746e-01
-3.041528165340423584e-01 3.331058025360107422e-01 -2.047551982104778290e-02
-2.044652551412582397e-01 1.657171547412872314e-01 5.044276714324951172e-01
-2.958261072635650635e-01 3.627100884914398193e-01 -9.854673594236373901e-02
-3.000723719596862793e-01 3.044804036617279053e-01 1.158173009753227234e-01
-2.882362604141235352e-01 3.114507198333740234e-01 3.483720868825912476e-02
-2.963495440781116486e-02 -2.368657737970352173e-01 -1.702153086662292480e-01
2.908744215965270996e-01 3.615730404853820801e-01 -2.283604890108108521e-01
1.590724885463714600e-01 -2.495560497045516968e-01 4.712923765182495117e-01
2.448053210973739624e-01 3.439521491527557373e-01 -1.911427676677703857e-01
-2.748297154903411865e-01 3.693278133869171143e-01 -1.398476660251617432e-01
1.597644686698913574e-01 -6.748245656490325928e-02 -1.648937016725540161e-01
1.089811697602272034e-01 -2.908307015895843506e-01 4.406441748142242432e-01
1.841387897729873657e-01 -1.850484460592269897e-01 4.508037269115447998e-01
-1.088511869311332703e-01 -3.540367484092712402e-01 2.227456569671630859e-01
1.288930922746658325e-01 -2.453002929687500000e-01 -2.525514960289001465e-01
2.238881587982177734e-01 3.518100380897521973e-01 -2.447621375322341919e-01
2.613787353038787842e-01 3.453994542360305786e-02 -2.355784475803375244e-01
-2.033258676528930664e-01 1.596822589635848999e-01 5.061556696891784668e-01
-2.065287977457046509e-01 1.874938458204269409e-01 4.862799048423767090e-01
3.054203093051910400e-01 3.689244389533996582e-01 -2.824690639972686768e-01
3.179572224617004395e-01 3.715352118015289307e-01 -2.839764952659606934e-01
-1.207434013485908508e-01 -2.574981451034545898e-01 -5.998445302248001099e-02
-2.153833582997322083e-02 -1.760729700326919556e-01 -4.290493205189704895e-02
2.987521886825561523e-01 3.509449660778045654e-01 -2.254226654767990112e-01
-2.018318772315979004e-01 1.454880237579345703e-01 5.123681426048278809e-01
2.925067245960235596e-01 2.059558331966400146e-01 -2.537053227424621582e-01
-2.355644255876541138e-01 -3.298743963241577148e-01 -7.027927786111831665e-03
3.003613948822021484e-01 3.613073825836181641e-01 -2.314173281192779541e-01
-2.379112392663955688e-01 -3.314085900783538818e-01 -6.699655670672655106e-03
3.064316809177398682e-01 -2.366351783275604248e-01 -2.924421727657318115e-01
-3.092366456985473633e-01 3.324826061725616455e-01 -1.086193788796663284e-02
-2.049053609371185303e-01 -3.147152662277221680e-01 1.282868906855583191e-02
1.643656343221664429e-01 -1.366333514451980591e-01 4.251980483531951904e-01
-1.966784745454788208e-01 9.472189098596572876e-02 5.306727290153503418e-01
-2.608572244644165039e-01 -3.487942218780517578e-01 2.230062894523143768e-02
3.060463964939117432e-01 3.628268241882324219e-01 -2.416512966156005859e-01
1.803255826234817505e-02 -1.684650033712387085e-01 -1.095339804887771606e-01
-2.429738640785217285e-01 -3.386321365833282471e-01 2.657048776745796204e-02
-2.055847942829132080e-01 1.137359067797660828e-01 5.377599000930786133e-01
-1.212796643376350403e-01 -2.643543481826782227e-01 -1.213678270578384399e-01
-2.294229865074157715e-01 -3.252156078815460205e-01 -1.633734256029129028e-02
1.740427804179489613e-03 -2.873457372188568115e-01 2.583664953708648682e-01
1.292090415954589844e-01 1.497935969382524490e-02 -8.659259974956512451e-02
3.155212402343750000e-01 -2.355362325906753540e-01 -2.962130904197692871e-01
1.809132099151611328e-01 -2.238915413618087769e-01 4.801314473152160645e-01
2.423428297042846680e-01 -2.681867182254791260e-01 -2.737218439579010010e-01
-2.664136886596679688e-01 -3.622149527072906494e-01 6.266748160123825073e-02
-2.905030846595764160e-01 2.973837852478027344e-01 1.617882102727890015e-01
-2.770430147647857666e-01 3.796777129173278809e-01 -1.543919891119003296e-01
-2.818665802478790283e-01 -3.644190430641174316e-01 4.140520840883255005e-02
2.959114313125610352e-01 3.657368421554565430e-01 -2.445284277200698853e-01
1.720990687608718872e-01 -2.568792998790740967e-01 5.036230683326721191e-01
-2.099727094173431396e-01 2.089997529983520508e-01 4.591906964778900146e-01
-2.183883786201477051e-01 2.340885102748870850e-01 4.136495888233184814e-01
-2.853077054023742676e-01 4.307639300823211670e-01 -2.131023705005645752e-01
-2.464600503444671631e-01 -3.376414775848388672e-01 1.743225497193634510e-03
-2.041501998901367188e-01 7.689952850341796875e-02 5.506559014320373535e-01
2.064109593629837036e-02 3.319948613643646240e-01 -2.153075784444808960e-01
-2.016761451959609985e-01 3.364673852920532227e-01 -1.442766487598419189e-01
-2.041708081960678101e-01 1.551656872034072876e-01 5.122461915016174316e-01
-3.008377850055694580e-01 4.443064033985137939e-01 -1.935929208993911743e-01
-3.187814056873321533e-01 3.533324301242828369e-01 -4.910098016262054443e-02
2.253931462764739990e-01 -1.951684206724166870e-01 -2.641620934009552002e-01
7.959515601396560669e-02 -2.077697664499282837e-01 -2.061260789632797241e-01
1.744842231273651123e-01 -2.497543692588806152e-01 4.985193908214569092e-01
-2.337318658828735352e-01 2.569875717163085938e-01 3.548617064952850342e-01
2.278280705213546753e-01 2.001382708549499512e-01 -1.428462713956832886e-01
-2.641204893589019775e-01 2.883893847465515137e-01 1.275888830423355103e-01
-2.848874926567077637e-01 3.224896490573883057e-01 -1.460120640695095062e-02
-3.130029141902923584e-01 4.348724484443664551e-01 -1.593468487262725830e-01
7.184650003910064697e-02 -2.411935180425643921e-01 -2.317578047513961792e-01
1.789116710424423218e-01 -2.288165390491485596e-01 4.819159209728240967e-01
1.722256839275360107e-01 -2.522330582141876221e-01 4.977251887321472168e-01
2.168113440275192261e-01 3.454541265964508057e-01 -2.066087275743484497e-01
1.758065670728683472e-01 -2.428220063447952271e-01 4.923524856567382812e-01
-2.627793848514556885e-01 3.072619140148162842e-01 1.219297107309103012e-02
-2.144335508346557617e-01 -3.146640062332153320e-01 -3.203048557043075562e-02
1.780118048191070557e-01 -2.208636999130249023e-01 4.720551371574401855e-01
-2.074515372514724731e-01 1.102836206555366516e-01 5.438015460968017578e-01
1.267645806074142456e-01 -7.246167957782745361e-02 3.083451688289642334e-01
-1.183188706636428833e-01 -2.818056941032409668e-01 7.419475167989730835e-02
1.600188612937927246e-01 -2.469891905784606934e-01 5.008250474929809570e-01
-2.211301028728485107e-01 -3.408052325248718262e-01 6.739579886198043823e-02
2.916305661201477051e-01 3.656185269355773926e-01 -2.812443971633911133e-01
-2.077691256999969482e-01 9.147032350301742554e-02 5.503284335136413574e-01
-2.214459925889968872e-01 -3.419313430786132812e-01 6.971277296543121338e-02
1.897625327110290527e-01 3.449685871601104736e-01 -2.570446729660034180e-01
1.726303398609161377e-01 -2.487295717000961304e-01 4.982897937297821045e-01
-2.378353178501129150e-01 -3.315826058387756348e-01 -3.999465145170688629e-03
-8.256898820400238037e-02 -3.011661767959594727e-01 1.617616862058639526e-01
3.189612030982971191e-01 3.713111877441406250e-01 -2.771349549293518066e-01
-1.365955770015716553e-01 2.417742013931274414e-01 1.111306399106979370e-01
-2.813870906829833984e-01 4.173369705677032471e-01 -2.031162083148956299e-01
3.177087604999542236e-01 3.603790998458862305e-01 -2.757622599601745605e-01
-2.083506584167480469e-01 5.394182726740837097e-02 5.684762001037597656e-01
3.201945722103118896e-01 3.717859387397766113e-01 -2.814075052738189697e-01
1.752796769142150879e-01 -2.463821172714233398e-01 4.957343637943267822e-01
1.728964745998382568e-01 -2.544664442539215088e-01 5.020564198493957520e-01
-1.956055313348770142e-01 9.861949831247329712e-02 5.269035100936889648e-01
-3.012777268886566162e-01 4.345682263374328613e-01 -1.824781447649002075e-01
1.764396727085113525e-01 -2.410846352577209473e-01 4.923232197761535645e-01
-2.650880217552185059e-01 -3.531954586505889893e-01 3.657897189259529114e-02
3.146923184394836426e-01 3.711424767971038818e-01 -2.755844593048095703e-01
1.299013476818799973e-02 -3.277609646320343018e-01 3.384348154067993164e-01
-6.215196847915649414e-02 -2.206612378358840942e-01 4.396767169237136841e-02
2.865487635135650635e-01 3.652069270610809326e-01 -2.605524957180023193e-01
-2.084066271781921387e-01 1.055111736059188843e-01 5.478263497352600098e-01
-2.681323885917663574e-01 2.845064401626586914e-01 2.464663535356521606e-01
-1.977691650390625000e-01 2.285949885845184326e-01 3.518213331699371338e-01
1.710863709449768066e-01 -2.602798342704772949e-01 5.064837336540222168e-01
1.723946332931518555e-01 -2.497754395008087158e-01 4.948909580707550049e-01
3.217647373676300049e-01 3.719545006752014160e-01 -2.874220311641693115e-01
8.680131286382675171e-02 3.158132135868072510e-01 -1.457386761903762817e-01
1.736751198768615723e-01 -2.524069249629974365e-01 5.004865527153015137e-01
1.730931252241134644e-01 -2.542540431022644043e-01 5.018723011016845703e-01
-2.388760596513748169e-01 -3.320813775062561035e-01 -6.096317432820796967e-03
-1.713037937879562378e-01 3.490382730960845947e-01 -2.140540927648544312e-01
1.765362024307250977e-01 -2.337346524000167847e-01 4.831605851650238037e-01
-1.990980505943298340e-01 7.641774415969848633e-02 5.445147752761840820e-01
2.192688733339309692e-01 5.430457368493080139e-02 -1.743363738059997559e-01
-6.153900176286697388e-02 -2.475958764553070068e-01 -1.631923019886016846e-01
-1.936000287532806396e-01 9.636080265045166016e-02 5.255607366561889648e-01
1.711473017930984497e-01 -2.597033381462097168e-01 5.060956478118896484e-01
2.530817389488220215e-01 3.454364538192749023e-01 -1.931395530700683594e-01
-2.109725028276443481e-01 -3.484316170215606689e-01 9.686951339244842529e-02
-2.170119881629943848e-01 -3.188545703887939453e-01 -4.463851451873779297e-03
1.523502171039581299e-01 -2.484834492206573486e-01 -2.593160271644592285e-01
1.248865574598312378e-01 -7.855714857578277588e-02 -1.382714360952377319e-01
1.666443049907684326e-01 -1.639603227376937866e-01 -2.245062291622161865e-01
2.992220520973205566e-01 1.194642707705497742e-01 -2.981522977352142334e-01
1.730691343545913696e-01 -2.543262243270874023e-01 5.019259452819824219e-01
1.710027754306793213e-01 -2.605736255645751953e-01 5.067416429519653320e-01
-4.383679479360580444e-02 -2.446149289608001709e-01 -1.737597882747650146e-01
-3.007681667804718018e-01 3.132002949714660645e-01 5.101330205798149109e-02
2.655887603759765625e-01 2.950834929943084717e-01 -1.754150986671447754e-01
-2.458998709917068481e-01 -3.377757370471954346e-01 7.535330019891262054e-03
5.099372565746307373e-02 8.323000743985176086e-03 5.540645495057106018e-02
-1.566596329212188721e-01 -2.804585099220275879e-01 -3.007306531071662903e-02
-6.286112964153289795e-02 -2.469185292720794678e-01 -1.597080379724502563e-01
3.006456196308135986e-01 2.114405483007431030e-01 -2.747274637222290039e-01
2.617573551833629608e-02 3.769936412572860718e-02 3.599787652492523193e-01
-1.693362146615982056e-01 -2.863925993442535400e-01 -7.565809041261672974e-02
1.240954324603080750e-01 -2.456462532281875610e-01 -2.516701221466064453e-01
-7.677477598190307617e-02 -2.475396841764450073e-01 -1.428928375244140625e-01
-3.143030405044555664e-01 4.361114501953125000e-01 -1.578607112169265747e-01
1.121003776788711548e-01 -1.505649536848068237e-01 4.565955996513366699e-01
1.573816388845443726e-01 -2.644050717353820801e-01 4.878825545310974121e-01
3.102208971977233887e-01 3.313807845115661621e-01 -2.623590528964996338e-01
-2.819278836250305176e-01 -3.650820553302764893e-01 4.682997986674308777e-02
-3.020718693733215332e-01 3.266142606735229492e-01 -3.017520764842629433e-03
3.073250353336334229e-01 2.497763037681579590e-01 -2.841091156005859375e-01
2.559108138084411621e-01 2.991146743297576904e-01 -1.630940884351730347e-01
-1.558734923601150513e-01 2.750999927520751953e-01 1.520500145852565765e-02
2.017976194620132446e-01 3.471228182315826416e-01 -2.585484385490417480e-01
-3.023253381252288818e-01 4.554035365581512451e-01 -2.017209529876708984e-01
-2.133691012859344482e-01 5.734230577945709229e-02 5.726541280746459961e-01
-1.808393895626068115e-01 1.366205811500549316e-01 4.793355464935302734e-01
1.716103255748748779e-01 -2.587803006172180176e-01 5.053373575210571289e-01
3.211491405963897705e-01 3.716148436069488525e-01 -2.840556800365447998e-01
2.404973655939102173e-01 2.933869063854217529e-01 -1.477190405130386353e-01
2.696192860603332520e-01 -1.020602509379386902e-01 -2.771214246749877930e-01
2.957133948802947998e-01 2.377693727612495422e-02 -3.016489148139953613e-01
-9.379111975431442261e-02 -2.550384104251861572e-01 -1.409880369901657104e-01
-7.974718511104583740e-02 1.631741523742675781e-01 2.755834162235260010e-01
-6.270217895507812500e-02 -2.447106987237930298e-01 -1.539294272661209106e-01
2.647393941879272461e-01 -2.167098373174667358e-01 -2.804937660694122314e-01
-3.133016228675842285e-01 4.334286749362945557e-01 -1.574327200651168823e-01
-2.494303435087203979e-01 3.830948472023010254e-01 -2.077156305313110352e-01
2.434745430946350098e-01 2.085938006639480591e-01 -1.617961823940277100e-01
1.545980721712112427e-01 -1.262991279363632202e-01 3.635717630386352539e-01
1.732259392738342285e-01 -2.537815868854522705e-01 5.015177726745605469e-01
-2.692072689533233643e-01 -3.546573221683502197e-01 2.560257166624069214e-02
1.457340121269226074e-01 3.388893306255340576e-01 -2.472961843013763428e-01
1.429059207439422607e-01 -1.485380530357360840e-01 3.536573648452758789e-01
-1.876749545335769653e-01 -3.205860853195190430e-01 6.185771897435188293e-02
-2.807744145393371582e-01 -3.646251857280731201e-01 4.792342334985733032e-02
1.255320757627487183e-01 2.524146139621734619e-01 -6.805557757616043091e-02
2.883940935134887695e-01 -2.611488997936248779e-01 -2.825265824794769287e-01
-1.940121203660964966e-01 -3.018617630004882812e-01 -3.929279372096061707e-02
2.948879897594451904e-01 2.982816193252801895e-03 -3.017954826354980469e-01
1.657949835062026978e-01 -1.086946725845336914e-01 3.950220048427581787e-01
2.964057624340057373e-01 -8.908148109912872314e-02 -3.117032647132873535e-01
3.066379129886627197e-01 3.556760847568511963e-01 -2.436285167932510376e-01
2.608022093772888184e-01 3.594355285167694092e-01 -2.629309594631195068e-01
1.691175699234008789e-01 -1.901397109031677246e-01 -2.387157082557678223e-01
8.196442574262619019e-02 8.526612073183059692e-02 1.620991621166467667e-03
-1.962456107139587402e-01 7.898555696010589600e-02 5.395004749298095703e-01
2.446178644895553589e-01 -2.162095904350280762e-01 -2.738421559333801270e-01
-2.106035798788070679e-01 8.814678341150283813e-02 5.579703450202941895e-01
-2.055544853210449219e-01 1.789039224386215210e-01 4.941734671592712402e-01
2.141052186489105225e-01 1.367186903953552246e-01 -1.417297571897506714e-01
1.910959035158157349e-01 3.136608600616455078e-01 -1.405200213193893433e-01
-3.009938001632690430e-01 4.308114051818847656e-01 -1.790871918201446533e-01
-5.028859525918960571e-02 3.333990573883056641e-01 -2.365891337394714355e-01
3.194052875041961670e-01 3.456891477108001709e-01 -2.866278290748596191e-01
3.195611536502838135e-01 3.494531512260437012e-01 -2.857169806957244873e-01
-2.621822655200958252e-01 -3.493409156799316406e-01 1.793339848518371582e-02
2.851683497428894043e-01 -2.727341353893280029e-01 -2.796175479888916016e-01
-3.010240495204925537e-01 4.089630544185638428e-01 -1.550771296024322510e-01
-2.749362587928771973e-01 -3.590702116489410400e-01 3.280953317880630493e-02
-2.336832880973815918e-01 2.566355466842651367e-01 3.644021749496459961e-01
2.994546592235565186e-01 3.680336177349090576e-01 -2.730660140514373779e-01
3.133390247821807861e-01 3.708417415618896484e-01 -2.792632281780242920e-01
2.751339413225650787e-02 -2.277400642633438110e-01 -1.965068876743316650e-01
2.719068229198455811e-01 3.028936386108398438e-01 -1.836043596267700195e-01
3.218175768852233887e-01 3.719589114189147949e-01 -2.872812151908874512e-01
-4.941261559724807739e-02 -2.442346811294555664e-01 -1.674407273530960083e-01
-2.309933453798294067e-01 2.592800259590148926e-01 3.001059591770172119e-01
-2.561088800430297852e-01 3.849193155765533447e-01 -1.987031698226928711e-01
-2.937290072441101074e-01 3.905743062496185303e-01 -1.444083452224731445e-01
-2.841805219650268555e-01 -3.660950958728790283e-01 4.240509122610092163e-02
2.574951350688934326e-01 -1.357929855585098267e-01 -2.717701494693756104e-01
1.723988503217697144e-01 -2.495759129524230957e-01 4.946474432945251465e-01
-1.532521396875381470e-01 -2.781626582145690918e-01 -9.432979673147201538e-02
-3.007288277149200439e-01 3.048729598522186279e-01 1.168030872941017151e-01
2.684255540370941162e-01 3.575279712677001953e-01 -2.243933379650115967e-01
1.768791377544403076e-01 -2.295694947242736816e-01 4.791941642761230469e-01
1.737189143896102905e-01 -2.522645294666290283e-01 5.003797411918640137e-01
-3.189581930637359619e-01 3.864255547523498535e-01 -1.000475287437438965e-01
2.629588246345520020e-01 -2.390481829643249512e-01 -2.791343629360198975e-01
-2.343707084655761719e-01 3.777582645416259766e-01 -2.415853738784790039e-01
-2.676594555377960205e-01 -3.540312349796295166e-01 3.095038793981075287e-02
1.720413267612457275e-01 -2.185959070920944214e-01 4.789128303527832031e-01
2.802528142929077148e-01 -7.042146474123001099e-02 -2.844949960708618164e-01
-2.109413892030715942e-01 8.364995568990707397e-02 5.598034858703613281e-01
-1.813065707683563232e-01 -3.247512876987457275e-01 8.034989982843399048e-02
8.602888137102127075e-02 6.508020218461751938e-03 3.074406385421752930e-01
2.191679030656814575e-01 -3.206641972064971924e-02 -2.061570733785629272e-01
3.096939623355865479e-01 2.891675531864166260e-01 -2.767704725265502930e-01
1.710556000471115112e-01 -2.604170441627502441e-01 5.066184401512145996e-01
-2.558525279164314270e-02 9.648658335208892822e-02 3.353572487831115723e-01
-1.953591108322143555e-01 -3.137279152870178223e-01 2.997826039791107178e-02
-1.934209465980529785e-01 -3.097550570964813232e-01 1.916795037686824799e-02
2.739224433898925781e-01 2.333052754402160645e-01 -2.052567452192306519e-01
2.169140428304672241e-01 -2.602736949920654297e-01 -2.709476947784423828e-01
3.093855977058410645e-01 2.925681173801422119e-01 -2.744497954845428467e-01
2.890088558197021484e-01 1.117680594325065613e-02 -2.854136526584625244e-01
1.741624474525451660e-01 3.432796895503997803e-01 -2.359103560447692871e-01
-2.348377853631973267e-01 -3.301392793655395508e-01 4.856288142036646605e-04
-2.090635597705841064e-01 9.824340045452117920e-02 5.515548586845397949e-01
-2.132558077573776245e-01 7.312595844268798828e-02 5.676366090774536133e-01
-2.467570751905441284e-01 2.697599232196807861e-01 3.207731246948242188e-01
-3.158629238605499268e-01 3.990986049175262451e-01 -1.192085593938827515e-01
-2.324192523956298828e-01 2.626338601112365723e-01 2.715060412883758545e-01
2.166509777307510376e-01 -2.012238651514053345e-01 -2.620394825935363770e-01
-1.001317147165536880e-02 -1.082267165184020996e-01 4.921853244304656982e-01
-2.329383194446563721e-01 -3.325913846492767334e-01 2.424935810267925262e-02
3.101072311401367188e-01 3.696702718734741211e-01 -2.599748671054840088e-01
3.062811195850372314e-01 -1.653935909271240234e-01 -3.115001916885375977e-01
-2.344868630170822144e-01 -3.319458663463592529e-01 1.626719161868095398e-02
3.273108303546905518e-01 -2.535108327865600586e-01 -2.956632375717163086e-01
-3.139840066432952881e-01 4.241791665554046631e-01 -1.475513875484466553e-01
2.699173688888549805e-01 -2.362781018018722534e-01 -2.811227440834045410e-01
-3.194899260997772217e-01 3.595972955226898193e-01 -6.010795384645462036e-02
1.772549897432327271e-01 -1.367991417646408081e-01 4.153776466846466064e-01
-1.987626552581787109e-01 1.740160435438156128e-01 4.791002571582794189e-01
2.157574295997619629e-01 -1.369717121124267578e-01 -2.429791390895843506e-01
-2.613673508167266846e-01 3.780179023742675781e-01 -1.759620755910873413e-01
2.970941364765167236e-01 3.241078555583953857e-01 -2.280914932489395142e-01
-2.730841040611267090e-01 2.875243425369262695e-01 1.829427331686019897e-01
-2.084120064973831177e-01 1.037146300077438354e-01 5.483491420745849609e-01
-1.987562626600265503e-01 1.505476683378219604e-01 5.010348558425903320e-01
1.753153353929519653e-01 -2.434601187705993652e-01 4.941348433494567871e-01
2.320333421230316162e-01 2.034742981195449829e-01 -1.474767327308654785e-01
-5.028127133846282959e-02 -6.227899715304374695e-02 4.927163124084472656e-01
1.885696798563003540e-01 -2.548299431800842285e-01 -2.669694721698760986e-01
-7.835626602172851562e-02 -2.440757453441619873e-01 -1.290596574544906616e-01
2.555915117263793945e-01 3.567439913749694824e-01 -2.328914999961853027e-01
2.197278887033462524e-01 3.502213060855865479e-01 -2.321041971445083618e-01
-2.060277462005615234e-01 2.000478655099868774e-01 4.626865983009338379e-01
1.239402517676353455e-01 -1.849421858787536621e-01 3.457121849060058594e-01
-3.190315663814544678e-01 3.617867827415466309e-01 -6.455639749765396118e-02
1.747668236494064331e-01 -2.467306554317474365e-01 4.952678680419921875e-01
1.658303886651992798e-01 -1.345345079898834229e-01 3.869654238224029541e-01
-3.082530796527862549e-01 4.453422725200653076e-01 -1.788062304258346558e-01
-2.157762497663497925e-01 2.713959813117980957e-01 1.234183385968208313e-01
1.721251159906387329e-01 -2.572149336338043213e-01 5.041175484657287598e-01
1.256666183471679688e-01 -8.205197006464004517e-02 3.050241172313690186e-01
1.746975034475326538e-01 -2.490527182817459106e-01 4.980023801326751709e-01
1.643589287996292114e-01 -1.742397993803024292e-01 -2.285643517971038818e-01
2.699217386543750763e-02 -9.166046977043151855e-02 1.829095371067523956e-02
-2.445462644100189209e-01 3.736853301525115967e-01 -1.939511895179748535e-01
-1.044235602021217346e-01 -3.063058853149414062e-01 1.419129818677902222e-01
3.147768080234527588e-01 3.176916539669036865e-01 -2.822738885879516602e-01
-2.570693492889404297e-01 -3.622707128524780273e-01 7.410728186368942261e-02
2.684001624584197998e-01 7.142251729965209961e-02 -2.368126362562179565e-01
2.846469283103942871e-01 -2.319978773593902588e-01 -2.858790457248687744e-01
-1.987828314304351807e-01 1.958381831645965576e-01 4.470471143722534180e-01
-1.688449829816818237e-01 4.840102791786193848e-02 5.290820598602294922e-01
-3.147405683994293213e-01 3.271185457706451416e-01 1.715663075447082520e-02
8.824241161346435547e-02 -3.604724304750561714e-03 2.737836837768554688e-01
2.971280813217163086e-01 1.323219090700149536e-01 -2.841575443744659424e-01
-3.000498712062835693e-01 3.043328523635864258e-01 1.188165321946144104e-01
1.792719215154647827e-01 -2.288416922092437744e-01 4.837429523468017578e-01
-2.336258143186569214e-01 -3.284364938735961914e-01 -9.462268091738224030e-03
9.731595963239669800e-02 -1.502549648284912109e-01 4.624318778514862061e-01
-1.175408661365509033e-01 1.265218108892440796e-01 4.096877872943878174e-01
2.260271906852722168e-01 3.514446616172790527e-01 -2.651995420455932617e-01
3.154905736446380615e-01 -2.599844932556152344e-01 -2.898786365985870361e-01
3.212600052356719971e-01 3.608359396457672119e-01 -2.873528301715850830e-01
3.179385364055633545e-01 -2.693721055984497070e-01 -2.881028652191162109e-01
-1.367398444563150406e-02 -5.664983764290809631e-02 4.646771848201751709e-01
-3.199983537197113037e-01 3.595997393131256104e-01 -5.948919802904129028e-02
3.015069067478179932e-01 -2.571808099746704102e-01 -2.865545451641082764e-01
-3.062579631805419922e-01 3.194599747657775879e-01 3.210574761033058167e-02
1.765607595443725586e-01 -2.419453859329223633e-01 4.926142990589141846e-01
1.721924394369125366e-01 -2.569834291934967041e-01 5.039259195327758789e-01
-2.566111385822296143e-01 -3.454608917236328125e-01 1.594981923699378967e-02
1.802591383457183838e-01 -2.263170629739761353e-01 4.819276630878448486e-01
1.718821227550506592e-01 -2.579724192619323730e-01 5.047116279602050781e-01
2.577968239784240723e-01 8.243945240974426270e-02 -2.175780981779098511e-01
-1.424529403448104858e-01 1.487459540367126465e-01 4.136377274990081787e-01
2.877249717712402344e-01 2.762926220893859863e-01 -2.211918979883193970e-01
-1.665328592061996460e-01 -2.848779857158660889e-01 -6.034200266003608704e-02
1.715005636215209961e-01 -2.583166956901550293e-01 5.050437450408935547e-01
1.713984608650207520e-01 -2.594123780727386475e-01 5.058307051658630371e-01
3.029858469963073730e-01 3.682844340801239014e-01 -2.831153571605682373e-01
-2.352969199419021606e-01 2.586697638034820557e-01 3.503694236278533936e-01
1.489313989877700806e-01 -2.364701181650161743e-01 4.973571598529815674e-01
-1.787910014390945435e-01 -3.064484596252441406e-01 3.663145750761032104e-02
3.190155625343322754e-01 3.621544539928436279e-01 -2.794712185859680176e-01
-1.824397593736648560e-01 2.520346045494079590e-01 1.623942553997039795e-01
2.969329655170440674e-01 1.118258684873580933e-01 -2.881711721420288086e-01
-2.028362601995468140e-01 -3.086546063423156738e-01 -2.096094191074371338e-02
1.798399090766906738e-01 -2.542762756347656250e-01 -2.658173143863677979e-01
2.085915207862854004e-01 -2.373513281345367432e-01 -2.669154107570648193e-01
-2.044608294963836670e-01 1.683614850044250488e-01 5.019078254699707031e-01
-1.678102910518646240e-01 7.982423156499862671e-02 5.065600275993347168e-01
2.894747816026210785e-02 1.999669671058654785e-01 1.954117417335510254e-02
1.810252815485000610e-01 -1.941167414188385010e-01 4.525171220302581787e-01
1.559047400951385498e-01 -2.501234114170074463e-01 -2.607982158660888672e-01
2.918430864810943604e-01 -1.325293034315109253e-01 -3.013196587562561035e-01
1.494239270687103271e-01 -1.687136143445968628e-01 3.777095973491668701e-01
-2.894167602062225342e-01 -3.701286315917968750e-01 4.841803386807441711e-02
3.186217546463012695e-01 3.699085414409637451e-01 -2.760271131992340088e-01
-1.904996484518051147e-01 -2.992222011089324951e-01 -4.847644269466400146e-02
7.236088067293167114e-02 8.397880941629409790e-02 1.643050834536552429e-02
1.754764616489410400e-01 -2.460966259241104126e-01 4.957206547260284424e-01
-2.065983563661575317e-01 1.882261484861373901e-01 4.854507148265838623e-01
-2.135969400405883789e-01 6.520824134349822998e-02 5.700343847274780273e-01
-2.269370406866073608e-01 -3.233317136764526367e-01 -2.059660106897354126e-02
2.172367274761199951e-01 3.498777151107788086e-01 -2.329472005367279053e-01
-2.376384586095809937e-01 -3.355111777782440186e-01 2.579662017524242401e-02
-2.169697582721710205e-01 2.650415599346160889e-01 1.758417040109634399e-01
-2.967536747455596924e-01 3.988638818264007568e-01 -1.502770483493804932e-01
-2.971186637878417969e-01 4.274343848228454590e-01 -1.831474006175994873e-01
9.656129404902458191e-03 -3.539321571588516235e-02 4.371457397937774658e-01
-2.564579844474792480e-01 2.772097885608673096e-01 2.878196835517883301e-01
2.934826016426086426e-01 3.666926324367523193e-01 -2.720794081687927246e-01
-2.084815874695777893e-02 -2.410077005624771118e-01 -1.848352849483489990e-01
-2.842447459697723389e-01 -3.661277890205383301e-01 4.220157861709594727e-02
-2.315506041049957275e-01 3.756386935710906982e-01 -2.287658452987670898e-01
1.829524636268615723e-01 -2.444972544908523560e-01 -2.634541988372802734e-01
-2.042457275092601776e-02 -2.420942932367324829e-01 -1.872948259115219116e-01
3.161831796169281006e-01 3.245309293270111084e-01 -2.842273712158203125e-01
-1.831173598766326904e-01 2.321939021348953247e-01 2.879230678081512451e-01
-5.300902575254440308e-02 -7.596701383590698242e-02 5.027658343315124512e-01
4.709175974130630493e-02 -4.390524234622716904e-03 7.004003971815109253e-02
-5.580489337444305420e-02 -2.458985000848770142e-01 -1.649631261825561523e-01
1.721570938825607300e-01 -2.571351528167724609e-01 5.040662884712219238e-01
4.566527903079986572e-02 -5.203870590776205063e-03 8.839512616395950317e-02
-3.036481440067291260e-01 3.157608211040496826e-01 4.416681081056594849e-02
-1.927987784147262573e-01 1.661556214094161987e-01 4.732926487922668457e-01
5.135361105203628540e-02 -8.761973679065704346e-02 -4.997072368860244751e-02
7.823527604341506958e-02 1.518210023641586304e-01 2.004233188927173615e-03
-2.678604125976562500e-01 -3.555771708488464355e-01 4.048682749271392822e-02
3.191283345222473145e-01 3.717477023601531982e-01 -2.794851958751678467e-01
3.116581141948699951e-01 -1.891693174839019775e-01 -3.083706796169281006e-01
2.605202794075012207e-01 -2.071467489004135132e-01 -2.790378928184509277e-01
-2.239898592233657837e-01 -3.212447464466094971e-01 -2.360468730330467224e-02
1.802961975336074829e-01 -2.241302877664566040e-01 4.793550074100494385e-01
1.780508756637573242e-01 -2.282241582870483398e-01 4.797886908054351807e-01
2.802299559116363525e-01 -2.652515470981597900e-01 -2.800649702548980713e-01
3.045752644538879395e-01 -2.624941766262054443e-01 -2.862115502357482910e-01
-1.952653527259826660e-01 1.286576092243194580e-01 5.083951950073242188e-01
-2.143856585025787354e-01 6.626342982053756714e-02 5.715768337249755859e-01
2.089897096157073975e-01 -1.089300066232681274e-01 -2.275433689355850220e-01
5.830232799053192139e-02 -1.895209550857543945e-01 -1.755643188953399658e-01
-3.034844994544982910e-01 3.206806778907775879e-01 2.157503738999366760e-02
2.678821980953216553e-01 -2.741413414478302002e-01 -2.763528823852539062e-01
3.031313121318817139e-01 -2.512086927890777588e-01 -2.882610857486724854e-01
1.739727258682250977e-01 -2.514280974864959717e-01 4.997523427009582520e-01
-1.292118877172470093e-01 3.399518132209777832e-01 -2.460363954305648804e-01
-1.430125683546066284e-01 3.381967544555664062e-04 5.341245532035827637e-01
3.124196231365203857e-01 3.700175285339355469e-01 -2.618655264377593994e-01
1.745489090681076050e-01 -2.493734955787658691e-01 4.982429444789886475e-01
-2.436017394065856934e-01 3.471592366695404053e-01 -1.329298913478851318e-01
1.720307022333145142e-01 -2.491862475872039795e-01 -2.629782259464263916e-01
-2.738961279392242432e-01 -3.586766421794891357e-01 3.681437671184539795e-02
1.776063591241836548e-01 -2.384847700595855713e-01 4.904015064239501953e-01
-2.912870794534683228e-02 -2.404016107320785522e-01 -1.773355603218078613e-01
-1.947013288736343384e-01 3.016395270824432373e-01 -4.273291677236557007e-02
-2.107771486043930054e-01 8.718284219503402710e-02 5.586267709732055664e-01
2.790046632289886475e-01 3.068667054176330566e-01 -1.945617944002151489e-01
3.043060898780822754e-01 -2.729873657226562500e-01 -2.836604714393615723e-01
-1.412870921194553375e-02 3.320984542369842529e-01 -2.338943481445312500e-01
2.346941679716110229e-01 -2.662496566772460938e-01 -2.729698717594146729e-01
1.763828843832015991e-01 -2.351391315460205078e-01 -2.592535018920898438e-01
1.681670993566513062e-01 -1.841505318880081177e-01 4.576815664768218994e-01
1.718334257602691650e-01 -2.581206560134887695e-01 5.048260688781738281e-01
2.248199284076690674e-01 -2.641085982322692871e-01 -2.719662785530090332e-01
1.383827328681945801e-01 3.050879538059234619e-01 -1.239919215440750122e-01
-2.039189189672470093e-01 1.421379595994949341e-01 5.201280117034912109e-01
5.077550560235977173e-02 -3.088003396987915039e-01 3.677962422370910645e-01
2.952018082141876221e-01 -1.517602652311325073e-01 -3.026680946350097656e-01
-2.036284506320953369e-01 1.697267889976501465e-01 4.978848397731781006e-01
-2.816872894763946533e-01 2.919526994228363037e-01 1.925791651010513306e-01
-1.550264358520507812e-01 -2.789107263088226318e-01 -9.094516932964324951e-02
3.016166985034942627e-01 1.929114758968353271e-01 -2.836708724498748779e-01
-2.112049609422683716e-01 8.460620045661926270e-02 5.602694749832153320e-01
-2.076211124658584595e-01 1.131612658500671387e-01 5.433399081230163574e-01
1.724832504987716675e-01 -2.560196220874786377e-01 5.031485557556152344e-01
-1.849225014448165894e-01 1.465709656476974487e-01 4.770892560482025146e-01
-1.932397335767745972e-01 1.219881698489189148e-01 5.091353058815002441e-01
-2.053503245115280151e-01 -3.115025460720062256e-01 -8.713590912520885468e-03
2.895010709762573242e-01 -1.316721588373184204e-01 -2.988220751285552979e-01
1.820677071809768677e-01 -2.158238440752029419e-01 4.747134149074554443e-01
2.870869934558868408e-01 2.934893071651458740e-01 -2.143081277608871460e-01
1.371341873891651630e-03 1.099594086408615112e-01 1.991148144006729126e-01
7.681021466851234436e-03 1.819922924041748047e-01 5.486387386918067932e-02
-2.051842957735061646e-01 1.183989420533180237e-01 5.349550843238830566e-01
2.510979473590850830e-01 -2.653955221176147461e-01 -2.750741541385650635e-01
-2.216057479381561279e-01 -3.199948966503143311e-01 -2.014145441353321075e-02
-2.324886471033096313e-01 3.738998472690582275e-01 -2.175564467906951904e-01
-2.060635834932327271e-01 1.846881955862045288e-01 4.885169267654418945e-01
-1.989137530326843262e-01 1.362251639366149902e-01 5.110835433006286621e-01
-9.518411010503768921e-02 1.896689832210540771e-01 2.204746454954147339e-01
3.118661344051361084e-01 3.585216701030731201e-01 -2.578973472118377686e-01
-1.361470669507980347e-01 4.134296253323554993e-02 5.008598566055297852e-01
2.967231273651123047e-01 -2.363063022494316101e-02 -3.181596994400024414e-01
-2.550843656063079834e-01 -3.457952737808227539e-01 2.767368778586387634e-02
-2.571521699428558350e-01 3.594334423542022705e-01 -1.446362286806106567e-01
-2.109719067811965942e-01 8.477452397346496582e-02 5.596385598182678223e-01
-2.616023179143667221e-03 -3.311187624931335449e-01 3.205020725727081299e-01
-3.173610270023345947e-01 3.752739429473876953e-01 -8.779238909482955933e-02
1.767611503601074219e-01 -2.535578608512878418e-01 -2.651942670345306396e-01
-7.170642167329788208e-02 -2.262809723615646362e-01 3.051957115530967712e-02
-2.792791724205017090e-01 4.238601624965667725e-01 -2.183966636657714844e-01
9.680747240781784058e-02 3.327905833721160889e-01 -2.474805116653442383e-01
-2.032381296157836914e-01 9.047313779592514038e-02 5.424563288688659668e-01
1.852300167083740234e-01 9.072767943143844604e-02 -1.211747154593467712e-01
-1.978468000888824463e-01 3.116605877876281738e-01 -7.296982407569885254e-02
-1.253220736980438232e-01 -2.763174474239349365e-01 4.824120178818702698e-02
3.036199808120727539e-01 3.647978305816650391e-01 -2.397270798683166504e-01
-2.118583917617797852e-01 2.291538268327713013e-01 4.014090895652770996e-01
2.415673136711120605e-01 3.063380420207977295e-01 -1.517744362354278564e-01
1.734715253114700317e-01 -2.528445422649383545e-01 5.008221864700317383e-01
-2.728188335895538330e-01 2.873201966285705566e-01 2.310175001621246338e-01
-2.495097070932388306e-01 2.719534039497375488e-01 3.105886280536651611e-01
2.126557528972625732e-01 -2.611289918422698975e-01 -2.706043720245361328e-01
1.075953394174575806e-01 -1.323438882827758789e-01 4.470729231834411621e-01
1.903735548257827759e-01 1.281463056802749634e-01 -1.157894581556320190e-01
1.800247132778167725e-01 -2.282549738883972168e-01 4.831782579421997070e-01
2.964277863502502441e-01 -2.124105095863342285e-01 -2.932284176349639893e-01
1.567276865243911743e-01 -2.494493424892425537e-01 -2.605628371238708496e-01
1.703845560550689697e-01 -1.539906710386276245e-01 4.358860552310943604e-01
3.187369406223297119e-01 3.672777712345123291e-01 -2.770286500453948975e-01
3.317624330520629883e-02 -2.096464186906814575e-01 -1.792073845863342285e-01
-2.838616669178009033e-01 2.951534688472747803e-01 1.364514678716659546e-01
2.654573023319244385e-01 -1.507014930248260498e-01 -2.792024612426757812e-01
-3.124443292617797852e-01 4.218580424785614014e-01 -1.482051610946655273e-01
1.159761473536491394e-01 -4.751313477754592896e-02 2.969634532928466797e-01
-3.123159408569335938e-01 4.441343247890472412e-01 -1.691637784242630005e-01
-1.482248604297637939e-01 3.674312680959701538e-02 5.157570838928222656e-01
2.044550180435180664e-01 -1.734602153301239014e-01 -2.488395869731903076e-01
1.734880208969116211e-01 -2.529979348182678223e-01 5.009266138076782227e-01
1.360059082508087158e-01 -2.400586009025573730e-01 4.197375476360321045e-01
-1.890052556991577148e-01 -2.996532022953033447e-01 -3.025374189019203186e-02
3.151159286499023438e-01 -2.239033132791519165e-01 -2.992682754993438721e-01
8.996117115020751953e-02 -1.361831207759678364e-03 3.293260931968688965e-01
-2.388016432523727417e-01 -3.324051499366760254e-01 -1.672355807386338711e-03
-2.090939581394195557e-01 1.031075716018676758e-01 5.503765344619750977e-01
-2.520417571067810059e-01 2.823101878166198730e-01 1.428289115428924561e-01
-3.998880460858345032e-02 -2.407133281230926514e-01 -1.686000376939773560e-01
3.045064210891723633e-01 -1.522229164838790894e-01 -3.138415515422821045e-01
-2.779055833816528320e-01 2.970416843891143799e-01 9.742568433284759521e-02
1.939676105976104736e-01 3.460438847541809082e-01 -2.323464453220367432e-01
3.233773708343505859e-01 -2.391671240329742432e-01 -2.985190749168395996e-01
1.733757108449935913e-01 -2.521250844001770020e-01 5.003563761711120605e-01
1.740798354148864746e-01 -2.510966658592224121e-01 4.995110630989074707e-01
-9.647118858993053436e-03 3.191288411617279053e-01 -1.543249636888504028e-01
-2.913507632911205292e-02 -1.997458487749099731e-01 -9.365101158618927002e-02
1.772100031375885010e-01 -2.397604584693908691e-01 4.913105070590972900e-01
-2.742884457111358643e-01 2.876859307289123535e-01 2.189316600561141968e-01
2.384890615940093994e-01 1.767977476119995117e-01 -1.629873961210250854e-01
2.996230423450469971e-01 -1.100608408451080322e-01 -3.172015249729156494e-01
-3.058820664882659912e-01 4.507744610309600830e-01 -1.891072988510131836e-01
7.842446863651275635e-02 -2.990032434463500977e-01 3.993748724460601807e-01
-2.446469366550445557e-01 -3.413881361484527588e-01 3.449184447526931763e-02
1.592869758605957031e-01 -1.533740460872650146e-01 4.398592412471771240e-01
-2.123240977525711060e-01 -3.133270144462585449e-01 -3.242050483822822571e-02
2.950176298618316650e-01 -2.785595655441284180e-01 -2.802217602729797363e-01
-3.079004287719726562e-01 4.270829558372497559e-01 -1.618343740701675415e-01
2.051262259483337402e-01 -2.595419883728027344e-01 -2.696921825408935547e-01
2.741464674472808838e-01 -2.489788681268692017e-01 -2.810182571411132812e-01
1.003565713763237000e-01 3.545393422245979309e-02 -3.949872031807899475e-02
-2.885511815547943115e-01 -3.702190220355987549e-01 5.265652388334274292e-02
-9.295715391635894775e-02 3.342257142066955566e-01 -2.468209713697433472e-01
-2.336594611406326294e-01 3.214610517024993896e-01 -7.282064110040664673e-02
-2.308226823806762695e-01 2.532718479633331299e-01 3.703638911247253418e-01
1.574470400810241699e-01 -2.492593526840209961e-01 -2.605893611907958984e-01
-2.435791343450546265e-01 3.401885926723480225e-01 -1.154462471604347229e-01
8.827708661556243896e-02 -2.365341186523437500e-01 -2.336326390504837036e-01
1.812146008014678955e-01 -2.223912030458450317e-01 4.791355729103088379e-01
-1.856897324323654175e-01 -2.962217628955841064e-01 -5.223660543560981750e-02
2.580719888210296631e-01 -2.371476292610168457e-01 -2.779954075813293457e-01
8.607951551675796509e-02 -2.220111787319183350e-01 -2.211458235979080200e-01
-2.601287066936492920e-01 2.793343961238861084e-01 2.326536029577255249e-01
-2.130984216928482056e-01 -3.139189779758453369e-01 -3.075806424021720886e-02
-2.652307450771331787e-01 -3.519644737243652344e-01 2.563263662159442902e-02
3.195734322071075439e-01 -2.560440301895141602e-01 -2.921989560127258301e-01
-2.992495894432067871e-01 3.867960274219512939e-01 -1.305896043777465820e-01
1.731529384851455688e-01 -2.540554702281951904e-01 5.017229318618774414e-01
-1.561103016138076782e-01 1.160873100161552429e-01 4.652979075908660889e-01
-2.073212116956710815e-01 1.037626415491104126e-01 5.455093979835510254e-01
2.744303941726684570e-01 1.235613226890563965e-01 -2.348276823759078979e-01
1.723334193229675293e-01 -2.565915882587432861e-01 5.036492347717285156e-01
2.996202707290649414e-01 2.791458368301391602e-01 -2.501620948314666748e-01
1.733492016792297363e-01 -2.533562481403350830e-01 5.011996030807495117e-01
1.526032239198684692e-01 3.392744660377502441e-01 -2.518404424190521240e-01
-1.665416657924652100e-01 3.318638727068901062e-02 5.366734862327575684e-01
1.792069673538208008e-01 -2.278371304273605347e-01 4.830963909626007080e-01
-2.133664339780807495e-01 2.210412770509719849e-01 4.403177499771118164e-01
1.725062578916549683e-01 -2.560526728630065918e-01 5.032376646995544434e-01
2.598081231117248535e-01 9.897518157958984375e-02 -2.162971198558807373e-01
-3.088974356651306152e-01 4.309813976287841797e-01 -1.637450307607650757e-01
-5.733266472816467285e-02 -2.271148264408111572e-01 -1.141628846526145935e-01
2.209747582674026489e-01 2.909689843654632568e-01 -1.330150663852691650e-01
1.728360205888748169e-01 -2.550238966941833496e-01 5.024431347846984863e-01
1.594469547271728516e-01 -1.882959604263305664e-01 -2.333194166421890259e-01
-2.842852473258972168e-01 -3.717828392982482910e-01 6.345324218273162842e-02
1.738087385892868042e-01 -1.630356162786483765e-01 4.412053525447845459e-01
-1.756629794836044312e-01 -3.449082374572753906e-01 1.297718882560729980e-01
-3.009656965732574463e-01 3.917290270328521729e-01 -1.343759149312973022e-01
-2.033288478851318359e-01 1.266333758831024170e-01 5.266878604888916016e-01
4.821753501892089844e-02 -1.311664879322052002e-01 4.731898605823516846e-01
1.144157201051712036e-01 -2.697303704917430878e-02 -9.197106957435607910e-02
2.871254980564117432e-01 3.650234937667846680e-01 -2.534887194633483887e-01
-1.141832545399665833e-01 3.381457924842834473e-01 -2.442383170127868652e-01
1.359397470951080322e-01 -1.939591467380523682e-01 -2.251857966184616089e-01
-9.914414584636688232e-02 2.937548458576202393e-01 -7.011849433183670044e-02
-1.610491871833801270e-01 -2.821096777915954590e-01 -8.759590238332748413e-02
1.800911128520965576e-01 -2.393489629030227661e-01 -2.614098787307739258e-01
-7.731224596500396729e-02 2.641974389553070068e-01 -8.839257992804050446e-03
1.233338415622711182e-01 -1.203247681260108948e-01 -1.667978465557098389e-01
1.818431541323661804e-02 -1.226009875535964966e-01 4.838714301586151123e-01
-2.063785791397094727e-01 9.098731726408004761e-02 5.476420521736145020e-01
-3.037036061286926270e-01 4.511416852474212646e-01 -1.942750066518783569e-01
1.722699403762817383e-01 -2.520289719104766846e-01 4.975408613681793213e-01
-1.492301374673843384e-01 1.938563585281372070e-01 3.411229252815246582e-01
2.203866243362426758e-01 3.512128293514251709e-01 -2.479083389043807983e-01
-1.881376355886459351e-01 -2.976478040218353271e-01 -5.234153568744659424e-02
1.732594519853591919e-01 -2.535540759563446045e-01 5.012620687484741211e-01
-1.510186046361923218e-01 3.460808694362640381e-01 -2.252447903156280518e-01
-2.087428122758865356e-01 1.000252887606620789e-01 5.502411127090454102e-01
-2.221680730581283569e-01 -3.231616020202636719e-01 5.338632967323064804e-03
-2.031464576721191406e-01 1.598161906003952026e-01 5.055103302001953125e-01
-3.153974115848541260e-01 3.601494729518890381e-01 -6.666277348995208740e-02
1.725181937217712402e-01 -2.370920777320861816e-01 4.907020032405853271e-01
-3.128365278244018555e-01 4.252892732620239258e-01 -1.507552415132522583e-01
1.170336604118347168e-01 -5.099408328533172607e-02 3.762032091617584229e-01
1.780398488044738770e-01 -2.368375658988952637e-01 4.892113506793975830e-01
1.763618141412734985e-01 -2.431529909372329712e-01 4.937246441841125488e-01
-1.033727675676345825e-01 -3.411457836627960205e-01 2.057425975799560547e-01
1.324958652257919312e-01 -2.378310859203338623e-01 -2.490979731082916260e-01
-3.022758364677429199e-01 3.685632944107055664e-01 -9.934876859188079834e-02
-1.058834493160247803e-01 4.438252747058868408e-02 4.706850349903106689e-01
-3.094958662986755371e-01 3.146428167819976807e-01 6.701477617025375366e-02
-2.299511581659317017e-01 -3.260608613491058350e-01 -1.015558186918497086e-02
2.993161082267761230e-01 1.239554733037948608e-01 -2.967060208320617676e-01
-1.926809549331665039e-01 1.367947757244110107e-01 4.982487261295318604e-01
-1.932640373706817627e-01 1.788799762725830078e-01 4.591923356056213379e-01
1.697839647531509399e-01 6.270968168973922729e-02 -1.132653877139091492e-01
-4.012952744960784912e-02 -2.248610854148864746e-01 -1.350397914648056030e-01
-1.912793815135955811e-01 1.849551200866699219e-01 4.458264112472534180e-01
-3.040278851985931396e-01 4.475431144237518311e-01 -1.899650245904922485e-01
-7.641382515430450439e-02 -3.583859205245971680e-01 2.691170573234558105e-01
2.761461436748504639e-01 3.360392153263092041e-01 -1.902315020561218262e-01
-2.874644100666046143e-02 3.123095631599426270e-01 -1.325931698083877563e-01
1.729455739259719849e-01 -2.546888291835784912e-01 5.021920800209045410e-01
-3.073496520519256592e-01 4.084065556526184082e-01 -1.434884518384933472e-01
2.974227368831634521e-01 9.175946563482284546e-02 -2.951431274414062500e-01
3.185051679611206055e-01 3.716585040092468262e-01 -2.778192460536956787e-01
-3.111144602298736572e-01 3.770150840282440186e-01 -9.930284321308135986e-02
-3.097781836986541748e-01 4.375706911087036133e-01 -1.683117151260375977e-01
-2.318522632122039795e-01 3.706644773483276367e-01 -2.079480439424514771e-01
-2.199229300022125244e-01 2.388553917407989502e-01 3.962159156799316406e-01
3.221927285194396973e-01 3.719287514686584473e-01 -2.876698076725006104e-01
-2.174613922834396362e-01 -3.171816468238830566e-01 -2.324963733553886414e-02
-1.738547831773757935e-01 3.474574387073516846e-01 -2.031140029430389404e-01
-3.134119808673858643e-01 4.266407787799835205e-01 -1.509390324354171753e-01
2.179043143987655640e-01 3.341526091098785400e-01 -1.739575415849685669e-01
3.119994699954986572e-01 3.705635070800781250e-01 -2.795023024082183838e-01
-2.737890779972076416e-01 -3.715084493160247803e-01 7.526279240846633911e-02
-9.208519011735916138e-02 3.344013392925262451e-01 -1.961980462074279785e-01
-9.069284051656723022e-02 -2.536625564098358154e-01 -1.412367075681686401e-01
1.965150982141494751e-01 -2.445111423730850220e-01 -2.659078836441040039e-01
-2.471221089363098145e-01 3.696913719177246094e-01 -1.806778907775878906e-01
3.181786835193634033e-01 3.713636100292205811e-01 -2.751442790031433105e-01
1.732602268457412720e-01 -2.534344196319580078e-01 5.011091232299804688e-01
-2.704623341560363770e-01 2.853285372257232666e-01 2.104819566011428833e-01
-2.017554640769958496e-01 8.470425009727478027e-02 5.432463288307189941e-01
1.730849742889404297e-01 -2.534639239311218262e-01 5.013306140899658203e-01
-2.733862698078155518e-01 -3.579891324043273926e-01 3.258293494582176208e-02
-2.872466146945953369e-01 3.042211532592773438e-01 7.187160104513168335e-02
2.916596233844757080e-01 -8.068990707397460938e-02 -3.021084070205688477e-01
-5.466402973979711533e-03 2.808453515172004700e-02 4.003006815910339355e-01
-2.817811369895935059e-01 4.150960147380828857e-01 -1.990572363138198853e-01
-1.471357941627502441e-01 -2.743608653545379639e-01 -8.764304220676422119e-02
3.175378739833831787e-01 3.515216708183288574e-01 -2.782534658908843994e-01
-2.023020684719085693e-01 1.661709249019622803e-01 4.973475635051727295e-01
-2.111893594264984131e-01 6.775018572807312012e-02 5.649706125259399414e-01
1.553085446357727051e-01 3.405379652976989746e-01 -2.300788164138793945e-01
3.017612397670745850e-01 -1.236457228660583496e-01 -3.192285895347595215e-01
1.710314750671386719e-01 -2.604903578758239746e-01 5.066761374473571777e-01
-2.124384045600891113e-01 6.914520263671875000e-02 5.666449069976806641e-01
-2.701236605644226074e-01 -3.564999103546142578e-01 3.836818784475326538e-02
3.061471879482269287e-01 3.692397475242614746e-01 -2.615961134433746338e-01
1.714658141136169434e-01 -2.592078149318695068e-01 5.056709051132202148e-01
2.857387959957122803e-01 3.650403916835784912e-01 -2.610656917095184326e-01
3.178900480270385742e-01 -2.449738234281539917e-01 -2.945976555347442627e-01
2.931276261806488037e-01 3.655282557010650635e-01 -2.464255392551422119e-01
-2.876335978507995605e-01 2.955573201179504395e-01 1.720996946096420288e-01
2.001783996820449829e-01 -2.285392396152019501e-02 -1.825100928544998169e-01
-2.344225049018859863e-01 2.866844534873962402e-01 6.798762828111648560e-02
7.923950254917144775e-02 -2.953462600708007812e-01 3.950422406196594238e-01
-4.928248375654220581e-02 1.426057070493698120e-01 2.634935081005096436e-01
2.972518801689147949e-01 3.212071359157562256e-01 -2.294311225414276123e-01
-1.287450045347213745e-01 -8.483384735882282257e-03 5.259453654289245605e-01
-2.572366595268249512e-01 -3.471643924713134766e-01 2.819607220590114594e-02
-1.599432379007339478e-01 -2.811476886272430420e-01 -7.922971248626708984e-02
2.645478546619415283e-01 2.756225168704986572e-01 -1.773450076580047607e-01
2.939812242984771729e-01 1.637679636478424072e-01 -2.678841054439544678e-01
7.694052159786224365e-02 -1.526308506727218628e-01 4.724790155887603760e-01
-1.646353602409362793e-01 -2.838012576103210449e-01 -5.971677601337432861e-02
-1.666214019060134888e-01 2.729507684707641602e-01 3.368356078863143921e-02
-2.120035588741302490e-01 7.983443140983581543e-02 5.632558465003967285e-01
2.075603753328323364e-01 3.483307063579559326e-01 -2.579642832279205322e-01
3.021182715892791748e-01 -1.528095453977584839e-01 -3.101623356342315674e-01
1.746870875358581543e-01 -2.469003200531005859e-01 4.965539872646331787e-01
2.904842197895050049e-01 -2.302704900503158569e-01 -2.880353331565856934e-01
-2.819293141365051270e-01 3.810092806816101074e-01 -1.489920765161514282e-01
-3.190342187881469727e-01 3.725298941135406494e-01 -8.155664801597595215e-02
-1.394369751214981079e-01 -2.836061120033264160e-01 4.113948345184326172e-02
2.968240082263946533e-01 4.068993777036666870e-02 -3.050181269645690918e-01
-1.264135586097836494e-03 -2.049950510263442993e-01 -1.434891521930694580e-01
-1.724840849637985229e-01 -2.881532013416290283e-01 -6.943530589342117310e-02
-2.094201743602752686e-01 2.096233963966369629e-01 4.550126791000366211e-01
3.078019022941589355e-01 -2.813291847705841064e-01 -2.822399735450744629e-01
-2.315339744091033936e-01 2.540166378021240234e-01 3.716751635074615479e-01
-2.706778943538665771e-01 -3.559143245220184326e-01 2.934654615819454193e-02
3.201783001422882080e-01 3.691807985305786133e-01 -2.812794148921966553e-01
1.820356696844100952e-01 -1.946768909692764282e-01 4.606716334819793701e-01
-2.088832706212997437e-01 -3.127832710742950439e-01 -1.558316219598054886e-02
3.969940915703773499e-02 4.312655702233314514e-02 3.321825563907623291e-01
2.050481736660003662e-01 -6.839973386377096176e-03 -1.809414029121398926e-01
2.046892195940017700e-01 -2.368776500225067139e-01 -2.660041153430938721e-01
-2.377090156078338623e-01 3.077914714813232422e-01 -2.261869795620441437e-02
3.142528235912322998e-01 3.700182735919952393e-01 -2.638866305351257324e-01
1.732902973890304565e-01 -2.534914314746856689e-01 5.012335777282714844e-01
-2.069854289293289185e-01 1.952399909496307373e-01 4.754558503627777100e-01
2.396404445171356201e-01 6.352084130048751831e-02 -1.973456740379333496e-01
1.344611048698425293e-01 -2.169890254735946655e-01 -2.381087392568588257e-01
-2.688987851142883301e-01 2.843451797962188721e-01 2.194152325391769409e-01
2.845153212547302246e-01 -6.921037286520004272e-02 -2.900970578193664551e-01
-1.946196109056472778e-01 -3.473238348960876465e-01 1.132006794214248657e-01
-3.084320724010467529e-01 4.124562442302703857e-01 -1.459406167268753052e-01
2.944823503494262695e-01 3.516488373279571533e-01 -2.177373766899108887e-01
-1.041199490427970886e-01 -2.535242736339569092e-01 -1.106548458337783813e-01
3.008610904216766357e-01 1.576610356569290161e-01 -2.926680743694305420e-01
-6.714719533920288086e-02 2.894527912139892578e-01 -6.906252354383468628e-02
1.715642809867858887e-01 -2.589020729064941406e-01 5.054243803024291992e-01
1.732332110404968262e-01 -2.538142204284667969e-01 5.015410780906677246e-01
1.051289290189743042e-01 -8.551378548145294189e-02 2.684177160263061523e-01
2.995788753032684326e-01 -2.544935643672943115e-01 -2.865826487541198730e-01
2.801983058452606201e-01 3.169530630111694336e-01 -1.947646439075469971e-01
2.529443204402923584e-01 -2.707534730434417725e-01 -2.747658193111419678e-01
2.658685445785522461e-01 -6.073896959424018860e-02 -2.653961181640625000e-01
4.153822734951972961e-02 -1.324752867221832275e-01 1.656090766191482544e-01
3.154344856739044189e-01 3.705361783504486084e-01 -2.672663331031799316e-01
-3.173503577709197998e-01 3.415480554103851318e-01 -2.411988377571105957e-02
2.762110829353332520e-01 1.839421391487121582e-01 -2.234404832124710083e-01
-2.486423403024673462e-01 -3.395280838012695312e-01 7.424799259752035141e-03
-1.599167287349700928e-01 -2.814030647277832031e-01 -8.654551208019256592e-02
9.512013196945190430e-02 -2.548545040190219879e-02 2.657003402709960938e-01
3.145975768566131592e-01 3.322065770626068115e-01 -2.759125530719757080e-01
2.172121852636337280e-01 -2.603975832462310791e-01 -2.709888517856597900e-01
5.970329791307449341e-02 -2.692523300647735596e-01 3.248763680458068848e-01
1.711254119873046875e-01 -2.598815858364105225e-01 5.059999823570251465e-01
-7.423566281795501709e-02 3.221179842948913574e-01 -1.547884047031402588e-01
1.714847832918167114e-01 -2.584629356861114502e-01 5.046831369400024414e-01
1.737988442182540894e-01 -2.280866652727127075e-01 4.722426831722259521e-01
-1.926277428865432739e-01 2.189509570598602295e-01 3.720509707927703857e-01
2.826117575168609619e-01 -1.376063078641891479e-01 -2.920054495334625244e-01
2.753382325172424316e-01 1.875566244125366211e-01 -2.207770496606826782e-01
-2.524027414619922638e-02 3.284682631492614746e-01 -1.865262836217880249e-01
2.998311519622802734e-01 -2.521589100360870361e-01 -2.871190011501312256e-01
2.714292407035827637e-01 -2.508238554000854492e-01 -2.801945805549621582e-01
3.169366419315338135e-01 3.714835941791534424e-01 -2.796657979488372803e-01
3.198562264442443848e-01 3.718356788158416748e-01 -2.815328538417816162e-01
-2.031980901956558228e-01 1.961818486452102661e-01 4.600820541381835938e-01
1.353407353162765503e-01 -2.688250243663787842e-01 4.549013674259185791e-01
3.248360455036163330e-01 -2.360001951456069946e-01 -3.002474606037139893e-01
3.066035509109497070e-01 3.267167508602142334e-01 -2.531588673591613770e-01
1.815192699432373047e-01 -2.166215330362319946e-01 4.738787710666656494e-01
1.755007207393646240e-01 -2.461896538734436035e-01 4.958683252334594727e-01
-2.887631058692932129e-01 -3.707145452499389648e-01 5.408651381731033325e-02
-2.095214873552322388e-01 2.066732496023178101e-01 4.628102779388427734e-01
-2.629783153533935547e-01 2.810304164886474609e-01 2.592146992683410645e-01
-1.888892501592636108e-01 -2.978700399398803711e-01 -6.013998016715049744e-02
4.945483524352312088e-03 -2.341471910476684570e-01 -1.910632103681564331e-01
-1.414217054843902588e-01 3.444239199161529541e-01 -2.265091240406036377e-01
-3.179093897342681885e-01 3.965246677398681641e-01 -1.131691783666610718e-01
-2.097566574811935425e-01 2.065861672163009644e-01 4.641670882701873779e-01
-3.005243837833404541e-01 3.191436529159545898e-01 2.263570576906204224e-02
-1.683313250541687012e-01 -3.135249912738800049e-01 7.167310267686843872e-02
1.738677769899368286e-01 -2.503079771995544434e-01 4.981592297554016113e-01
-2.063957303762435913e-01 1.289241313934326172e-01 5.339472293853759766e-01
-3.126167654991149902e-01 3.194984197616577148e-01 4.737107455730438232e-02
1.763343960046768188e-01 -2.433077394962310791e-01 4.938144683837890625e-01
9.788467735052108765e-02 1.281029284000396729e-01 -1.622653566300868988e-02
1.588535010814666748e-01 -2.388162165880203247e-01 4.957769811153411865e-01
1.733926087617874146e-01 -2.531729042530059814e-01 5.010641813278198242e-01
1.724923253059387207e-01 -2.561209499835968018e-01 5.032896399497985840e-01
-1.291780024766921997e-01 2.563563287258148193e-01 5.009556561708450317e-02
-2.782689929008483887e-01 3.916052877902984619e-01 -1.713480800390243530e-01
3.018700480461120605e-01 -1.642478555440902710e-01 -3.068386912345886230e-01
1.768075674772262573e-01 -2.374411821365356445e-01 4.878148734569549561e-01
1.992787122726440430e-01 3.461995422840118408e-01 -2.254834026098251343e-01
-2.556611895561218262e-01 -3.445158898830413818e-01 1.195996627211570740e-02
3.217282593250274658e-01 -2.213873863220214844e-01 -3.037305772304534912e-01
1.509952247142791748e-01 -2.625799477100372314e-01 4.740247726440429688e-01
1.721936166286468506e-01 -2.526120841503143311e-01 4.981572031974792480e-01
-1.985563039779663086e-01 5.745875090360641479e-02 5.553432703018188477e-01
-3.161278963088989258e-01 4.147447943687438965e-01 -1.346884369850158691e-01
-2.535374760627746582e-01 3.453072011470794678e-01 -1.170559599995613098e-01
1.174025684595108032e-01 -1.298122406005859375e-01 3.007097840309143066e-01
-9.527335315942764282e-02 -2.545465230941772461e-01 -1.361352652311325073e-01
1.988451480865478516e-01 -2.579811513423919678e-01 -2.688058018684387207e-01
-2.181541770696640015e-01 -3.172620534896850586e-01 -2.784630283713340759e-02
-3.148399889469146729e-01 3.587321639060974121e-01 -6.488686054944992065e-02
3.151678144931793213e-01 3.391962349414825439e-01 -2.750909924507141113e-01
-2.721664607524871826e-01 -3.570645153522491455e-01 3.126763924956321716e-02
-4.424637556076049805e-02 1.752773672342300415e-01 1.403468400239944458e-01
-8.086466044187545776e-02 -2.484954148530960083e-01 -1.395390480756759644e-01
3.238081336021423340e-01 -2.722690999507904053e-01 -2.889465391635894775e-01
1.822908669710159302e-01 -2.042745798826217651e-01 4.670366942882537842e-01
2.747311592102050781e-01 -1.917567402124404907e-01 -2.853787839412689209e-01
1.536444276571273804e-01 -2.495269328355789185e-01 -2.601012885570526123e-01
2.926796376705169678e-01 -2.782988250255584717e-01 -2.798155248165130615e-01
-1.699063628911972046e-01 1.855489164590835571e-01 4.008369743824005127e-01
2.183360457420349121e-01 1.871497333049774170e-01 -1.340283006429672241e-01
-3.138110041618347168e-01 3.892089128494262695e-01 -1.111356839537620544e-01
-2.943049073219299316e-01 3.828883469104766846e-01 -1.327781528234481812e-01
1.575468927621841431e-01 8.540020138025283813e-02 -9.139391034841537476e-02
-2.088296413421630859e-01 9.373493492603302002e-02 5.521417856216430664e-01
-3.004009723663330078e-01 4.241445660591125488e-01 -1.730977594852447510e-01
4.107418656349182129e-02 -2.219688445329666138e-01 -1.979416459798812866e-01
-2.738840878009796143e-01 -3.589475750923156738e-01 3.926117718219757080e-02
-1.978304982185363770e-01 2.109763175249099731e-01 4.107593297958374023e-01
-1.991450935602188110e-01 1.265133470296859741e-01 5.171966552734375000e-01
2.877123057842254639e-01 -2.421194016933441162e-01 -2.854247391223907471e-01
2.813358902931213379e-01 3.637298941612243652e-01 -2.733784317970275879e-01
1.587580442428588867e-01 -2.017194628715515137e-01 4.720204472541809082e-01
-2.212791442871093750e-01 2.381939888000488281e-01 4.120991230010986328e-01
5.109854042530059814e-02 2.814918458461761475e-01 -7.750091701745986938e-02
1.399167180061340332e-01 -2.319363802671432495e-01 4.174868464469909668e-01
-2.903130352497100830e-01 4.093998670578002930e-01 -1.747853606939315796e-01
-2.379179559648036957e-02 -9.826789796352386475e-02 4.952793121337890625e-01
1.567137688398361206e-01 -1.340719908475875854e-01 4.268347620964050293e-01
-1.581672430038452148e-01 -2.800726890563964844e-01 -5.931903421878814697e-02
1.811508834362030029e-01 -2.210910171270370483e-01 4.776924848556518555e-01
-2.586948573589324951e-01 3.950389325618743896e-01 -2.154444009065628052e-01
8.686999231576919556e-02 -8.020295947790145874e-02 4.225402772426605225e-01
-1.791675388813018799e-01 1.211649551987648010e-01 4.894814491271972656e-01
3.007746040821075439e-01 -2.163708657026290894e-01 -2.944303750991821289e-01
-2.655736207962036133e-01 2.823332548141479492e-01 2.325009852647781372e-01
-1.948864459991455078e-01 4.360999166965484619e-02 5.599746108055114746e-01
-2.119556069374084473e-01 2.233218699693679810e-01 4.247197508811950684e-01
2.857311964035034180e-01 2.536967098712921143e-01 -2.237729281187057495e-01
-1.444038152694702148e-01 1.523983776569366455e-01 4.114680588245391846e-01
-2.803775966167449951e-01 2.915230989456176758e-01 2.032210081815719604e-01
-2.050403952598571777e-01 1.683745533227920532e-01 5.038265585899353027e-01
1.731627583503723145e-01 -2.386575341224670410e-01 4.915466904640197754e-01
1.260260939598083496e-01 -2.775072455406188965e-01 4.507974386215209961e-01
-2.750206589698791504e-01 2.885707020759582520e-01 2.232323288917541504e-01
-2.727726101875305176e-01 3.025801181793212891e-01 5.106955394148826599e-02
1.170506030321121216e-01 -1.822995245456695557e-01 3.317885398864746094e-01
7.985265552997589111e-02 -1.816786378622055054e-01 4.885805547237396240e-01
-7.619162648916244507e-02 -2.430972754955291748e-01 6.637616455554962158e-02
1.696161329746246338e-01 3.385888636112213135e-01 -2.028513997793197632e-01
1.773697435855865479e-01 2.687871456146240234e-01 -1.002571582794189453e-01
1.067749038338661194e-02 3.322657048702239990e-01 -2.186883091926574707e-01
