4.549266099929809570e-01 2.578690648078918457e-01
-4.507701396942138672e-01 3.318261504173278809e-01
-4.718294441699981689e-01 -9.312852472066879272e-02
-6.025918126106262207e-01 -2.947308123111724854e-01
-1.302932798862457275e-01 -4.837204515933990479e-01
3.967190384864807129e-01 2.425679266452789307e-01
-2.477945238351821899e-01 -1.672919094562530518e-01
5.382176637649536133e-01 3.517978787422180176e-01
-3.322393596172332764e-01 4.821893274784088135e-01
-6.818088889122009277e-02 6.350948810577392578e-01
-6.990259885787963867e-01 -4.824726283550262451e-01
-9.097795188426971436e-02 5.840021371841430664e-01
-5.616933479905128479e-02 6.084971427917480469e-01
4.984418749809265137e-01 1.639384776353836060e-01
-7.197034955024719238e-01 -4.837218225002288818e-01
-6.132932305335998535e-01 -5.003041625022888184e-01
-5.143450573086738586e-02 6.367373466491699219e-01
-1.041434854269027710e-01 -4.797756373882293701e-01
-5.559567213058471680e-01 -2.503610551357269287e-01
-6.808581948280334473e-01 -4.989387094974517822e-01
3.291037380695343018e-01 3.105305731296539307e-01
-4.320996105670928955e-01 2.333187684416770935e-02
-4.952958822250366211e-01 2.396370917558670044e-01
-5.168471485376358032e-02 6.495172381401062012e-01
-5.047516822814941406e-01 -1.350341141223907471e-01
6.083441972732543945e-01 -1.865967363119125366e-01
3.557066023349761963e-01 4.860268235206604004e-01
-3.185576945543289185e-02 5.499370098114013672e-01
7.011479139328002930e-01 5.512000918388366699e-01
-6.297727823257446289e-01 -4.613195657730102539e-01
7.165384292602539062e-01 5.762139558792114258e-01
-6.694869399070739746e-01 -4.838136434555053711e-01
7.011910676956176758e-01 5.508535504341125488e-01
5.485441088676452637e-01 4.174255728721618652e-01
-4.254747629165649414e-01 -6.778208166360855103e-02
-2.133717089891433716e-01 3.088054060935974121e-01
5.188806653022766113e-01 2.802498936653137207e-01
3.155937492847442627e-01 -2.240973897278308868e-02
-6.272516250610351562e-01 -3.351207077503204346e-01
-4.860205948352813721e-01 -4.837322980165481567e-02
-4.899646639823913574e-01 -9.221453964710235596e-02
-5.778534412384033203e-01 -4.507296979427337646e-01
-1.067040562629699707e-01 -3.531742095947265625e-01
3.902452290058135986e-01 -1.710081286728382111e-02
4.843595325946807861e-01 1.073364913463592529e-01
6.446660161018371582e-01 4.782698750495910645e-01
6.072062849998474121e-01 -3.696022629737854004e-01
4.867331385612487793e-01 8.471236377954483032e-02
-5.166664347052574158e-02 6.433675885200500488e-01
-2.473128587007522583e-01 3.351669609546661377e-01
3.424099683761596680e-01 -3.045147657394409180e-02
5.341420769691467285e-01 -1.039062961935997009e-01
4.718763828277587891e-01 -6.440610159188508987e-03
1.654333025217056274e-01 1.658842265605926514e-01
4.946222007274627686e-01 3.580017015337944031e-02
-4.753303825855255127e-01 4.087303578853607178e-02
-5.057877302169799805e-01 2.992750108242034912e-01
-7.223588228225708008e-01 -4.882051944732666016e-01
9.025343507528305054e-02 5.935090184211730957e-01
-1.774501353502273560e-01 3.037810027599334717e-01
-4.913324713706970215e-01 1.938527077436447144e-01
-8.463697135448455811e-02 -4.863544106483459473e-01
5.809536576271057129e-01 3.662444651126861572e-01
7.024023532867431641e-01 5.553239583969116211e-01
6.122552156448364258e-01 -1.802670806646347046e-01
6.827395558357238770e-01 5.331909060478210449e-01
-4.628171622753143311e-01 -2.327495068311691284e-01
-5.487232804298400879e-01 -2.441493421792984009e-01
5.868745446205139160e-01 -2.299220860004425049e-01
7.430598139762878418e-01 -3.459523618221282959e-01
-5.253139734268188477e-01 -4.121128320693969727e-01
-3.290091454982757568e-01 1.871790364384651184e-02
-4.101024270057678223e-01 -3.623630106449127197e-01
5.482149720191955566e-01 3.763805031776428223e-01
4.497342705726623535e-01 -3.905323147773742676e-01
-6.975388526916503906e-01 -4.399180710315704346e-01
-5.179219320416450500e-02 6.478674411773681641e-01
1.492295116186141968e-01 2.529779970645904541e-01
-3.841985464096069336e-01 1.839280277490615845e-01
7.335736155509948730e-01 -3.084596395492553711e-01
-4.764080643653869629e-01 -2.690845727920532227e-02
-6.348722577095031738e-01 -4.748462736606597900e-01
1.454889327287673950e-01 1.014942079782485962e-01
-5.398158431053161621e-01 4.418585002422332764e-01
1.591430753469467163e-01 3.254358470439910889e-02
4.024855792522430420e-01 3.430317640304565430e-01
-3.569923043251037598e-01 -4.352526068687438965e-01
8.576975762844085693e-02 5.189124941825866699e-01
5.225906968116760254e-01 -3.509763479232788086e-01
5.163885951042175293e-01 5.499492287635803223e-01
-5.386480689048767090e-01 4.318650364875793457e-01
5.976252555847167969e-01 -1.714187860488891602e-01
-5.135318264365196228e-02 6.389999985694885254e-01
-3.225030004978179932e-01 -3.849359154701232910e-01
-6.552889943122863770e-01 -4.090111553668975830e-01
-2.280539460480213165e-02 2.530488371849060059e-01
-5.184575170278549194e-02 6.487610340118408203e-01
5.747650265693664551e-01 -1.334432512521743774e-01
7.078821659088134766e-01 5.707053542137145996e-01
4.482416808605194092e-02 6.125848367810249329e-02
-2.133914232254028320e-01 -3.920270204544067383e-01
4.576449394226074219e-01 -2.111551165580749512e-01
-6.685279011726379395e-01 -3.865249454975128174e-01
6.288296580314636230e-01 4.978951811790466309e-01
5.005343556404113770e-01 5.299835205078125000e-01
-5.155613273382186890e-02 6.398087143898010254e-01
6.131858825683593750e-01 -2.454630732536315918e-01
-4.936244785785675049e-01 3.964822590351104736e-01
-4.101719558238983154e-01 2.817974686622619629e-01
6.553489565849304199e-01 5.161791443824768066e-01
-8.628929033875465393e-03 -4.883684515953063965e-01
-5.016425848007202148e-01 2.579059004783630371e-01
5.494670271873474121e-01 3.745993375778198242e-01
-5.043922066688537598e-01 2.698380649089813232e-01
3.013767898082733154e-01 -3.562079370021820068e-01
7.018508315086364746e-01 -3.117484152317047119e-01
-5.403609871864318848e-01 4.423251748085021973e-01
-5.569560527801513672e-01 -2.642434537410736084e-01
6.531538963317871094e-01 -3.119821846485137939e-01
-5.663609877228736877e-02 6.391215920448303223e-01
-9.398888796567916870e-02 -9.327325224876403809e-02
4.708572924137115479e-01 6.828711926937103271e-02
6.900213956832885742e-01 -3.080770969390869141e-01
-5.131450891494750977e-01 -2.404126375913619995e-01
-1.982913762331008911e-01 -2.237840369343757629e-02
5.176586508750915527e-01 2.228054702281951904e-01
1.166922505944967270e-02 -4.903134107589721680e-01
3.195163905620574951e-01 3.253282979130744934e-02
5.655613541603088379e-01 3.427217900753021240e-01
7.050203084945678711e-01 -2.818711400032043457e-01
-1.250871121883392334e-01 -2.016090750694274902e-01
-5.094762519001960754e-02 6.330904960632324219e-01
6.853472590446472168e-01 -3.297282457351684570e-01
-5.214831978082656860e-02 6.463986039161682129e-01
-3.802992105484008789e-01 7.355126738548278809e-02
6.718602776527404785e-01 -3.682568669319152832e-01
-5.106354877352714539e-02 6.264054775238037109e-01
-5.727645475417375565e-03 4.580351710319519043e-01
-5.680061504244804382e-02 -5.100662708282470703e-01
-5.006141662597656250e-01 -1.641093790531158447e-01
5.197253227233886719e-01 5.424152612686157227e-01
6.536176800727844238e-01 -2.728359997272491455e-01
-4.894855320453643799e-01 1.877137124538421631e-01
5.282902717590332031e-01 -1.737333834171295166e-01
4.730244278907775879e-01 1.850116699934005737e-01
-3.168438076972961426e-01 -1.595839262008666992e-01
5.047923326492309570e-01 -1.466061621904373169e-01
5.174543261528015137e-01 2.321522533893585205e-01
6.340413093566894531e-01 4.454829394817352295e-01
2.905746698379516602e-01 -3.901285529136657715e-01
-5.385932326316833496e-01 4.389952719211578369e-01
5.891470909118652344e-01 -1.517017334699630737e-01
-5.360735654830932617e-01 4.316765069961547852e-01
7.044950127601623535e-01 5.536161661148071289e-01
-6.458408236503601074e-01 -4.568330943584442139e-01
-5.691049620509147644e-03 -4.657867252826690674e-01
-3.711395710706710815e-02 4.696969389915466309e-01
-6.885197013616561890e-02 5.249164700508117676e-01
7.110717296600341797e-01 5.711585283279418945e-01
6.513752341270446777e-01 -3.366374671459197998e-01
9.997428208589553833e-02 -4.219607412815093994e-01
5.632951855659484863e-01 -2.258881032466888428e-01
5.186002850532531738e-01 -1.775522977113723755e-01
-2.518052160739898682e-01 -2.072497457265853882e-01
4.768765866756439209e-01 1.188005805015563965e-01
-1.691077351570129395e-01 5.639839768409729004e-01
-6.966120600700378418e-01 -4.318734407424926758e-01
-4.768700003623962402e-01 1.940328627824783325e-02
-4.821180999279022217e-01 1.662281006574630737e-01
-4.988626539707183838e-01 3.104659914970397949e-01
-5.407415628433227539e-01 4.484747052192687988e-01
5.209214091300964355e-01 -4.771593958139419556e-02
-5.123627185821533203e-01 4.110473096370697021e-01
-7.299346476793289185e-02 6.362309455871582031e-01
6.645537018775939941e-01 -3.517985641956329346e-01
-5.115403234958648682e-02 6.284834742546081543e-01
-5.009568929672241211e-01 -4.603041708469390869e-01
-5.065893009305000305e-02 6.355197429656982422e-01
-5.413486063480377197e-02 6.257808208465576172e-01
4.839233756065368652e-01 -2.806180119514465332e-01
3.496219217777252197e-01 2.722514271736145020e-01
-4.429491162300109863e-01 -4.343110024929046631e-01
6.906402707099914551e-01 5.348942875862121582e-01
-5.110867321491241455e-02 6.415991187095642090e-01
-5.155886709690093994e-02 6.398386359214782715e-01
-3.118534572422504425e-02 5.676256418228149414e-01
6.065544486045837402e-01 4.096943438053131104e-01
-5.613297224044799805e-01 -2.285247743129730225e-01
-4.911220669746398926e-01 1.957114189863204956e-01
6.264349818229675293e-01 4.258374571800231934e-01
1.150321736931800842e-01 2.102710157632827759e-01
-2.177018076181411743e-01 -7.811573147773742676e-02
-1.135371997952461243e-02 -4.111815094947814941e-01
7.059627771377563477e-01 -2.804884910583496094e-01
4.871591627597808838e-01 1.044866740703582764e-01
-1.605046391487121582e-01 -3.987043499946594238e-01
-5.058723315596580505e-02 6.466755270957946777e-01
-1.227015554904937744e-01 -4.910777807235717773e-01
4.892522990703582764e-01 8.073763549327850342e-02
-1.370983868837356567e-01 -2.422199994325637817e-01
-4.572998583316802979e-01 2.567822337150573730e-01
4.577742516994476318e-01 1.030012741684913635e-01
-5.302939563989639282e-02 6.289584636688232422e-01
1.042505875229835510e-01 3.065773844718933105e-02
-8.025099337100982666e-02 2.872222959995269775e-01
-3.480774164199829102e-02 -4.811536073684692383e-01
6.580211520195007324e-01 -2.395224422216415405e-01
-5.330197811126708984e-01 -2.122953534126281738e-01
-5.109969973564147949e-01 3.039146959781646729e-01
-5.779274106025695801e-01 -3.169917166233062744e-01
-4.955974817276000977e-01 -7.495445013046264648e-02
-4.851161837577819824e-01 -1.418298780918121338e-01
4.759846627712249756e-01 1.037468612194061279e-01
-2.960603311657905579e-02 -4.423482716083526611e-01
1.101872418075799942e-02 6.107556819915771484e-01
-7.467155158519744873e-02 -3.855734169483184814e-01
-5.756226778030395508e-01 -3.684436976909637451e-01
3.317888081073760986e-01 -8.791524171829223633e-02
1.280075311660766602e-01 6.137151122093200684e-01
-4.191766306757926941e-02 5.481313467025756836e-01
4.837971925735473633e-01 5.774661302566528320e-01
5.523486137390136719e-01 -1.004753038287162781e-01
-1.135089024901390076e-01 -4.662578403949737549e-01
3.411504328250885010e-01 -2.701520025730133057e-01
-5.091379880905151367e-01 3.113713860511779785e-01
-5.067616701126098633e-01 2.714924514293670654e-01
-2.785438857972621918e-02 -5.145248770713806152e-01
-8.943617343902587891e-03 -5.163704752922058105e-01
4.819519817829132080e-01 2.661404609680175781e-01
3.466233611106872559e-01 1.657281070947647095e-01
8.238367736339569092e-03 -4.226235449314117432e-01
-5.081666707992553711e-01 3.296029269695281982e-01
2.165678888559341431e-01 -3.679572045803070068e-01
6.354863047599792480e-01 4.444062411785125732e-01
-1.061506941914558411e-02 -4.433911442756652832e-01
6.393815279006958008e-01 4.478541910648345947e-01
6.914201378822326660e-01 -3.350790441036224365e-01
-5.366111993789672852e-01 -2.038446962833404541e-01
5.838354825973510742e-01 4.239188432693481445e-01
-8.723171800374984741e-02 4.820612370967864990e-01
-5.045740008354187012e-01 3.906935751438140869e-01
6.700180768966674805e-01 5.031089782714843750e-01
-2.251442521810531616e-03 -4.560707509517669678e-01
3.696055412292480469e-01 8.677940070629119873e-02
6.411480903625488281e-01 4.834472835063934326e-01
-5.218588113784790039e-01 3.762015700340270996e-01
5.188115239143371582e-01 2.237580716609954834e-01
6.277886033058166504e-01 4.283614754676818848e-01
3.247200548648834229e-01 5.012167692184448242e-01
1.945013552904129028e-01 -4.007969796657562256e-02
6.988588571548461914e-01 -3.488676548004150391e-01
-4.966508597135543823e-02 6.039420962333679199e-01
6.723257303237915039e-01 -2.461303025484085083e-01
6.774891614913940430e-01 5.509244203567504883e-01
-4.868899583816528320e-01 -3.381595760583877563e-02
-5.962355732917785645e-01 -3.954371511936187744e-01
6.992265582084655762e-01 5.471805334091186523e-01
-2.932553738355636597e-02 -4.659561216831207275e-01
-5.108477547764778137e-02 6.455048322677612305e-01
-4.978476166725158691e-01 2.354752719402313232e-01
-4.847747683525085449e-01 1.864633858203887939e-01
-6.933476328849792480e-01 -5.092619657516479492e-01
6.515085697174072266e-01 4.665375649929046631e-01
-5.205389857292175293e-01 4.200857281684875488e-01
-2.754701077938079834e-01 -4.209567904472351074e-01
-4.632543921470642090e-01 -3.385487496852874756e-01
-5.133243203163146973e-01 3.191325366497039795e-01
-7.241528034210205078e-01 -4.954719245433807373e-01
-5.793969035148620605e-01 -2.600208520889282227e-01
5.594022274017333984e-01 -2.180755585432052612e-01
4.661127030849456787e-01 -2.079106681048870087e-02
-5.146637186408042908e-02 6.370884180068969727e-01
-4.758407175540924072e-01 1.311089247465133667e-01
9.691267460584640503e-02 -2.113078683614730835e-01
-4.403514266014099121e-01 -4.541757330298423767e-02
-4.989303052425384521e-01 -1.942615360021591187e-01
-7.154749631881713867e-01 -4.502082467079162598e-01
5.157722234725952148e-01 -2.858038991689682007e-02
-4.569528996944427490e-02 6.086406707763671875e-01
-4.496419429779052734e-02 6.374442577362060547e-01
-1.105636730790138245e-01 -4.116919636726379395e-01
-4.812020063400268555e-02 6.272411346435546875e-01
-4.561676681041717529e-01 -1.532699763774871826e-01
6.074388623237609863e-01 3.955399096012115479e-01
-3.489983826875686646e-02 5.936334729194641113e-01
-5.270432829856872559e-01 3.832284808158874512e-01
8.801590651273727417e-03 3.321410715579986572e-01
4.621444344520568848e-01 3.938826918601989746e-01
-8.254585415124893188e-02 6.282619833946228027e-01
6.136554479598999023e-01 5.049814581871032715e-01
-4.589995741844177246e-02 -5.129802823066711426e-01
-5.270840525627136230e-01 4.060264229774475098e-01
6.145676970481872559e-01 5.082311630249023438e-01
-1.454451382160186768e-01 -4.809681773185729980e-01
-5.600914731621742249e-02 6.349956989288330078e-01
6.384805440902709961e-01 4.500085115432739258e-01
4.329985082149505615e-01 4.683111011981964111e-01
-2.704852260649204254e-03 -5.075178742408752441e-01
-2.907905578613281250e-01 -6.641051732003688812e-03
-6.676790118217468262e-01 -4.870622754096984863e-01
2.394081652164459229e-02 -4.891835451126098633e-01
-5.298900008201599121e-01 4.528456330299377441e-01
-3.128935582935810089e-03 -5.131409764289855957e-01
-5.037688836455345154e-02 6.325577497482299805e-01
-5.193860456347465515e-02 6.427977681159973145e-01
-5.019291043281555176e-01 3.847101628780364990e-01
-7.082880735397338867e-01 -4.757681488990783691e-01
-5.226214975118637085e-02 6.260878443717956543e-01
6.739788651466369629e-01 5.207104682922363281e-01
-1.120889931917190552e-02 -5.062640905380249023e-01
2.988421022891998291e-01 5.922733545303344727e-01
3.691824376583099365e-01 2.868176698684692383e-01
-4.767591506242752075e-02 -4.874813258647918701e-01
-5.295436382293701172e-01 3.904766142368316650e-01
-4.788843989372253418e-01 3.744787350296974182e-02
-4.206050038337707520e-01 1.617769598960876465e-01
-5.176740512251853943e-02 6.498030424118041992e-01
-4.236723482608795166e-02 6.333920359611511230e-01
-3.271985333412885666e-03 -5.204201340675354004e-01
-1.960443556308746338e-01 -3.129050135612487793e-01
-5.156558752059936523e-02 6.403424143791198730e-01
-5.162824317812919617e-02 6.425909996032714844e-01
6.408534646034240723e-01 4.496693313121795654e-01
-4.718056619167327881e-01 -4.402370452880859375e-01
-4.081495851278305054e-02 6.127794384956359863e-01
-5.116282701492309570e-01 4.164259731769561768e-01
2.570159435272216797e-01 -1.785134375095367432e-01
4.929724037647247314e-01 1.386529058218002319e-01
-4.986694455146789551e-01 3.860293328762054443e-01
-5.215723440051078796e-02 6.490840315818786621e-01
-6.530300527811050415e-02 -3.881204426288604736e-01
6.052378416061401367e-01 5.307241082191467285e-01
6.045622825622558594e-01 4.225780069828033447e-01
5.725581049919128418e-01 -1.307574808597564697e-01
3.127617835998535156e-01 -3.834673017263412476e-02
4.639891982078552246e-01 -1.226943358778953552e-01
3.268127441406250000e-01 -3.989503681659698486e-01
-5.162432044744491577e-02 6.426770687103271484e-01
-5.185110121965408325e-02 6.501813530921936035e-01
4.896363019943237305e-01 1.156307682394981384e-01
-5.005755424499511719e-01 -1.325626522302627563e-01
3.435427322983741760e-02 -3.110989034175872803e-01
6.489635109901428223e-01 4.705673754215240479e-01
9.270582348108291626e-02 9.332461655139923096e-02
5.186994671821594238e-01 3.291654884815216064e-01
4.908627271652221680e-01 1.418424248695373535e-01
2.288603335618972778e-01 -3.988815844058990479e-01
-2.056548893451690674e-01 3.100584745407104492e-01
5.543800592422485352e-01 3.066793084144592285e-01
5.502542853355407715e-01 -9.485230594873428345e-02
4.886418282985687256e-01 1.651018410921096802e-01
-7.182487845420837402e-01 -4.495500624179840088e-01
-1.662749797105789185e-01 5.082365274429321289e-01
-2.805590629577636719e-04 6.342265009880065918e-01
7.760019600391387939e-02 -4.388394951820373535e-01
6.981737017631530762e-01 5.516101717948913574e-01
-5.206854343414306641e-01 -1.903207898139953613e-01
1.981669366359710693e-01 -4.233640730381011963e-01
7.956486195325851440e-03 -3.007366657257080078e-01
-3.304352760314941406e-01 -1.103911623358726501e-01
-1.353872567415237427e-01 -4.833130240440368652e-01
-7.427159547805786133e-01 -5.119838118553161621e-01
-5.383549928665161133e-01 4.530005455017089844e-01
-4.638374447822570801e-01 3.215983211994171143e-01
-5.178375169634819031e-02 6.480447649955749512e-01
-1.911757048219442368e-03 -5.159404277801513672e-01
-1.134799886494874954e-02 -2.789036929607391357e-01
5.001221299171447754e-01 -2.953975498676300049e-01
4.133554697036743164e-01 -3.803819119930267334e-01
5.034562349319458008e-01 1.834506839513778687e-01
-2.577193081378936768e-01 1.657135039567947388e-01
4.855645596981048584e-01 1.448550969362258911e-01
6.260689496994018555e-01 -2.778120338916778564e-01
-7.132762074470520020e-01 -4.469690620899200439e-01
-5.881420373916625977e-01 -4.646149277687072754e-01
1.130993217229843140e-01 -2.408288717269897461e-01
1.967554725706577301e-02 4.214545190334320068e-01
-5.167431384325027466e-02 6.420115232467651367e-01
6.830238103866577148e-01 5.173482298851013184e-01
-1.802652329206466675e-01 -4.668733477592468262e-01
6.170900538563728333e-02 4.304922819137573242e-01
5.635069608688354492e-01 4.598804414272308350e-01
6.963772773742675781e-01 5.511487126350402832e-01
-9.913000464439392090e-02 -1.631744205951690674e-01
7.039774060249328613e-01 -3.044070005416870117e-01
5.769873857498168945e-01 3.642100989818572998e-01
4.321264624595642090e-01 -3.753658533096313477e-01
-6.050274893641471863e-02 4.363996982574462891e-01
5.261383056640625000e-01 -3.690873384475708008e-01
1.558839157223701477e-02 -4.479282796382904053e-01
-7.888244092464447021e-02 -4.903556406497955322e-01
5.013111233711242676e-01 -1.342195421457290649e-01
5.031704902648925781e-02 4.921113606542348862e-03
-5.062859058380126953e-01 4.108051061630249023e-01
6.053563952445983887e-01 -2.481170147657394409e-01
-5.340369939804077148e-01 4.141215384006500244e-01
-5.087323188781738281e-01 2.846212089061737061e-01
1.539911627769470215e-01 -1.761008352041244507e-01
-1.035770177841186523e-01 -2.976765036582946777e-01
-7.018074989318847656e-01 -4.690352976322174072e-01
-3.465460836887359619e-01 -4.556357860565185547e-01
6.276986747980117798e-02 -4.810423552989959717e-01
5.385969579219818115e-02 -4.848375022411346436e-01
6.734905242919921875e-01 5.014709830284118652e-01
7.155575156211853027e-01 -2.983680665493011475e-01
-6.641123890876770020e-01 -4.235638976097106934e-01
6.903958320617675781e-01 5.309544205665588379e-01
-4.821552932262420654e-01 1.362197846174240112e-01
-3.370712324976921082e-02 -5.031828880310058594e-01
-1.493307203054428101e-02 -5.107334256172180176e-01
4.749758541584014893e-01 3.497276455163955688e-02
3.551455214619636536e-02 -3.269047737121582031e-01
-3.069331636652350426e-03 -5.202478170394897461e-01
4.874543249607086182e-01 1.244507953524589539e-01
-4.422346055507659912e-01 9.887081384658813477e-02
-5.946051478385925293e-01 -4.545250833034515381e-01
-6.267179846763610840e-01 -3.944989442825317383e-01
7.026950716972351074e-01 5.511790513992309570e-01
5.224016904830932617e-01 -2.697345614433288574e-01
-4.212138801813125610e-02 6.330478787422180176e-01
5.418136119842529297e-01 2.756126523017883301e-01
-4.969934225082397461e-01 -7.468832284212112427e-02
-5.977083742618560791e-02 -4.377458393573760986e-01
-3.803277388215065002e-02 6.062727570533752441e-01
-5.154751613736152649e-02 6.401671171188354492e-01
-6.367525458335876465e-01 -3.432058393955230713e-01
6.523965597152709961e-01 -2.734681069850921631e-01
-5.780347585678100586e-01 -5.082744956016540527e-01
6.789775490760803223e-01 5.193780064582824707e-01
-7.086858153343200684e-02 5.941738486289978027e-01
4.813003540039062500e-01 -3.222978413105010986e-01
-5.344232320785522461e-01 4.196937382221221924e-01
5.580895543098449707e-01 4.759004414081573486e-01
-9.668560326099395752e-02 2.797816693782806396e-01
3.554235994815826416e-01 -1.838774830102920532e-01
1.505080908536911011e-01 -4.271709918975830078e-01
-5.184492096304893494e-02 6.499958634376525879e-01
-2.382026612758636475e-01 2.541516721248626709e-01
5.700809955596923828e-01 4.309116303920745850e-01
5.665640234947204590e-01 4.169912934303283691e-01
1.419256031513214111e-01 -3.123703896999359131e-01
6.395453214645385742e-01 -2.140419632196426392e-01
1.446950584650039673e-01 -4.258953034877777100e-01
4.118576645851135254e-01 -3.506827354431152344e-01
-1.563224345445632935e-01 -4.529805481433868408e-01
6.323583126068115234e-01 4.498203992843627930e-01
-5.308219194412231445e-01 4.000776112079620361e-01
-5.390856862068176270e-01 4.349844157695770264e-01
-4.799872338771820068e-01 9.800453484058380127e-02
-6.566380858421325684e-01 -3.754892945289611816e-01
-4.320839345455169678e-01 7.822461426258087158e-02
5.587443113327026367e-01 -2.057493925094604492e-01
-2.887150943279266357e-01 5.045239329338073730e-01
6.260155439376831055e-01 4.688679277896881104e-01
-1.230559218674898148e-02 -4.864145517349243164e-01
6.129559874534606934e-01 -3.657974898815155029e-01
6.289482712745666504e-01 4.631626904010772705e-01
7.302759289741516113e-01 -3.583347201347351074e-01
-6.983130574226379395e-01 -4.285872876644134521e-01
6.555887460708618164e-01 -2.833338379859924316e-01
-5.906236767768859863e-01 -2.767347693443298340e-01
-4.994554445147514343e-02 4.775125980377197266e-01
-4.883048832416534424e-01 2.834375202655792236e-01
4.765717089176177979e-01 -1.940906047821044922e-01
-5.838223695755004883e-01 -4.196781218051910400e-01
5.978794395923614502e-02 -3.949350416660308838e-01
-4.620999097824096680e-01 -7.355914916843175888e-03
-5.294206738471984863e-01 3.926150500774383545e-01
-4.981899857521057129e-01 3.186487555503845215e-01
-5.335593596100807190e-02 6.288949847221374512e-01
9.966158866882324219e-02 -2.191333770751953125e-01
-3.298215568065643311e-01 4.758632779121398926e-01
6.087011098861694336e-01 -1.777031421661376953e-01
4.791010022163391113e-01 1.748768240213394165e-01
-7.767407596111297607e-02 -4.502744376659393311e-01
-1.147509440779685974e-01 -4.489530324935913086e-01
-4.922313392162322998e-01 2.474448084831237793e-01
1.169184893369674683e-01 4.552121162414550781e-01
-5.940569639205932617e-01 -2.832014560699462891e-01
-4.859479144215583801e-02 6.322407126426696777e-01
-9.206531103700399399e-04 4.491265416145324707e-01
-7.298277616500854492e-01 -4.795421659946441650e-01
-3.790061175823211670e-01 -2.727469615638256073e-02
-5.170421302318572998e-02 6.461563706398010254e-01
2.499278821051120758e-02 3.363761007785797119e-01
-5.140941962599754333e-02 6.362218260765075684e-01
4.758312106132507324e-01 -1.224917918443679810e-01
2.183316051959991455e-01 1.349771767854690552e-01
-5.664229393005371094e-01 -4.381664991378784180e-01
4.601964950561523438e-01 4.674026072025299072e-01
1.140730530023574829e-01 -4.491079747676849365e-01
6.663762331008911133e-01 5.542982220649719238e-01
3.140388131141662598e-01 -2.875457406044006348e-01
6.646735668182373047e-01 -3.048242330551147461e-01
-4.714523553848266602e-01 2.452749758958816528e-01
-4.663358628749847412e-01 4.291749000549316406e-01
-5.336160063743591309e-01 -1.755116134881973267e-01
-4.696113988757133484e-02 2.576119899749755859e-01
3.075697422027587891e-01 -3.841901123523712158e-01
-4.959417283535003662e-01 -7.260239124298095703e-02
-5.213655158877372742e-02 6.103546619415283203e-01
6.328975558280944824e-01 4.397585391998291016e-01
-1.825803965330123901e-01 5.114319920539855957e-01
-3.626681864261627197e-01 2.900725603103637695e-01
-1.141149401664733887e-01 -4.923498630523681641e-01
7.270938158035278320e-01 -3.398515582084655762e-01
2.657925710082054138e-02 -5.028625130653381348e-01
7.401362061500549316e-01 -3.398909568786621094e-01
-2.883440852165222168e-01 4.529395401477813721e-01
-5.909682512283325195e-01 -2.761407792568206787e-01
7.111091017723083496e-01 -3.222875297069549561e-01
-5.143418312072753906e-01 -1.546198576688766479e-01
-5.029983446002006531e-02 6.270745396614074707e-01
-5.165653675794601440e-02 6.458624005317687988e-01
6.646468043327331543e-01 4.921321868896484375e-01
-5.095969140529632568e-02 6.072025895118713379e-01
-5.176972225308418274e-02 6.470787525177001953e-01
2.843884527683258057e-01 -2.605346739292144775e-01
-3.891291618347167969e-01 2.739335298538208008e-01
1.157127767801284790e-01 -3.538439273834228516e-01
5.437279939651489258e-01 3.154886364936828613e-01
-5.235410854220390320e-02 6.473816037178039551e-01
-5.181483924388885498e-02 6.488004326820373535e-01
-3.140661865472793579e-02 -5.152732729911804199e-01
-4.759753048419952393e-01 1.268045902252197266e-01
-1.074400395154953003e-01 6.117555499076843262e-01
5.461441278457641602e-01 4.193987548351287842e-01
2.091394923627376556e-02 -4.959843754768371582e-01
-3.427956402301788330e-01 1.925117336213588715e-02
3.280878961086273193e-01 -3.836427927017211914e-01
5.856750607490539551e-01 3.905848562717437744e-01
6.013495922088623047e-01 -1.667836755514144897e-01
5.999553203582763672e-01 -2.000227272510528564e-01
-5.098991990089416504e-01 2.998547852039337158e-01
-4.586022198200225830e-01 3.889575004577636719e-01
-1.264901757240295410e-01 -4.649400338530540466e-02
-3.142546489834785461e-02 5.560305118560791016e-01
5.777822732925415039e-01 -1.358718723058700562e-01
5.616662502288818359e-01 -3.431878983974456787e-01
5.866893008351325989e-02 4.676438271999359131e-01
7.093523144721984863e-01 5.629624128341674805e-01
5.280374898575246334e-04 -5.041188001632690430e-01
5.746130347251892090e-01 3.523631393909454346e-01
3.925031423568725586e-02 1.832791790366172791e-02
-5.086249113082885742e-02 6.324104666709899902e-01
-5.064543485641479492e-01 2.703103125095367432e-01
-5.389406681060791016e-01 4.440426230430603027e-01
6.248880624771118164e-01 4.215024411678314209e-01
-1.173395216464996338e-01 -4.500827193260192871e-01
6.330860257148742676e-01 4.761281609535217285e-01
-3.851160407066345215e-01 1.495315413922071457e-02
-6.435309052467346191e-01 -4.089384377002716064e-01
-6.938604116439819336e-01 -4.710691869258880615e-01
-2.593415677547454834e-01 4.193199276924133301e-01
-4.790914356708526611e-01 7.081039994955062866e-02
-4.154655337333679199e-02 -5.019599199295043945e-01
4.863199591636657715e-01 8.756212145090103149e-02
7.028620243072509766e-01 5.511166453361511230e-01
-5.678117275238037109e-01 -4.869733154773712158e-01
5.887626409530639648e-01 -1.680502891540527344e-01
4.889175891876220703e-01 8.580265194177627563e-02
1.036421433091163635e-01 -4.565910100936889648e-01
-3.755148351192474365e-01 1.198589503765106201e-01
-3.345530927181243896e-01 4.912208616733551025e-01
9.711436927318572998e-02 1.122044026851654053e-01
4.900206923484802246e-01 1.320428997278213501e-01
-5.174689367413520813e-02 6.460728049278259277e-01
8.691392093896865845e-02 1.261163651943206787e-01
-5.068148970603942871e-01 -1.409357488155364990e-01
-4.763638079166412354e-01 2.889373600482940674e-01
2.537679970264434814e-01 7.157824933528900146e-02
-3.024963289499282837e-02 -3.165980800986289978e-02
6.778262257575988770e-01 5.278694033622741699e-01
-4.549174103885889053e-03 -5.109363198280334473e-01
6.433681249618530273e-01 -3.644951879978179932e-01
6.099715232849121094e-01 -2.721652984619140625e-01
6.208215355873107910e-01 4.150740206241607666e-01
-4.701537266373634338e-02 6.032103300094604492e-01
-4.154292494058609009e-02 6.060788035392761230e-01
7.017415761947631836e-01 -2.933841943740844727e-01
7.202388644218444824e-01 -3.248880505561828613e-01
-4.952864348888397217e-01 3.448005318641662598e-01
-5.409268736839294434e-01 4.441251158714294434e-01
4.348885118961334229e-01 -1.772756129503250122e-01
4.275193512439727783e-01 1.619000732898712158e-02
-5.131281614303588867e-01 -1.639813184738159180e-01
7.023734450340270996e-01 -2.771128714084625244e-01
7.054836153984069824e-01 -3.260472714900970459e-01
-5.148319527506828308e-02 6.391369104385375977e-01
-4.353350698947906494e-01 -4.799520969390869141e-01
-4.355758428573608398e-01 4.668650031089782715e-01
-8.613909594714641571e-03 -4.886746704578399658e-01
-5.158740282058715820e-02 6.365998983383178711e-01
-5.132943391799926758e-01 -3.375799059867858887e-01
5.874658226966857910e-01 -1.554668992757797241e-01
6.876095533370971680e-01 5.325898528099060059e-01
-5.103388428688049316e-02 6.229695081710815430e-01
4.832357764244079590e-01 9.951499849557876587e-02
-3.953419625759124756e-01 -1.916825026273727417e-01
-5.343952178955078125e-01 4.154879152774810791e-01
4.537807777523994446e-02 -3.426323533058166504e-01
7.325430512428283691e-01 -3.218232095241546631e-01
-3.105364739894866943e-01 -4.490180909633636475e-01
6.630945801734924316e-01 -2.366462647914886475e-01
5.699460506439208984e-01 -1.571227908134460449e-01
-8.529525250196456909e-02 5.469411015510559082e-01
-5.177786573767662048e-02 6.472563743591308594e-01
6.517372131347656250e-01 -2.243082374334335327e-01
-1.441755443811416626e-01 -2.736107707023620605e-01
-5.151029229164123535e-01 3.370473086833953857e-01
2.406830787658691406e-01 5.872541666030883789e-01
5.855782628059387207e-01 -3.453182280063629150e-01
-5.062751173973083496e-01 2.965813577175140381e-01
-4.802820980548858643e-01 -6.318306084722280502e-03
5.423334240913391113e-01 2.798473238945007324e-01
2.524655163288116455e-01 -4.043718576431274414e-01
-5.352376699447631836e-01 4.190659224987030029e-01
-5.276958942413330078e-01 3.799984157085418701e-01
-5.151369050145149231e-02 6.446577310562133789e-01
-4.678112268447875977e-01 3.106468319892883301e-01
-4.926103353500366211e-01 3.518338203430175781e-01
5.869593620300292969e-01 4.043891131877899170e-01
5.577084422111511230e-01 -3.377278149127960205e-01
-5.081231519579887390e-02 5.932439565658569336e-01
8.781878650188446045e-02 -3.554595708847045898e-01
-1.267818957567214966e-01 1.403175443410873413e-01
-1.293177008628845215e-01 -6.523725111037492752e-03
-5.206879377365112305e-01 3.698284029960632324e-01
6.760418415069580078e-01 -2.569488286972045898e-01
6.157538294792175293e-01 4.148331582546234131e-01
-5.625319480895996094e-01 -4.696297049522399902e-01
-5.069292187690734863e-01 2.756554484367370605e-01
-5.021420121192932129e-01 3.385674953460693359e-01
-2.541431188583374023e-01 1.085517778992652893e-01
1.935252360999584198e-02 -4.670480787754058838e-01
-4.192473590373992920e-01 4.149957299232482910e-01
4.667707383632659912e-01 -3.911232352256774902e-01
6.596627235412597656e-01 4.998180568218231201e-01
-5.456699728965759277e-01 -3.639160990715026855e-01
-5.346320867538452148e-01 4.184930622577667236e-01
3.248335123062133789e-01 5.872451663017272949e-01
-6.161887645721435547e-01 -3.196365237236022949e-01
5.979332923889160156e-01 -1.627524644136428833e-01
3.847524523735046387e-01 2.853387296199798584e-01
-6.784866452217102051e-01 -5.110798478126525879e-01
-2.164325267076492310e-01 -4.653918147087097168e-01
-5.175126194953918457e-01 4.020527005195617676e-01
1.691322624683380127e-01 -1.248555630445480347e-01
-4.143793284893035889e-01 -2.325981855392456055e-01
4.676799774169921875e-01 3.705513775348663330e-01
-1.172351744025945663e-02 -4.571870863437652588e-01
-4.659801423549652100e-01 1.868368536233901978e-01
-2.878198586404323578e-02 -2.960347831249237061e-01
-5.174909532070159912e-02 6.408506631851196289e-01
-4.803523421287536621e-01 2.444858849048614502e-02
-4.790092706680297852e-01 8.984000235795974731e-02
6.373454928398132324e-01 -2.088951021432876587e-01
-1.692587733268737793e-01 4.881490468978881836e-01
1.308429390192031860e-01 -1.384652853012084961e-01
-5.000975728034973145e-02 6.097028255462646484e-01
6.532537341117858887e-01 -3.275325596332550049e-01
5.771154165267944336e-01 -1.365516334772109985e-01
-7.979978621006011963e-02 5.059276223182678223e-01
7.315266877412796021e-03 -5.011612176895141602e-01
4.476801455020904541e-01 3.858777135610580444e-02
-4.701087772846221924e-01 -4.851641878485679626e-02
5.487641096115112305e-01 -2.845907807350158691e-01
-6.934571266174316406e-01 -4.273200035095214844e-01
-1.293297298252582550e-02 3.048567175865173340e-01
-7.300983071327209473e-01 -4.680168032646179199e-01
-4.373127818107604980e-01 4.286042451858520508e-01
5.110116600990295410e-01 -1.824373006820678711e-01
-5.156540870666503906e-02 6.410599350929260254e-01
9.120729565620422363e-02 5.603375434875488281e-01
5.666015744209289551e-01 3.660064637660980225e-01
6.851753592491149902e-01 -3.531842827796936035e-01
-1.146266609430313110e-01 3.037090003490447998e-01
6.394780278205871582e-01 4.532673060894012451e-01
-5.313825607299804688e-01 3.944509625434875488e-01
-4.251074790954589844e-01 -2.726570330560207367e-02
4.816314876079559326e-01 1.146515980362892151e-01
5.979781150817871094e-01 -3.686523735523223877e-01
-4.597631692886352539e-01 -7.773361355066299438e-02
-1.385653316974639893e-01 -4.487265348434448242e-01
7.104005813598632812e-01 -3.590931296348571777e-01
-5.240017548203468323e-02 6.398453116416931152e-01
-5.151154845952987671e-02 6.387380957603454590e-01
-2.752266526222229004e-01 -3.269021511077880859e-01
3.998533487319946289e-01 1.447182446718215942e-01
-5.127815902233123779e-02 6.245676875114440918e-01
-4.770986437797546387e-01 1.613232679665088654e-02
1.441513597965240479e-01 -2.258668243885040283e-01
5.519871711730957031e-01 -3.747711777687072754e-01
-7.372419834136962891e-01 -4.947820007801055908e-01
1.928620487451553345e-01 5.952129960060119629e-01
6.435359120368957520e-01 4.934593737125396729e-01
-1.002450361847877502e-01 5.053774118423461914e-01
6.040683984756469727e-01 3.925004303455352783e-01
7.313333153724670410e-01 -3.092227578163146973e-01
-6.995292305946350098e-01 -4.466760754585266113e-01
6.289131045341491699e-01 -1.993149518966674805e-01
6.756051182746887207e-01 -2.876390814781188965e-01
1.348907500505447388e-01 -4.272911697626113892e-03
7.073292136192321777e-01 5.653801560401916504e-01
-3.935966789722442627e-01 -4.753822684288024902e-01
-4.582140147686004639e-01 -2.448750436305999756e-01
-4.803163409233093262e-01 1.432288140058517456e-01
5.772722959518432617e-01 -1.373553574085235596e-01
-5.000021457672119141e-01 -3.105210661888122559e-01
5.150096416473388672e-01 -4.590242728590965271e-02
-4.981105402112007141e-02 6.020041108131408691e-01
5.686293244361877441e-01 3.436492383480072021e-01
6.452863812446594238e-01 -2.668666541576385498e-01
4.909963905811309814e-01 -3.597592562437057495e-02
-4.579553008079528809e-01 3.481744602322578430e-02
6.048228740692138672e-01 3.948846459388732910e-01
6.763630509376525879e-01 5.118144750595092773e-01
7.262147665023803711e-01 -3.466841876506805420e-01
-6.235721707344055176e-01 -3.755458295345306396e-01
-5.164286494255065918e-02 6.423500180244445801e-01
-4.287417232990264893e-01 3.330111503601074219e-01
-5.263888239860534668e-01 3.908640146255493164e-01
2.701296210289001465e-01 -3.057985901832580566e-01
-5.173631384968757629e-02 6.454176306724548340e-01
1.411131024360656738e-01 -3.909662365913391113e-01
-5.168406292796134949e-02 6.414896249771118164e-01
-1.748073697090148926e-01 -4.728952348232269287e-01
-4.651198089122772217e-01 4.459863007068634033e-01
-5.272299423813819885e-02 6.089529395103454590e-01
-4.925275146961212158e-01 2.134629935026168823e-01
-5.172745510935783386e-02 6.447668075561523438e-01
2.700206935405731201e-01 -2.659005522727966309e-01
-7.066540718078613281e-01 -4.519540071487426758e-01
4.464413821697235107e-01 1.623799502849578857e-01
-3.853977099061012268e-02 -2.615157067775726318e-01
-5.160565301775932312e-02 6.435099244117736816e-01
4.908987283706665039e-01 -1.199364960193634033e-01
7.022804021835327148e-01 5.724390745162963867e-01
-7.424350082874298096e-02 5.185922980308532715e-01
5.618047118186950684e-01 5.331357121467590332e-01
-6.335394978523254395e-01 -3.845092058181762695e-01
-5.151135325431823730e-01 3.567653298377990723e-01
-2.297727018594741821e-01 5.061997771263122559e-01
2.325731515884399414e-01 -1.848537661135196686e-02
-4.492659866809844971e-02 -4.782762229442596436e-01
-4.175456166267395020e-01 -4.747825860977172852e-01
4.809104800224304199e-01 -8.935965597629547119e-02
-3.108501434326171875e-01 -2.053590118885040283e-01
5.487270355224609375e-01 2.888833284378051758e-01
5.789774060249328613e-01 -1.630593836307525635e-01
-2.622776925563812256e-01 -1.183707639575004578e-01
3.689446747303009033e-01 -4.600929468870162964e-02
-2.593817412853240967e-01 5.082159042358398438e-01
-5.239264369010925293e-01 4.048137962818145752e-01
-7.366852164268493652e-01 -5.008355379104614258e-01
-4.487490653991699219e-02 6.371608972549438477e-01
-3.595395684242248535e-01 1.886181533336639404e-01
-1.174420416355133057e-01 -4.703304171562194824e-01
5.723820924758911133e-01 3.464125692844390869e-01
-5.135431140661239624e-02 6.416457295417785645e-01
-4.533879756927490234e-01 -4.529102444648742676e-01
-5.300713777542114258e-01 3.974848985671997070e-01
6.110563874244689941e-01 4.377582073211669922e-01
-5.084933042526245117e-01 3.109282255172729492e-01
-5.883953571319580078e-01 -2.834127247333526611e-01
-6.242028996348381042e-02 6.192944645881652832e-01
-6.994753479957580566e-01 -4.330130815505981445e-01
-1.233371496200561523e-01 3.761857151985168457e-01
-5.065447092056274414e-02 6.208403110504150391e-01
-5.126014724373817444e-02 6.288692355155944824e-01
4.735112190246582031e-01 5.504929423332214355e-01
5.424033403396606445e-01 -1.017170697450637817e-01
-5.930882692337036133e-01 -3.240338563919067383e-01
-3.780076801776885986e-01 3.921742737293243408e-01
-5.126768350601196289e-01 -1.228607669472694397e-01
6.269145607948303223e-01 4.342806637287139893e-01
3.222054839134216309e-01 -3.984393477439880371e-01
-4.875515997409820557e-01 3.312771022319793701e-01
-4.698928594589233398e-01 2.689823508262634277e-01
1.832693815231323242e-01 -9.947694092988967896e-02
4.491283297538757324e-01 1.329144835472106934e-01
-4.602154791355133057e-01 2.562528848648071289e-01
-7.310998439788818359e-01 -4.935666322708129883e-01
4.384365081787109375e-01 6.001734137535095215e-01
-1.299430336803197861e-02 -3.682027757167816162e-01
-2.804784178733825684e-01 -2.929535508155822754e-01
-5.160303786396980286e-02 6.431068778038024902e-01
-6.671445369720458984e-01 -4.102312624454498291e-01
3.496826589107513428e-01 -3.878799676895141602e-01
-4.954595584422349930e-03 -5.089084506034851074e-01
-6.145652532577514648e-01 -3.328784406185150146e-01
-7.180561423301696777e-01 -4.621658921241760254e-01
-5.544780492782592773e-01 -4.536402225494384766e-01
-4.764390289783477783e-01 1.729373484849929810e-01
-2.323682885617017746e-03 -5.206265449523925781e-01
6.097803115844726562e-01 4.068334698677062988e-01
-4.683097898960113525e-01 -4.236462414264678955e-01
-7.020865082740783691e-01 -4.343445301055908203e-01
-9.645289927721023560e-02 -3.577596843242645264e-01
-1.716647855937480927e-02 -5.110172629356384277e-01
6.898980140686035156e-01 5.748870968818664551e-01
-3.733991682529449463e-01 -3.984545469284057617e-01
5.005804300308227539e-01 1.801206916570663452e-01
5.997667908668518066e-01 -1.855110526084899902e-01
-5.596292614936828613e-01 -4.175751507282257080e-01
-3.723902162164449692e-03 -5.053425431251525879e-01
-5.118589475750923157e-02 6.414328217506408691e-01
-4.665810763835906982e-01 1.341119501739740372e-02
-5.153247117996215820e-01 4.080056250095367432e-01
-5.217756330966949463e-02 6.415284872055053711e-01
6.878941655158996582e-01 5.286046862602233887e-01
-4.758749902248382568e-01 -1.054338514804840088e-01
5.094905495643615723e-01 -3.540595471858978271e-01
-2.580787539482116699e-01 3.506023585796356201e-01
-6.638513207435607910e-01 -4.803225994110107422e-01
5.302315354347229004e-01 2.736891508102416992e-01
4.598192125558853149e-02 -4.793439507484436035e-01
-5.033122301101684570e-01 3.002575635910034180e-01
-5.341164469718933105e-01 4.382056891918182373e-01
-1.707427799701690674e-01 -4.443701505661010742e-01
5.681846141815185547e-01 -3.767818212509155273e-01
-5.184926092624664307e-02 6.500830650329589844e-01
-5.366832613945007324e-01 4.380623698234558105e-01
6.814349889755249023e-01 5.288212895393371582e-01
-1.995799131691455841e-02 -4.887062013149261475e-01
-5.181525647640228271e-02 6.485561132431030273e-01
-4.886041581630706787e-02 -4.881399273872375488e-01
7.119380235671997070e-01 -3.485656678676605225e-01
-3.424866124987602234e-02 -4.686773121356964111e-01
-4.845095872879028320e-01 -2.451596036553382874e-02
3.214134275913238525e-01 -1.479211300611495972e-01
-4.054923057556152344e-01 -8.461584150791168213e-02
1.935165226459503174e-01 5.894661545753479004e-01
-2.202432602643966675e-01 1.696184873580932617e-01
6.575648486614227295e-02 -3.937239348888397217e-01
-4.174669384956359863e-01 4.665093123912811279e-01
6.629502177238464355e-01 5.030882358551025391e-01
5.430141687393188477e-01 2.936464548110961914e-01
6.254526972770690918e-02 -2.991106808185577393e-01
2.672158777713775635e-01 -3.717924952507019043e-01
-2.033311426639556885e-01 5.197048783302307129e-01
5.407850146293640137e-01 3.139008879661560059e-01
-3.361467123031616211e-01 -9.365331381559371948e-02
-5.367507338523864746e-01 4.256445467472076416e-01
-1.303863823413848877e-01 -4.828031659126281738e-01
5.953453183174133301e-01 -3.616779148578643799e-01
-5.275223776698112488e-02 6.333132386207580566e-01
6.683331727981567383e-01 -3.136520385742187500e-01
-6.017554402351379395e-01 -3.904699981212615967e-01
-6.126458644866943359e-01 -3.106659352779388428e-01
4.879671931266784668e-01 3.790098428726196289e-01
4.000367522239685059e-01 -3.889666497707366943e-01
4.260103106498718262e-01 8.988023549318313599e-02
5.560587644577026367e-01 3.149165213108062744e-01
-4.940917193889617920e-01 2.331013977527618408e-01
7.455161809921264648e-01 -3.238742351531982422e-01
-4.827042222023010254e-01 1.429289579391479492e-01
6.843484640121459961e-01 5.223153233528137207e-01
3.644390730187296867e-03 -5.089687705039978027e-01
-5.626481771469116211e-02 5.638083219528198242e-01
5.939716100692749023e-01 4.026958048343658447e-01
-1.731746941804885864e-01 2.818865776062011719e-01
3.085356950759887695e-01 -1.550057679414749146e-01
5.959014296531677246e-01 -1.947645246982574463e-01
-4.373833835124969482e-01 -1.822383552789688110e-01
-5.133404862135648727e-03 -4.907246828079223633e-01
-5.140068009495735168e-02 6.415892839431762695e-01
-5.015594363212585449e-01 2.581800818443298340e-01
2.761422395706176758e-01 -2.191033661365509033e-01
5.126821994781494141e-01 -9.616006165742874146e-02
-4.673340320587158203e-01 2.036963216960430145e-02
4.864858984947204590e-01 -3.340015113353729248e-01
5.853431820869445801e-01 5.331646800041198730e-01
-6.748639345169067383e-01 -4.165849387645721436e-01
-3.062953939661383629e-03 -4.157722890377044678e-01
4.924869537353515625e-01 2.128412872552871704e-01
2.901287376880645752e-01 -4.037941098213195801e-01
-2.813312113285064697e-01 -1.989550441503524780e-01
-5.177031829953193665e-02 6.481810808181762695e-01
-5.161302536725997925e-02 6.420568227767944336e-01
6.224124506115913391e-02 3.089466392993927002e-01
7.061164379119873047e-01 -3.204242289066314697e-01
3.044623695313930511e-02 -3.519647419452667236e-01
6.849545836448669434e-01 -2.591153085231781006e-01
4.501017034053802490e-01 -2.863265275955200195e-01
1.873489022254943848e-01 2.728010714054107666e-01
-4.838250111788511276e-03 -4.952514767646789551e-01
-5.585234165191650391e-01 -2.253823578357696533e-01
2.066723555326461792e-01 -3.154394924640655518e-01
6.535855531692504883e-01 4.742084145545959473e-01
5.466222763061523438e-01 2.883132100105285645e-01
-1.136264484375715256e-02 2.647483944892883301e-01
8.498871326446533203e-02 -4.543731808662414551e-01
6.399740576744079590e-01 -2.144296914339065552e-01
2.379160523414611816e-01 5.219197273254394531e-01
-5.132286623120307922e-02 6.491546630859375000e-01
-3.328827917575836182e-01 -3.312250673770904541e-01
-5.074400454759597778e-02 6.472461223602294922e-01
-2.436870522797107697e-02 5.983774662017822266e-01
-4.237955510616302490e-01 1.830540895462036133e-01
5.551079511642456055e-01 -3.208501338958740234e-01
2.006659656763076782e-01 -3.132270574569702148e-01
-3.043380081653594971e-01 -3.783499896526336670e-01
7.035504579544067383e-01 -3.213526010513305664e-01
6.753970384597778320e-01 -2.838266193866729736e-01
-8.948266506195068359e-03 -5.112195611000061035e-01
-4.126287065446376801e-03 -5.134115219116210938e-01
-4.857026338577270508e-01 2.507317662239074707e-01
7.273810356855392456e-02 6.089243888854980469e-01
7.081566452980041504e-01 -3.628681302070617676e-01
7.867476344108581543e-02 -4.244702458381652832e-01
-4.571390524506568909e-02 5.928933024406433105e-01
-5.108810216188430786e-02 6.326161026954650879e-01
7.075867056846618652e-01 5.670560598373413086e-01
-4.992006421089172363e-01 2.396695613861083984e-01
-4.752951562404632568e-01 4.929763078689575195e-02
5.765683650970458984e-01 3.411272764205932617e-01
4.791541695594787598e-01 5.954090133309364319e-02
-4.427632689476013184e-01 -4.529148340225219727e-01
-6.535779237747192383e-01 -3.666696548461914062e-01
-5.005839467048645020e-01 2.402804940938949585e-01
-5.079662799835205078e-01 -1.611591130495071411e-01
5.369089841842651367e-01 4.499208331108093262e-01
-4.946667328476905823e-02 6.369554996490478516e-01
-5.241577029228210449e-01 3.582609891891479492e-01
-5.212211012840270996e-01 -1.433450579643249512e-01
-5.102698877453804016e-02 6.290432214736938477e-01
1.876095309853553772e-02 -3.435609489679336548e-02
-8.853150159120559692e-02 6.173070073127746582e-01
-5.170813575387001038e-02 6.412603259086608887e-01
-5.170611664652824402e-02 6.448520421981811523e-01
-2.928903102874755859e-01 -6.410688161849975586e-02
-6.190503239631652832e-01 -4.266988337039947510e-01
6.064597964286804199e-01 -3.557038605213165283e-01
-4.600749537348747253e-02 6.196625828742980957e-01
-1.322148144245147705e-01 -4.392664432525634766e-01
6.641872525215148926e-01 4.875925481319427490e-01
6.887366175651550293e-01 -3.654362559318542480e-01
2.627238817512989044e-02 6.209250092506408691e-01
-4.534988105297088623e-02 6.380594968795776367e-01
-5.130726099014282227e-01 4.403549432754516602e-01
-6.837164163589477539e-01 -4.064601957798004150e-01
-5.165064334869384766e-01 -3.179029226303100586e-01
9.097320586442947388e-02 3.707329332828521729e-01
5.012464523315429688e-01 1.877717375755310059e-01
6.215624213218688965e-01 -1.912191063165664673e-01
6.123070716857910156e-01 4.038459062576293945e-01
-5.855007767677307129e-01 -2.802272140979766846e-01
7.092349976301193237e-02 -4.607689082622528076e-01
6.862589120864868164e-01 5.258848071098327637e-01
-1.803540140390396118e-01 6.148583441972732544e-02
4.897765219211578369e-01 1.711602061986923218e-01
7.485237121582031250e-01 -3.462879657745361328e-01
-5.383312702178955078e-02 5.772665739059448242e-01
6.063862442970275879e-01 -2.966454923152923584e-01
5.752369761466979980e-01 -1.328239291906356812e-01
7.290149927139282227e-01 -3.064638674259185791e-01
-4.113672375679016113e-01 2.324238270521163940e-01
9.823073446750640869e-02 -1.929536014795303345e-01
-6.379523277282714844e-01 -3.573852181434631348e-01
-6.132283210754394531e-01 -3.740679621696472168e-01
1.409449428319931030e-01 -8.653353899717330933e-02
-5.298289060592651367e-01 4.049313664436340332e-01
-6.901119947433471680e-01 -4.569222331047058105e-01
4.705093502998352051e-01 2.114558964967727661e-02
6.870844960212707520e-01 5.345490574836730957e-01
-4.504284560680389404e-01 2.116378843784332275e-01
-5.044830441474914551e-01 3.517175614833831787e-01
6.799705028533935547e-01 -3.071399331092834473e-01
-5.713718011975288391e-02 -5.034753680229187012e-01
-9.974845498800277710e-02 5.689347386360168457e-01
-4.896317720413208008e-01 1.806876808404922485e-01
-1.881355345249176025e-01 -2.000022679567337036e-01
8.403131365776062012e-02 5.521869063377380371e-01
-6.583921313285827637e-01 -4.465478658676147461e-01
-3.033311665058135986e-01 5.002022385597229004e-01
-1.007282137870788574e-01 4.796262383460998535e-01
5.315575003623962402e-01 3.071383237838745117e-01
-4.791099578142166138e-02 5.996586680412292480e-01
-6.160589456558227539e-01 -4.850474298000335693e-01
-1.818665117025375366e-01 4.344573616981506348e-01
-4.663059413433074951e-01 3.418867588043212891e-01
6.622623801231384277e-01 -3.332186639308929443e-01
-4.669877886772155762e-01 3.112079761922359467e-02
-5.085598230361938477e-01 4.549808800220489502e-01
-4.799831211566925049e-01 2.042324990034103394e-01
1.422244459390640259e-01 -3.464511930942535400e-01
-3.899864554405212402e-01 2.693952322006225586e-01
-4.823471009731292725e-01 1.396476291120052338e-03
-5.121010541915893555e-01 3.006580471992492676e-01
-6.033183261752128601e-02 6.216271519660949707e-01
9.277912974357604980e-02 6.115414500236511230e-01
-4.809174537658691406e-01 1.799013838171958923e-02
-4.586813747882843018e-01 -1.179292649030685425e-01
1.278506517410278320e-01 4.418877065181732178e-01
-2.016413062810897827e-01 5.503101348876953125e-01
3.941595554351806641e-01 3.308195769786834717e-01
-1.518657207489013672e-01 -4.054705500602722168e-01
-6.546488404273986816e-02 -2.081793099641799927e-01
-2.850668728351593018e-01 -4.261084794998168945e-01
