-7.190469503402709961e-01
4.199562072753906250e-01
5.631302595138549805e-01
6.324596405029296875e-01
-2.499770969152450562e-01
-7.438661456108093262e-01
9.905855059623718262e-01
-7.598356604576110840e-01
3.268123269081115723e-01
2.554993331432342529e-01
7.053481936454772949e-01
2.696994543075561523e-01
2.587198615074157715e-01
-6.815708875656127930e-01
6.880423426628112793e-01
7.567859888076782227e-01
2.533686161041259766e-01
-2.465402483940124512e-01
6.178965568542480469e-01
7.273362278938293457e-01
-9.188755154609680176e-01
5.435101985931396484e-01
4.643845260143280029e-01
2.505320012569427490e-01
5.775987505912780762e-01
-5.850302577018737793e-01
-9.658480882644653320e-01
2.252202033996582031e-01
-8.107764720916748047e-01
7.280142903327941895e-01
-8.169107437133789062e-01
7.231330275535583496e-01
-8.105198740959167480e-01
-8.243008255958557129e-01
5.611767768859863281e-01
3.273280560970306396e-01
-7.195611596107482910e-01
-4.129134118556976318e-01
6.426319479942321777e-01
5.523443222045898438e-01
5.634585618972778320e-01
7.569004297256469727e-01
-2.599276304244995117e-01
-5.834200382232666016e-01
-6.648969650268554688e-01
-7.972679138183593750e-01
-5.287086963653564453e-01
-6.536859273910522461e-01
2.522061467170715332e-01
3.245603442192077637e-01
-4.464897215366363525e-01
-5.990465283393859863e-01
-6.279348134994506836e-01
-8.695628046989440918e-01
-6.308401823043823242e-01
5.204867720603942871e-01
4.562787711620330811e-01
6.896041035652160645e-01
2.464007288217544556e-01
3.359696865081787109e-01
4.774971008300781250e-01
-2.441631257534027100e-01
-7.518626451492309570e-01
-8.127659559249877930e-01
-5.816295742988586426e-01
-8.116930723190307617e-01
7.324621677398681641e-01
6.176949143409729004e-01
-5.715299844741821289e-01
-5.689544677734375000e-01
7.876953482627868652e-01
5.269744992256164551e-01
8.512309789657592773e-01
-7.782683372497558594e-01
-4.896560907363891602e-01
6.700968742370605469e-01
2.509842216968536377e-01
-9.721749424934387207e-01
4.536463916301727295e-01
-5.833044648170471191e-01
5.483505725860595703e-01
7.338746190071105957e-01
-5.158606767654418945e-01
4.222684800624847412e-01
-3.041534423828125000e-01
-8.834820985794067383e-01
9.827162623405456543e-01
2.385784536600112915e-01
-5.090437531471252441e-01
-9.075658917427062988e-01
4.225832521915435791e-01
-5.856721401214599609e-01
2.528551518917083740e-01
9.969865679740905762e-01
6.730355024337768555e-01
1.041762605309486389e-01
2.509301602840423584e-01
-5.898427367210388184e-01
-8.193137049674987793e-01
-3.369701504707336426e-01
-6.187298521399497986e-02
-5.230190157890319824e-01
6.559759378433227539e-01
-8.266017436981201172e-01
-9.101583361625671387e-01
2.529980838298797607e-01
-5.704786777496337891e-01
4.095527529716491699e-01
4.097487926483154297e-01
-8.202484846115112305e-01
-2.320555448532104492e-01
4.579462110996246338e-01
-7.751215696334838867e-01
4.556142091751098633e-01
-2.829405367374420166e-01
-5.693167448043823242e-01
4.222690761089324951e-01
6.247211098670959473e-01
-5.557364821434020996e-01
2.546392381191253662e-01
-2.985639870166778564e-01
-6.486768126487731934e-01
-5.673414468765258789e-01
6.516004800796508789e-01
7.657830715179443359e-01
-7.030609846115112305e-01
-2.373187392950057983e-01
-6.112504005432128906e-01
-7.431209683418273926e-01
-5.803809762001037598e-01
-2.833388447761535645e-01
2.531538605690002441e-01
-5.613807439804077148e-01
2.519190311431884766e-01
5.253263711929321289e-01
-5.578900575637817383e-01
2.539145946502685547e-01
2.014550268650054932e-01
-2.380379587411880493e-01
5.920441150665283203e-01
-9.044511914253234863e-01
-5.692049264907836914e-01
4.801925420761108398e-01
-5.835804939270019531e-01
-6.841772198677062988e-01
7.159824371337890625e-01
-5.796887874603271484e-01
-7.060786485671997070e-01
-7.800751924514770508e-01
-2.740355730056762695e-01
4.222747683525085449e-01
-5.848683118820190430e-01
4.226854741573333740e-01
-8.103147745132446289e-01
7.161535024642944336e-01
-2.349676042795181274e-01
2.248019129037857056e-01
2.675040066242218018e-01
-8.174311518669128418e-01
-5.507628917694091797e-01
-2.480938881635665894e-01
-5.660132169723510742e-01
-5.791645646095275879e-01
9.962372183799743652e-01
-6.694566607475280762e-01
2.797729372978210449e-01
6.650424599647521973e-01
5.295773148536682129e-01
4.882189035415649414e-01
4.601315259933471680e-01
4.222622215747833252e-01
-6.033945083618164062e-01
4.150962829589843750e-01
2.544729113578796387e-01
-5.545355081558227539e-01
2.539027631282806396e-01
8.224379420280456543e-01
2.526796162128448486e-01
2.566788494586944580e-01
-4.999427497386932373e-01
-8.508962988853454590e-01
8.492969870567321777e-01
-8.068055510520935059e-01
2.521795928478240967e-01
2.528690993785858154e-01
2.296676337718963623e-01
-7.687633633613586426e-01
6.145581603050231934e-01
4.770368337631225586e-01
-7.726840376853942871e-01
-9.038305878639221191e-01
9.349203705787658691e-01
-2.421451807022094727e-01
-5.811181664466857910e-01
-6.628916263580322266e-01
-2.592502236366271973e-01
2.507196068763732910e-01
-2.492652684450149536e-01
-6.504300236701965332e-01
-2.788637578487396240e-01
4.675810635089874268e-01
-6.616732478141784668e-01
2.557578384876251221e-01
-3.433478474617004395e-01
2.939591705799102783e-01
-2.364043295383453369e-01
-5.789027214050292969e-01
6.077207922935485840e-01
4.518373310565948486e-01
6.471522450447082520e-01
5.597439408302307129e-01
5.835392475128173828e-01
-6.641989946365356445e-01
-2.376944869756698608e-01
2.349928319454193115e-01
-2.523818612098693848e-01
6.958781480789184570e-01
-4.339508116245269775e-01
2.195065468549728394e-01
2.336993515491485596e-01
-9.251236319541931152e-01
-6.037043333053588867e-01
-2.484082281589508057e-01
-3.686201870441436768e-01
4.539366066455841064e-01
4.532962143421173096e-01
-2.329351156949996948e-01
-2.310152351856231689e-01
-7.159295678138732910e-01
-6.892948746681213379e-01
-2.436538934707641602e-01
4.536145925521850586e-01
-2.719224989414215088e-01
-7.791827917098999023e-01
-2.370712906122207642e-01
-7.800655961036682129e-01
-5.620037317276000977e-01
6.036555171012878418e-01
-7.983607649803161621e-01
2.841956615447998047e-01
4.214847385883331299e-01
-7.984108924865722656e-01
-2.371734976768493652e-01
-6.469089388847351074e-01
-8.050265312194824219e-01
4.375679492950439453e-01
-7.033733725547790527e-01
-7.735361456871032715e-01
-9.817739129066467285e-01
-3.385359942913055420e-01
-5.624397397041320801e-01
2.510434389114379883e-01
-5.785191655158996582e-01
-8.271462917327880859e-01
5.471812486648559570e-01
7.001633048057556152e-01
-8.094015121459960938e-01
-2.360072284936904907e-01
2.513070106506347656e-01
4.629006683826446533e-01
4.824599623680114746e-01
7.276571989059448242e-01
-7.859778404235839844e-01
4.168092608451843262e-01
9.996529817581176758e-01
8.273098468780517578e-01
4.504572153091430664e-01
6.949249505996704102e-01
6.224600076675415039e-01
-5.699665546417236328e-01
-6.200469732284545898e-01
2.532332837581634521e-01
4.949074983596801758e-01
-2.795219719409942627e-01
5.573774576187133789e-01
6.197769641876220703e-01
6.617215275764465332e-01
-6.106179952621459961e-01
2.478153109550476074e-01
2.495619654655456543e-01
-2.545126080513000488e-01
2.513175010681152344e-01
6.207857131958007812e-01
-7.621529698371887207e-01
2.390431612730026245e-01
4.338038265705108643e-01
1.840897798538208008e-01
-8.762800693511962891e-01
2.567183971405029297e-01
-8.411958217620849609e-01
-2.359331548213958740e-01
4.275119900703430176e-01
-8.424463868141174316e-01
-2.540630996227264404e-01
2.556698024272918701e-01
-7.811604142189025879e-01
-9.281704425811767578e-01
-2.316711694002151489e-01
5.400405526161193848e-01
7.260180711746215820e-01
-2.384895831346511841e-01
4.142844974994659424e-01
-2.310609370470046997e-01
2.527070641517639160e-01
2.527921199798583984e-01
4.235494732856750488e-01
6.918236613273620605e-01
2.555259764194488525e-01
-8.089234232902526855e-01
-2.315810322761535645e-01
-9.963084459304809570e-01
-8.492391705513000488e-01
-2.385272979736328125e-01
4.311196804046630859e-01
5.210865736007690430e-01
4.907832741737365723e-01
2.504785060882568359e-01
2.486781030893325806e-01
-2.307794392108917236e-01
-1.974450796842575073e-01
2.529146373271942139e-01
2.524752616882324219e-01
-7.806249856948852539e-01
8.399540781974792480e-01
2.460900992155075073e-01
4.118641912937164307e-01
-3.156562745571136475e-01
-6.735218167304992676e-01
4.200461506843566895e-01
2.510372996330261230e-01
-2.503215074539184570e-01
-8.587847948074340820e-01
-7.791575193405151367e-01
-5.908759236335754395e-01
-3.936799168586730957e-01
-5.583223700523376465e-01
-2.869570255279541016e-01
2.524420022964477539e-01
2.504314482212066650e-01
-6.663132309913635254e-01
5.762072205543518066e-01
-2.609780728816986084e-01
-7.887085080146789551e-01
-3.266795277595520020e-01
-7.508109211921691895e-01
-6.755517125129699707e-01
-2.704920172691345215e-01
3.276486396789550781e-01
-7.313609123229980469e-01
-6.044912934303283691e-01
-6.828744411468505859e-01
6.583179235458374023e-01
2.908595502376556396e-01
2.364014089107513428e-01
-2.458628565073013306e-01
-8.133408427238464355e-01
6.003481745719909668e-01
-2.553609907627105713e-01
-2.619623541831970215e-01
6.011558771133422852e-01
-2.512626647949218750e-01
6.895216107368469238e-01
4.203642010688781738e-01
4.393714666366577148e-01
2.508932948112487793e-01
-2.314287275075912476e-01
-2.652778923511505127e-01
-5.025931596755981445e-01
-4.729446470737457275e-01
-6.885476112365722656e-01
3.904175758361816406e-01
-6.771089434623718262e-01
-5.585565567016601562e-01
6.614976525306701660e-01
7.566402554512023926e-01
-2.749714553356170654e-01
2.028667479753494263e-01
2.527227103710174561e-01
-8.007038235664367676e-01
-2.538094818592071533e-01
2.137297838926315308e-01
-8.469898104667663574e-01
-8.144285678863525391e-01
-2.851037085056304932e-01
-5.722241997718811035e-01
-7.514677643775939941e-01
-4.923528134822845459e-01
2.570675611495971680e-01
-5.056414604187011719e-01
-2.421902865171432495e-01
-2.430915236473083496e-01
-5.764396190643310547e-01
-3.536338508129119873e-01
4.107489585876464844e-01
-5.667324662208557129e-01
4.254231154918670654e-01
4.523267447948455811e-01
-2.939678728580474854e-01
-2.650672495365142822e-01
6.913840770721435547e-01
9.928536415100097656e-01
-2.379087358713150024e-01
-2.379401773214340210e-01
-7.962782979011535645e-01
-5.786982178688049316e-01
6.794676184654235840e-01
-8.046373128890991211e-01
4.939351081848144531e-01
-2.347763031721115112e-01
-2.317093014717102051e-01
-6.387817859649658203e-01
-2.587327063083648682e-01
-2.307827025651931763e-01
-6.704863905906677246e-01
5.056140422821044922e-01
7.461961507797241211e-01
6.771621108055114746e-01
-8.098555207252502441e-01
-5.175058841705322266e-01
2.485612332820892334e-01
-7.217581868171691895e-01
5.598140358924865723e-01
-2.446739077568054199e-01
2.435816824436187744e-01
2.528977692127227783e-01
6.462830305099487305e-01
-5.686495304107666016e-01
7.774122357368469238e-01
-8.038564324378967285e-01
2.649118602275848389e-01
-5.010688900947570801e-01
4.245252609252929688e-01
-8.602375984191894531e-01
3.159128427505493164e-01
-4.422996044158935547e-01
-2.470172643661499023e-01
2.502509951591491699e-01
3.301503062248229980e-01
-8.183236718177795410e-01
-8.072649836540222168e-01
-2.649594545364379883e-01
-5.800146460533142090e-01
-2.471098899841308594e-01
-4.711535274982452393e-01
-2.539349496364593506e-01
-7.833607792854309082e-01
4.288480579853057861e-01
4.224304854869842529e-01
5.007053613662719727e-01
6.537885665893554688e-01
5.149697661399841309e-01
-5.775675177574157715e-01
3.133849799633026123e-01
-8.049566745758056641e-01
-2.323586493730545044e-01
-5.329191684722900391e-01
-7.968742251396179199e-01
-5.656384229660034180e-01
6.617916226387023926e-01
-5.658612847328186035e-01
6.273877024650573730e-01
2.427458614110946655e-01
4.661630988121032715e-01
-5.481859445571899414e-01
7.310650348663330078e-01
-2.515229880809783936e-01
5.474085211753845215e-01
4.308280944824218750e-01
4.589144885540008545e-01
2.559673786163330078e-01
-2.781740427017211914e-01
3.289065062999725342e-01
-5.827291011810302734e-01
-6.835085749626159668e-01
-2.471670210361480713e-01
-2.503790557384490967e-01
4.658388793468475342e-01
1.774286776781082153e-01
6.286275386810302734e-01
2.515920102596282959e-01
2.006880491971969604e-01
6.713933348655700684e-01
5.399416089057922363e-01
2.515887618064880371e-01
1.653690338134765625e-01
2.534085512161254883e-01
-5.635516047477722168e-01
-7.858991026878356934e-01
7.594882845878601074e-01
-9.138037562370300293e-01
-2.414199411869049072e-01
-8.354947566986083984e-01
-3.154875636100769043e-01
-5.613834857940673828e-01
4.736233949661254883e-01
3.859226107597351074e-01
5.975536704063415527e-01
2.004239112138748169e-01
-2.792506515979766846e-01
5.590869188308715820e-01
2.556401789188385010e-01
-7.775647640228271484e-01
2.889941036701202393e-01
3.626706004142761230e-01
-2.474980205297470093e-01
-5.675759911537170410e-01
-2.361214309930801392e-01
-5.703339576721191406e-01
3.252907693386077881e-01
6.278178691864013672e-01
-5.686346888542175293e-01
5.856119990348815918e-01
2.527857422828674316e-01
2.516075074672698975e-01
-7.944748997688293457e-01
2.537497580051422119e-01
2.512498199939727783e-01
-2.962657213211059570e-01
3.910219967365264893e-01
-2.574061155319213867e-01
-7.330861687660217285e-01
2.516103088855743408e-01
2.508910596370697021e-01
-2.333790957927703857e-01
4.954595863819122314e-01
2.613651752471923828e-01
-8.283182382583618164e-01
-2.373848259449005127e-01
5.277301073074340820e-01
-2.990968823432922363e-01
-7.647016048431396484e-01
-5.826875567436218262e-01
-5.859175324440002441e-01
4.525912404060363770e-01
3.919209837913513184e-01
-1.733617782592773438e-01
2.264949381351470947e-01
-5.886350870132446289e-01
-5.159947276115417480e-01
2.181806415319442749e-01
-8.130788803100585938e-01
-2.334471791982650757e-01
-7.465761899948120117e-01
-3.522317111492156982e-01
2.531017363071441650e-01
4.535414874553680420e-01
4.219001233577728271e-01
-7.712622880935668945e-01
-2.503238618373870850e-01
-8.054487705230712891e-01
5.406976938247680664e-01
6.792765855789184570e-01
6.994097232818603516e-01
3.141092956066131592e-01
5.081969499588012695e-01
-2.362003326416015625e-01
-6.552925109863281250e-01
-8.097430467605590820e-01
7.797149419784545898e-01
-5.874837040901184082e-01
-6.532191634178161621e-01
-2.401184588670730591e-01
5.051521062850952148e-01
3.230831325054168701e-01
-4.038240015506744385e-01
-6.723562479019165039e-01
2.514469325542449951e-01
-4.586928486824035645e-01
5.798532366752624512e-01
4.652400016784667969e-01
-6.523132920265197754e-01
-3.150101304054260254e-01
-8.115344047546386719e-01
-2.310479134321212769e-01
-5.472987890243530273e-01
-5.551787018775939941e-01
-7.690562009811401367e-01
2.478126287460327148e-01
2.450731843709945679e-01
-5.753124356269836426e-01
-5.701490044593811035e-01
4.472332000732421875e-01
4.222776889801025391e-01
-5.315647721290588379e-01
-6.338524818420410156e-01
5.889478325843811035e-01
-5.807073116302490234e-01
-5.664459466934204102e-01
2.529744505882263184e-01
8.502303957939147949e-01
3.814153671264648438e-01
-2.320373207330703735e-01
2.536948919296264648e-01
7.547167539596557617e-01
-5.861056447029113770e-01
-8.072714805603027344e-01
2.539237439632415771e-01
-6.618334650993347168e-01
7.584162950515747070e-01
4.251282215118408203e-01
-2.569670379161834717e-01
-5.754572153091430664e-01
9.995147585868835449e-01
-5.783522725105285645e-01
-5.889883637428283691e-01
2.750648260116577148e-01
2.513837218284606934e-01
-5.784221887588500977e-01
-2.753494381904602051e-01
4.485220015048980713e-01
-9.727621078491210938e-01
-5.239551067352294922e-01
4.557181000709533691e-01
5.390753746032714844e-01
-7.228832840919494629e-01
-2.731668353080749512e-01
4.244396388530731201e-01
4.339292347431182861e-01
2.518105208873748779e-01
4.502709507942199707e-01
4.407147169113159180e-01
-7.753669619560241699e-01
-5.151192545890808105e-01
2.524747252464294434e-01
-2.565099000930786133e-01
8.809360861778259277e-02
-5.810622870922088623e-02
4.396773278713226318e-01
-5.783295631408691406e-01
-7.691643238067626953e-01
7.779212594032287598e-01
4.534248113632202148e-01
4.526065886020660400e-01
5.095126628875732422e-01
-2.408265471458435059e-01
3.708596229553222656e-01
-4.885315895080566406e-01
-8.034343719482421875e-01
7.286239862442016602e-01
4.246657788753509521e-01
-9.914174675941467285e-01
6.379289031028747559e-01
-5.832447409629821777e-01
-8.280020356178283691e-01
7.341570854187011719e-01
3.371005058288574219e-01
4.241546094417572021e-01
-3.050557971000671387e-01
7.995530366897583008e-01
-8.507147431373596191e-01
-2.349643409252166748e-01
4.878883659839630127e-01
-2.621706426143646240e-01
2.530914843082427979e-01
5.262523889541625977e-01
5.024936199188232422e-01
-5.793107748031616211e-01
2.943030595779418945e-01
-2.977916300296783447e-01
2.519735097885131836e-01
-5.525028705596923828e-01
-5.887816548347473145e-01
2.767682671546936035e-01
-2.354881614446640015e-01
-6.422291398048400879e-01
5.552401542663574219e-01
-5.217707157135009766e-01
6.642754673957824707e-01
1.883158236742019653e-01
6.594232916831970215e-01
3.765850663185119629e-01
-5.738845467567443848e-01
2.527061700820922852e-01
2.463500052690505981e-01
-7.556293010711669922e-01
-5.599197149276733398e-01
3.304809331893920898e-01
-7.825260162353515625e-01
4.293718934059143066e-01
5.557017922401428223e-01
-6.680420041084289551e-01
-5.244389772415161133e-01
5.603541731834411621e-01
-2.514748573303222656e-01
-5.642653107643127441e-01
2.537310123443603516e-01
2.531408965587615967e-01
9.993324279785156250e-01
-6.580750942230224609e-01
2.543034255504608154e-01
5.309317111968994141e-01
-2.820867300033569336e-01
-5.030342340469360352e-01
6.776661872863769531e-01
-3.641556501388549805e-01
-8.118409514427185059e-01
2.875899672508239746e-01
-7.610341310501098633e-01
-5.814908742904663086e-01
6.738141179084777832e-01
-5.799164772033691406e-01
-5.698031187057495117e-01
-3.539687693119049072e-01
-8.162363171577453613e-01
9.082551002502441406e-01
7.570163011550903320e-01
4.928093254566192627e-01
-5.886406898498535156e-01
7.530724406242370605e-01
-6.062615513801574707e-01
2.512499392032623291e-01
-7.434017062187194824e-01
-5.693344473838806152e-01
-6.140912771224975586e-01
5.302657485008239746e-01
-7.618942260742187500e-01
-8.004351854324340820e-01
-5.662015080451965332e-01
6.637636423110961914e-01
2.524075210094451904e-01
4.002945721149444580e-01
4.323337972164154053e-01
-2.808521986007690430e-01
2.516947388648986816e-01
-2.538281679153442383e-01
2.528599500656127930e-01
-2.578553855419158936e-01
3.863938748836517334e-01
2.562360465526580811e-01
4.712344110012054443e-01
2.519215941429138184e-01
-2.873543202877044678e-01
6.718613505363464355e-01
-6.714835166931152344e-01
-2.678255140781402588e-01
2.519631385803222656e-01
-5.692448616027832031e-01
-8.237894773483276367e-01
2.719430327415466309e-01
-8.822339773178100586e-01
6.654919385910034180e-01
4.450489580631256104e-01
2.989133894443511963e-01
-3.446268439292907715e-01
-2.386617064476013184e-01
8.645408153533935547e-01
-5.725458264350891113e-01
8.599402904510498047e-01
-7.262383103370666504e-01
-5.886107087135314941e-01
9.020369648933410645e-01
-4.666948616504669189e-01
3.092775940895080566e-01
4.267788827419281006e-01
6.852903366088867188e-01
2.495502382516860962e-01
4.260040521621704102e-01
-2.482616305351257324e-01
-7.444326877593994141e-01
2.523513734340667725e-01
8.457502126693725586e-01
4.296355545520782471e-01
-7.880004048347473145e-01
4.544545412063598633e-01
6.262020468711853027e-01
2.597432136535644531e-01
6.636987924575805664e-01
3.166760504245758057e-01
2.533150613307952881e-01
2.539701461791992188e-01
-9.253475069999694824e-01
-6.032115817070007324e-01
6.424538493156433105e-01
3.589327633380889893e-01
5.774843096733093262e-01
-7.762383222579956055e-01
-2.817785441875457764e-01
4.512662291526794434e-01
4.687499701976776123e-01
-3.130917847156524658e-01
-6.664836406707763672e-01
4.690572321414947510e-01
6.847225427627563477e-01
-9.439348578453063965e-01
-2.495113909244537354e-01
9.985389113426208496e-01
2.521149516105651855e-01
6.679355502128601074e-01
-3.390792906284332275e-01
-2.311137020587921143e-01
6.408455371856689453e-01
6.690188050270080566e-01
7.779884338378906250e-01
4.883534610271453857e-01
-2.308366596698760986e-01
-7.664380669593811035e-01
8.416361212730407715e-01
6.625863909721374512e-01
-2.584292292594909668e-01
-2.319078892469406128e-01
-8.321168422698974609e-01
9.283372759819030762e-01
-6.876989006996154785e-01
-5.868930816650390625e-01
7.531768679618835449e-01
-2.314287871122360229e-01
2.522442340850830078e-01
5.370686054229736328e-01
4.190377593040466309e-01
2.532291710376739502e-01
-8.044863939285278320e-01
5.667046308517456055e-01
-5.086101293563842773e-01
3.253840506076812744e-01
7.234837412834167480e-01
-7.190386652946472168e-01
-2.397981584072113037e-01
4.582076668739318848e-01
4.201894700527191162e-01
-2.562587857246398926e-01
-5.046023726463317871e-01
2.504525780677795410e-01
4.217756688594818115e-01
-8.092644810676574707e-01
-2.333128154277801514e-01
2.508287429809570312e-01
-2.386939674615859985e-01
-5.643268227577209473e-01
-2.369110733270645142e-01
5.444995760917663574e-01
-4.151124656200408936e-01
5.745161175727844238e-01
-3.759056925773620605e-01
3.464108407497406006e-01
-2.518307864665985107e-01
3.729584217071533203e-01
-8.034517765045166016e-01
-7.262232899665832520e-01
-2.631643712520599365e-01
-2.779839634895324707e-01
2.907383143901824951e-01
-7.325632572174072266e-01
5.740063786506652832e-01
4.233978092670440674e-01
-2.498843371868133545e-01
-5.256314277648925781e-01
2.550902366638183594e-01
-5.600823163986206055e-01
6.912143230438232422e-01
6.365128159523010254e-01
-8.405852317810058594e-01
-4.503512978553771973e-01
-6.515199542045593262e-01
-7.336308360099792480e-01
4.661513268947601318e-01
-5.811531543731689453e-01
4.927394688129425049e-01
-8.026357293128967285e-01
-2.339894771575927734e-01
2.569761574268341064e-01
-7.695223689079284668e-01
3.441888988018035889e-01
-3.915870189666748047e-01
-5.868676900863647461e-01
6.962401270866394043e-01
-2.322817891836166382e-01
2.524248361587524414e-01
4.580138325691223145e-01
-3.088015913963317871e-01
-5.937646627426147461e-01
5.334588885307312012e-01
-5.043503046035766602e-01
-8.703321218490600586e-01
6.682688593864440918e-01
-2.425984442234039307e-01
-6.958429813385009766e-01
-2.671633362770080566e-01
9.702734351158142090e-01
2.510416507720947266e-01
2.525772750377655029e-01
-1.197316497564315796e-01
-5.679526329040527344e-01
-2.550808489322662354e-01
-5.792261958122253418e-01
-4.877932071685791016e-01
-9.774809479713439941e-01
-2.319426387548446655e-01
6.129767298698425293e-01
-2.761090695858001709e-01
-7.889663577079772949e-01
-7.256878614425659180e-01
9.477739781141281128e-02
-2.423805445432662964e-01
-5.799580216407775879e-01
-9.822327494621276855e-01
2.504414021968841553e-01
9.716485142707824707e-01
2.506671845912933350e-01
2.370832115411758423e-01
4.821498692035675049e-01
-5.152810215950012207e-01
-2.752743065357208252e-01
9.991363286972045898e-01
-5.671219825744628906e-01
-5.709812641143798828e-01
-2.312383353710174561e-01
-2.309729158878326416e-01
4.692673385143280029e-01
2.413240671157836914e-01
-5.644101500511169434e-01
-2.481112778186798096e-01
2.448991686105728149e-01
2.532125413417816162e-01
-8.171908259391784668e-01
4.612129926681518555e-01
5.167884230613708496e-01
-7.434760332107543945e-01
-6.436634063720703125e-01
8.483858108520507812e-01
6.519829630851745605e-01
4.599004983901977539e-01
5.881145596504211426e-01
-8.591926097869873047e-01
2.517873942852020264e-01
4.393041133880615234e-01
5.862877368927001953e-01
2.535844743251800537e-01
-3.254881501197814941e-01
2.603864073753356934e-01
2.529353797435760498e-01
2.519788742065429688e-01
5.712764263153076172e-01
7.089818120002746582e-01
-5.315959453582763672e-01
2.496164143085479736e-01
-2.519989609718322754e-01
-7.924174666404724121e-01
-5.617956519126892090e-01
2.351330518722534180e-01
2.497030347585678101e-01
4.052142500877380371e-01
6.587516069412231445e-01
7.314137220382690430e-01
3.383285552263259888e-02
-6.904458403587341309e-01
-5.807498693466186523e-01
-7.650634646415710449e-01
6.251212954521179199e-01
-2.420090585947036743e-01
-8.037340641021728516e-01
3.459427654743194580e-01
-6.846520304679870605e-01
-5.701239705085754395e-01
2.553443312644958496e-01
-5.423109531402587891e-01
-5.898362994194030762e-01
-5.816587209701538086e-01
4.404382407665252686e-01
-2.833454012870788574e-01
6.487278938293457031e-01
6.686144471168518066e-01
-3.105632960796356201e-01
4.280801713466644287e-01
6.899951696395874023e-01
-6.378280520439147949e-01
-8.091638684272766113e-01
4.803588986396789551e-01
4.470981657505035400e-01
-5.650064349174499512e-01
-2.386620938777923584e-01
2.739588320255279541e-01
4.822836220264434814e-01
-4.798918962478637695e-05
2.427842170000076294e-01
7.013930678367614746e-01
3.153071403503417969e-01
2.924035489559173584e-01
-7.302857041358947754e-01
2.480090856552124023e-01
7.492759823799133301e-01
2.973623275756835938e-01
4.264366328716278076e-01
-5.546559095382690430e-01
5.283669233322143555e-01
4.023227989673614502e-01
4.799320101737976074e-01
-2.600987553596496582e-01
3.939541876316070557e-01
5.351426601409912109e-01
4.503808021545410156e-01
2.589791119098663330e-01
2.424542605876922607e-01
5.287979841232299805e-01
5.790750384330749512e-01
8.334177732467651367e-02
2.902998626232147217e-01
-8.788383007049560547e-01
-2.572866380214691162e-01
-2.748400866985321045e-01
9.997671246528625488e-01
