-3.746046125888824463e-01 -3.226062357425689697e-01
-4.949250817298889160e-01 6.469135880470275879e-01
-3.730267882347106934e-01 2.482340037822723389e-01
-3.573308289051055908e-01 3.595416992902755737e-02
-1.171252503991127014e-01 -7.717758417129516602e-02
-2.495941668748855591e-01 1.859225779771804810e-01
-3.255797326564788818e-01 1.651433259248733521e-01
-3.360711038112640381e-01 3.363992273807525635e-01
-3.342661857604980469e-01 1.964541375637054443e-01
-3.994838893413543701e-01 5.955901145935058594e-01
7.521909475326538086e-01 -4.672416448593139648e-01
-2.657884061336517334e-01 -2.926415391266345978e-02
-1.629256755113601685e-01 3.817874491214752197e-01
-1.850100457668304443e-01 2.931081354618072510e-01
-2.824912369251251221e-01 7.409037649631500244e-02
-3.357072472572326660e-01 9.578324109315872192e-02
-2.074970602989196777e-01 3.091018795967102051e-01
-5.288008973002433777e-02 3.630656749010086060e-02
-3.103132843971252441e-01 2.731426656246185303e-01
-4.566580951213836670e-01 1.136535480618476868e-01
-3.646762371063232422e-01 1.484441310167312622e-01
-2.547433674335479736e-01 1.849647015333175659e-01
-8.718079924583435059e-01 -2.176143079996109009e-01
-2.882025837898254395e-01 1.207713410258293152e-01
-2.781306505203247070e-01 3.783085346221923828e-01
-7.585328221321105957e-01 -3.872087970376014709e-02
-1.155386492609977722e-01 3.708312809467315674e-01
-1.596964895725250244e-01 3.110038340091705322e-01
-2.904482483863830566e-01 2.747821807861328125e-01
-3.983792364597320557e-01 5.103514064103364944e-03
-2.139258980751037598e-01 4.838799238204956055e-01
-7.680121809244155884e-02 -1.098046265542507172e-02
-4.417496323585510254e-01 -2.513184249401092529e-01
-3.889315724372863770e-01 1.174321323633193970e-01
-2.833835780620574951e-01 1.461909413337707520e-01
-1.449979096651077271e-01 -2.592469938099384308e-02
-4.424538910388946533e-01 3.842014074325561523e-01
-2.194317728281021118e-01 2.708460949361324310e-02
-5.847641453146934509e-02 7.283275127410888672e-01
-1.323738098144531250e-01 8.261549472808837891e-02
-1.462601125240325928e-01 -4.846178740262985229e-02
-4.251798987388610840e-01 3.154535964131355286e-02
-9.398701190948486328e-01 4.338215887546539307e-01
-6.089100837707519531e-01 -9.280554205179214478e-02
4.871228933334350586e-01 6.900620460510253906e-01
-2.629890441894531250e-01 3.114894628524780273e-01
-2.405462414026260376e-01 1.094581633806228638e-01
-5.567464828491210938e-01 2.184939682483673096e-01
-1.819944083690643311e-01 1.737089306116104126e-01
-3.798738121986389160e-01 1.293441653251647949e-01
-3.700777292251586914e-01 2.353500202298164368e-02
-3.438467383384704590e-01 -3.463549911975860596e-02
-6.038556694984436035e-01 2.372316122055053711e-01
-3.454440832138061523e-01 -1.326217651367187500e-01
-1.077227145433425903e-01 1.044064611196517944e-01
-3.000154495239257812e-01 1.909832507371902466e-01
-7.398453950881958008e-01 -6.610683798789978027e-01
-1.592341661453247070e-01 2.398997843265533447e-01
-3.573663830757141113e-01 1.564487218856811523e-01
2.998172342777252197e-01 5.774677395820617676e-01
-3.575845956802368164e-01 1.346097439527511597e-01
-8.961307406425476074e-01 -1.938504516147077084e-03
-3.915449380874633789e-01 2.913168668746948242e-01
-3.030785918235778809e-01 7.468625158071517944e-02
8.415052294731140137e-01 6.271527409553527832e-01
-3.579550385475158691e-01 -1.023200452327728271e-01
-1.411940604448318481e-01 3.587124347686767578e-01
-2.022873312234878540e-01 4.843296110630035400e-01
-1.904305070638656616e-01 -2.685628235340118408e-01
-3.647705912590026855e-01 1.891908496618270874e-01
-8.351133465766906738e-01 4.660794436931610107e-01
-2.863382399082183838e-01 -1.014685332775115967e-01
-4.104688763618469238e-01 8.063509315252304077e-02
-6.744427680969238281e-01 9.017588198184967041e-02
-1.942612230777740479e-01 2.603331208229064941e-01
-4.157578349113464355e-01 3.549866080284118652e-01
-1.280726045370101929e-01 3.033734261989593506e-01
-4.268077015876770020e-01 3.545107841491699219e-01
-6.983879804611206055e-01 3.227250874042510986e-01
-5.965686589479446411e-02 -1.445499714463949203e-02
-2.001038044691085815e-01 4.443683922290802002e-01
-1.596468389034271240e-01 2.315256744623184204e-01
-2.157689183950424194e-01 3.372964262962341309e-01
-3.879893720149993896e-01 1.201866716146469116e-01
-1.806610375642776489e-01 4.470954835414886475e-01
-1.457361429929733276e-01 -7.056970894336700439e-02
-6.243047118186950684e-01 2.417791932821273804e-01
-4.749085009098052979e-01 -9.816673398017883301e-02
-3.563453257083892822e-01 -8.816230110824108124e-03
-3.928847312927246094e-01 -5.387755483388900757e-02
-1.215612962841987610e-01 -1.437289360910654068e-02
-3.021739423274993896e-01 1.898555457592010498e-01
-2.750219106674194336e-01 2.648003995418548584e-01
-3.011547029018402100e-01 3.693475127220153809e-01
-3.285388052463531494e-01 -3.200669586658477783e-02
4.491822123527526855e-01 8.726865053176879883e-01
-2.111385613679885864e-01 3.541902005672454834e-01
-7.688459157943725586e-01 -1.813182085752487183e-01
-4.705374836921691895e-01 -7.659444957971572876e-02
1.636724472045898438e-01 2.078381031751632690e-01
-4.252702295780181885e-01 4.767270386219024658e-02
-5.421054959297180176e-01 3.441225886344909668e-01
7.119619846343994141e-01 -4.782234430313110352e-01
-4.051082432270050049e-01 2.440018765628337860e-02
-5.125569701194763184e-01 8.731761574745178223e-01
-9.393158555030822754e-02 8.998899720609188080e-03
-2.206599153578281403e-02 2.695214748382568359e-01
-4.633603394031524658e-01 1.348846256732940674e-01
-3.086255788803100586e-01 1.943335384130477905e-01
-7.708417177200317383e-01 4.353636503219604492e-02
-4.045301973819732666e-01 -3.160078777000308037e-03
-3.870189785957336426e-01 3.432943299412727356e-02
-3.147664070129394531e-01 -2.261122129857540131e-02
-2.518530488014221191e-01 3.581738471984863281e-01
5.532350540161132812e-01 1.409085746854543686e-02
-5.960596352815628052e-02 8.558487892150878906e-02
-5.113500356674194336e-01 1.173713579773902893e-01
-2.466499656438827515e-01 1.808417439460754395e-01
-5.979146957397460938e-01 7.134027779102325439e-02
-3.242012858390808105e-01 1.579317748546600342e-01
-2.541921436786651611e-01 2.177451401948928833e-01
-1.690039187669754028e-01 7.939951866865158081e-02
-4.015788733959197998e-01 4.373826086521148682e-01
-3.181788623332977295e-01 2.794383764266967773e-01
-1.835794150829315186e-01 4.456316530704498291e-01
9.904756546020507812e-01 8.033546209335327148e-01
-3.233788311481475830e-01 2.267432510852813721e-01
-2.791014015674591064e-01 5.544884204864501953e-01
-3.856792449951171875e-01 6.766564399003982544e-02
-3.930022120475769043e-01 2.209238559007644653e-01
-2.086224108934402466e-01 1.839988827705383301e-01
-1.257299333810806274e-01 3.887053430080413818e-01
-7.141903042793273926e-02 -4.901421442627906799e-02
-7.401470541954040527e-01 3.595306575298309326e-01
-4.929400980472564697e-01 -3.160081207752227783e-01
-4.610031247138977051e-01 5.290204882621765137e-01
-1.289692670106887817e-01 3.730259239673614502e-01
-3.489293754100799561e-01 1.494843810796737671e-01
-2.183077335357666016e-01 -2.760682404041290283e-01
-5.746292471885681152e-01 4.445044696331024170e-01
-6.540437340736389160e-01 4.798497557640075684e-01
-2.255795747041702271e-01 2.861172556877136230e-01
-5.281242132186889648e-01 -1.612007990479469299e-02
-6.329438090324401855e-02 6.833522347733378410e-04
-2.898028790950775146e-01 4.039777517318725586e-01
-3.544463515281677246e-01 8.032914251089096069e-02
-5.452451109886169434e-01 5.115063190460205078e-01
-1.118391528725624084e-01 3.929145336151123047e-01
-3.951415717601776123e-01 1.989233344793319702e-01
-3.509242236614227295e-01 4.314603209495544434e-01
1.835501641035079956e-01 5.993573069572448730e-01
-5.335904955863952637e-01 3.561891615390777588e-01
-2.455211132764816284e-01 1.237718239426612854e-01
-1.140710487961769104e-01 4.177983105182647705e-01
-2.145829647779464722e-01 -3.512935340404510498e-01
-2.584961056709289551e-01 2.651911973953247070e-01
-4.828502237796783447e-01 9.872602671384811401e-02
-3.622714281082153320e-01 -1.056532710790634155e-01
-3.804243206977844238e-01 3.229137361049652100e-01
-3.736988604068756104e-01 5.927433818578720093e-02
-3.256972134113311768e-01 2.302132546901702881e-02
-2.635790109634399414e-01 3.314433693885803223e-01
-1.793741136789321899e-01 1.881521195173263550e-01
-1.052887886762619019e-01 4.457372426986694336e-01
-5.594144463539123535e-01 4.860576987266540527e-01
-6.421844959259033203e-01 3.465093374252319336e-01
-8.285413980484008789e-01 1.288092415779829025e-02
-1.751279383897781372e-01 3.205790519714355469e-01
-2.125286906957626343e-01 -3.525860607624053955e-02
-2.536049187183380127e-01 1.737308949232101440e-01
-3.278239667415618896e-01 2.865153551101684570e-01
-2.979606389999389648e-01 1.816918402910232544e-01
-4.250444769859313965e-01 -8.911093324422836304e-02
-4.491512179374694824e-01 -1.612973660230636597e-01
-2.981893420219421387e-01 2.690841555595397949e-01
-3.305331170558929443e-01 1.256852447986602783e-01
-4.771380126476287842e-01 -3.713107109069824219e-02
-4.132792055606842041e-01 1.585185974836349487e-01
-3.381434977054595947e-01 2.103183120489120483e-01
-3.305039107799530029e-01 5.285427570343017578e-01
-5.955668687820434570e-01 -5.610266327857971191e-01
-6.940346956253051758e-02 -2.468204125761985779e-02
-2.924750745296478271e-01 -2.626704871654510498e-01
-1.255133301019668579e-01 -1.509831100702285767e-02
-4.406946599483489990e-01 -7.887765765190124512e-02
-3.215538561344146729e-01 2.677428424358367920e-01
-4.512561559677124023e-01 2.228202670812606812e-02
-3.485487699508666992e-01 -4.131453111767768860e-02
-4.098118245601654053e-01 9.814111888408660889e-02
-3.657242357730865479e-01 4.341144263744354248e-01
-8.375118970870971680e-01 -1.952930241823196411e-01
-9.497988969087600708e-02 3.658211231231689453e-01
-2.506920993328094482e-01 3.233307898044586182e-01
-2.125506550073623657e-01 3.197181522846221924e-01
-4.837082922458648682e-01 2.681787312030792236e-01
-3.716187179088592529e-02 -1.842509210109710693e-01
-2.371403872966766357e-01 2.416363358497619629e-01
1.771707981824874878e-01 -1.795181483030319214e-01
-2.298069745302200317e-01 3.094885349273681641e-01
-3.243007361888885498e-01 2.179593741893768311e-01
-3.370018005371093750e-01 4.501686096191406250e-01
-3.129895329475402832e-01 2.497217655181884766e-01
-2.176374197006225586e-01 3.993010818958282471e-01
-2.566046118736267090e-01 1.724932789802551270e-01
-2.237647175788879395e-01 5.718356966972351074e-01
-5.619527697563171387e-01 2.562552690505981445e-01
-3.378897011280059814e-01 1.075278893113136292e-01
-2.275944203138351440e-01 2.544955015182495117e-01
-2.772465646266937256e-01 2.163592725992202759e-01
-2.410543859004974365e-01 1.423384249210357666e-01
-3.259544372558593750e-01 3.971894085407257080e-02
-1.386606842279434204e-01 -3.171771764755249023e-02
-4.116995632648468018e-01 -2.153010964393615723e-01
-1.059611737728118896e-01 -2.438061535358428955e-01
-9.492788463830947876e-02 -4.659439250826835632e-02
-5.298255085945129395e-01 4.049356281757354736e-01
3.177801966667175293e-01 8.275107741355895996e-01
-2.716783285140991211e-01 2.244973629713058472e-01
-5.556482672691345215e-01 8.667163252830505371e-01
-2.531039714813232422e-01 3.646546900272369385e-01
-3.033076971769332886e-02 2.245039120316505432e-02
-1.950258761644363403e-01 4.638101160526275635e-01
-1.492962390184402466e-01 4.346135258674621582e-01
-2.560119926929473877e-01 2.567003071308135986e-01
-1.951368749141693115e-01 3.193098306655883789e-01
-4.895188212394714355e-01 6.283947825431823730e-02
-8.268291354179382324e-01 4.732366800308227539e-01
-1.924143284559249878e-01 3.716392815113067627e-01
-1.066721156239509583e-01 -1.635372638702392578e-01
-5.389049649238586426e-01 2.544456124305725098e-01
-3.141674101352691650e-01 7.603500038385391235e-02
-3.354772031307220459e-01 2.055500745773315430e-01
-4.161877334117889404e-01 3.129130601882934570e-01
-2.302366793155670166e-01 3.400248885154724121e-01
5.422068238258361816e-01 2.337405458092689514e-02
-3.242257237434387207e-01 1.639812588691711426e-01
-3.439077138900756836e-01 3.075702786445617676e-01
-2.226915359497070312e-01 1.048970296978950500e-01
-9.329549074172973633e-01 -6.607557833194732666e-02
-2.119765132665634155e-01 2.416572272777557373e-01
-1.903636306524276733e-01 3.367948830127716064e-01
7.282211780548095703e-01 6.285994052886962891e-01
-1.676404774188995361e-01 8.444197475910186768e-02
-5.588572025299072266e-01 6.948823481798171997e-02
-2.560335993766784668e-01 1.943322569131851196e-01
-8.158971667289733887e-01 3.769895732402801514e-01
-4.624127447605133057e-01 8.062685281038284302e-02
-4.390168786048889160e-01 9.599021822214126587e-02
-2.625043392181396484e-01 2.247094064950942993e-01
-3.984360396862030029e-01 7.821975648403167725e-02
-3.644847869873046875e-01 5.010430812835693359e-01
-6.689075231552124023e-01 6.114487648010253906e-01
-4.813498258590698242e-01 1.946237236261367798e-01
-1.471290439367294312e-01 2.825901210308074951e-01
-3.337259888648986816e-01 1.580931246280670166e-01
-3.518461585044860840e-01 9.627597033977508545e-02
-2.940947413444519043e-01 2.196087092161178589e-01
-2.827907204627990723e-01 2.108117938041687012e-01
-2.186590582132339478e-01 2.336600124835968018e-01
-3.335641622543334961e-01 -5.830813571810722351e-02
-2.995150685310363770e-01 6.789921224117279053e-02
-3.888258635997772217e-01 7.091573206707835197e-04
-2.743807435035705566e-01 3.187716603279113770e-01
-1.445206701755523682e-01 -1.829896867275238037e-01
-3.347640931606292725e-01 2.301428020000457764e-01
-3.227410316467285156e-01 1.717569828033447266e-01
-5.373486280441284180e-01 -7.575871050357818604e-02
-4.949519932270050049e-01 6.483361870050430298e-02
-3.489278554916381836e-01 4.599500894546508789e-01
6.828806996345520020e-01 5.138975977897644043e-01
-3.494340777397155762e-01 3.106097280979156494e-01
-3.299205303192138672e-01 3.165980800986289978e-02
-3.736696541309356689e-01 1.934377998113632202e-01
-3.013480007648468018e-01 1.943450719118118286e-01
-2.928402125835418701e-01 2.828907072544097900e-01
-3.867948651313781738e-01 1.149251535534858704e-01
-9.671197831630706787e-02 1.723825484514236450e-01
-4.466572105884552002e-01 1.087243631482124329e-01
-3.527845144271850586e-01 2.775506377220153809e-01
-2.219057381153106689e-01 -3.533958792686462402e-01
-2.876049578189849854e-01 2.991548478603363037e-01
-2.851047217845916748e-01 1.178975105285644531e-01
-1.436893045902252197e-01 -1.059874370694160461e-01
-1.745977848768234253e-01 -1.490657776594161987e-01
-2.137246578931808472e-01 2.661022841930389404e-01
-2.430571466684341431e-01 5.044791698455810547e-01
-8.108662813901901245e-02 2.263207174837589264e-02
-1.807875335216522217e-01 1.670726388692855835e-01
-3.671594858169555664e-01 1.353223621845245361e-01
-3.766764402389526367e-01 -2.168667688965797424e-02
-2.791525125503540039e-01 -8.030918985605239868e-02
-6.340045928955078125e-01 4.719017148017883301e-01
-3.897115290164947510e-01 9.403875470161437988e-02
-3.147436678409576416e-01 1.737497001886367798e-01
5.979638695716857910e-01 2.530226707458496094e-01
-5.081387758255004883e-01 4.185526072978973389e-02
-1.616522669792175293e-01 -6.776714324951171875e-02
-4.425776004791259766e-01 7.029658555984497070e-02
7.424945831298828125e-01 -2.954559326171875000e-01
-4.164533317089080811e-01 2.488126233220100403e-02
-5.570041537284851074e-01 -4.899329543113708496e-01
-3.233317136764526367e-01 4.796929955482482910e-01
6.493697166442871094e-01 5.892384648323059082e-01
-3.299665153026580811e-01 1.388279497623443604e-01
-4.601586759090423584e-01 4.443219900131225586e-01
-7.015596628189086914e-01 1.190491393208503723e-01
-4.234783723950386047e-02 2.785277925431728363e-02
-3.220731317996978760e-01 3.419344425201416016e-01
-2.514554858207702637e-01 2.534690499305725098e-01
-2.847584187984466553e-01 1.515007168054580688e-01
-6.492409706115722656e-01 4.770963490009307861e-01
-2.712326347827911377e-01 6.895647197961807251e-02
-1.597887873649597168e-01 -2.818664312362670898e-01
-1.537974923849105835e-01 -2.039963006973266602e-02
-1.378046274185180664e-01 -1.405592858791351318e-01
-9.006738662719726562e-02 -8.386055380105972290e-02
-2.615206539630889893e-01 2.695618271827697754e-01
-3.500154018402099609e-01 1.979253888130187988e-01
-1.612022519111633301e-01 3.700324594974517822e-01
-2.809138894081115723e-01 3.546532243490219116e-02
-1.858802884817123413e-01 -1.921159923076629639e-01
-8.551113009452819824e-01 5.774740576744079590e-01
-4.176567494869232178e-01 7.707037776708602905e-02
2.896032929420471191e-01 -1.446502655744552612e-01
-3.150363219901919365e-03 2.530005872249603271e-01
-4.128155112266540527e-01 -1.254011094570159912e-01
-5.296454951167106628e-02 -8.405145257711410522e-02
-1.577521413564682007e-01 5.353059172630310059e-01
-5.358194112777709961e-01 -7.990224659442901611e-02
-5.665413737297058105e-01 -2.034893482923507690e-01
-7.211038470268249512e-02 1.240789308212697506e-03
-4.427799880504608154e-01 3.665656223893165588e-02
-2.866802513599395752e-01 1.363120973110198975e-01
-2.831276059150695801e-01 2.478859573602676392e-01
-1.157757565379142761e-01 3.839578628540039062e-01
-2.271981537342071533e-01 3.049752116203308105e-01
4.116877168416976929e-02 4.287193715572357178e-01
-2.392024248838424683e-01 5.028283596038818359e-01
-3.198511004447937012e-01 1.912776827812194824e-01
-3.262765407562255859e-01 2.479547113180160522e-01
-4.592584967613220215e-01 1.107590422034263611e-01
-2.594837844371795654e-01 2.903747558593750000e-01
-5.826928019523620605e-01 4.747467637062072754e-01
-1.834630668163299561e-01 3.688968718051910400e-01
-7.536981254816055298e-02 -2.001952975988388062e-01
-1.480280160903930664e-01 3.628539741039276123e-01
-3.514401912689208984e-01 1.613150686025619507e-01
-2.504316568374633789e-01 1.890214085578918457e-01
-3.168622553348541260e-01 7.875285297632217407e-02
-2.306944429874420166e-01 1.888508647680282593e-01
-6.437751650810241699e-01 -1.261651068925857544e-01
-1.521429419517517090e-01 2.995122969150543213e-01
-3.138911724090576172e-01 2.112231254577636719e-01
-2.815451920032501221e-01 4.449813663959503174e-01
-3.894733488559722900e-01 -2.935068011283874512e-01
-5.902223587036132812e-01 -3.646553307771682739e-02
-2.736659348011016846e-01 2.322903424501419067e-01
-4.220010936260223389e-01 3.861348330974578857e-01
-2.440673857927322388e-01 3.173862099647521973e-01
2.509937882423400879e-01 6.786526441574096680e-01
-3.601791262626647949e-01 3.881647884845733643e-01
-3.938905298709869385e-01 -3.238491714000701904e-01
-2.371747940778732300e-01 4.362508356571197510e-01
-3.559327721595764160e-01 -1.761201620101928711e-01
4.231453835964202881e-01 3.422999382019042969e-01
-3.223967254161834717e-01 9.939192235469818115e-02
-5.556621551513671875e-01 4.586475193500518799e-01
-5.517888665199279785e-01 4.187942147254943848e-01
-3.511188626289367676e-01 1.572206616401672363e-01
-1.416089236736297607e-01 -1.034713163971900940e-01
-3.657779991626739502e-01 1.331158354878425598e-02
-4.323895275592803955e-01 -1.371333450078964233e-01
-3.807356059551239014e-01 -2.676139958202838898e-02
-2.525161504745483398e-01 1.983054280281066895e-01
-4.049689173698425293e-01 -4.339980427175760269e-03
-3.128229975700378418e-01 2.007244378328323364e-01
-3.185952603816986084e-01 9.848379343748092651e-02
-4.079916179180145264e-01 -3.574123680591583252e-01
-3.230077922344207764e-01 7.336436957120895386e-02
-1.065998747944831848e-01 3.920847773551940918e-01
-3.483377099037170410e-01 8.307615667581558228e-02
-4.115332067012786865e-01 5.261570587754249573e-02
-2.126322090625762939e-01 2.365028709173202515e-01
-8.636103570461273193e-02 -9.589684009552001953e-02
-9.862625002861022949e-01 3.467337787151336670e-01
-2.841620147228240967e-01 2.485561966896057129e-01
-1.889920085668563843e-01 -7.806718349456787109e-05
-2.497543394565582275e-01 2.385099232196807861e-01
-4.492205381393432617e-01 3.038814477622509003e-02
-3.713899254798889160e-01 1.220015585422515869e-01
-4.232828319072723389e-01 2.254635840654373169e-02
-7.206264883279800415e-02 -1.282758638262748718e-02
-3.387979865074157715e-01 1.580404341220855713e-01
-1.935306340456008911e-01 4.515381157398223877e-01
-3.243618905544281006e-01 5.345706641674041748e-02
-5.226904153823852539e-01 -8.239522576332092285e-02
-3.594580888748168945e-01 4.295613467693328857e-01
1.603264212608337402e-01 -1.005096733570098877e-01
-3.354776799678802490e-01 2.524637281894683838e-01
-3.620610237121582031e-01 1.997789591550827026e-01
-2.997736930847167969e-01 2.211171537637710571e-01
-3.470803201198577881e-01 9.468530118465423584e-02
-1.475170552730560303e-01 5.528520792722702026e-02
-2.761238813400268555e-01 4.658314585685729980e-01
6.704233884811401367e-01 4.673913717269897461e-01
-4.626220464706420898e-01 2.997785210609436035e-01
-9.593928605318069458e-02 3.819966316223144531e-01
-3.897630870342254639e-01 5.418691784143447876e-02
-3.342962563037872314e-01 8.248843252658843994e-02
-4.086224138736724854e-01 1.371553987264633179e-01
-1.945184469223022461e-01 -1.259191334247589111e-01
-2.951360642910003662e-01 3.051078915596008301e-01
-1.627570539712905884e-01 4.119254946708679199e-01
2.157790958881378174e-01 -1.931828707456588745e-01
-4.356693327426910400e-01 3.682283163070678711e-01
2.244539558887481689e-01 6.652233004570007324e-01
-2.474014759063720703e-01 2.172709107398986816e-01
-3.626489639282226562e-01 5.215444043278694153e-02
-3.873827755451202393e-01 -5.160358548164367676e-02
-2.027007378637790680e-02 -3.549260273575782776e-02
-9.462760388851165771e-02 -1.868349015712738037e-01
-6.446669101715087891e-01 4.803548753261566162e-01
-4.332541227340698242e-01 -1.557553466409444809e-02
8.115287125110626221e-02 2.476420104503631592e-01
-2.983071208000183105e-01 -1.138111650943756104e-01
-2.546209096908569336e-01 3.060744404792785645e-01
-4.037064909934997559e-01 -2.358275651931762695e-02
-9.008618444204330444e-02 -1.079352945089340210e-01
-2.910518348217010498e-01 1.820707023143768311e-01
-1.161443069577217102e-01 2.462329864501953125e-01
-4.616098999977111816e-01 -3.884948790073394775e-01
-8.781702518463134766e-01 8.178687095642089844e-01
-8.367249965667724609e-01 6.092265844345092773e-01
-1.579629331827163696e-01 -1.960576176643371582e-01
-3.688598275184631348e-01 -2.111914753913879395e-01
-2.448155730962753296e-01 2.691736221313476562e-01
-4.278335273265838623e-01 3.549181222915649414e-01
-6.875064373016357422e-01 5.545357465744018555e-01
-5.335866808891296387e-01 2.696128487586975098e-01
-1.093951240181922913e-01 -5.432789325714111328e-01
-4.168198704719543457e-01 1.196161955595016479e-01
-1.167686954140663147e-01 2.655975148081779480e-02
-4.190603494644165039e-01 1.392579078674316406e-01
9.119929075241088867e-01 6.768341660499572754e-01
-3.887200653553009033e-01 1.881573200225830078e-01
-2.277015596628189087e-01 2.497488111257553101e-01
-4.100639224052429199e-01 2.210835814476013184e-01
2.042531818151473999e-01 6.878330111503601074e-01
-3.463411629199981689e-01 9.153158962726593018e-02
-2.492193132638931274e-01 3.500535190105438232e-01
3.964408934116363525e-01 -2.180537283420562744e-01
-4.498565495014190674e-01 9.962666779756546021e-02
-3.339019715785980225e-01 1.287210285663604736e-01
-3.665720224380493164e-01 1.492883861064910889e-01
-1.694618314504623413e-01 4.291890561580657959e-01
-3.934432864189147949e-01 -2.012687623500823975e-01
-3.027858138084411621e-01 1.832481622695922852e-01
-2.826284468173980713e-01 2.077521681785583496e-01
2.108581960201263428e-01 6.039561629295349121e-01
-4.496151208877563477e-01 4.134557247161865234e-01
-3.371694386005401611e-01 1.408448219299316406e-01
-2.258840203285217285e-01 -3.184182345867156982e-01
-2.429471611976623535e-01 4.002489149570465088e-01
-3.237787783145904541e-01 2.526113390922546387e-01
-3.543969988822937012e-01 7.450418472290039062e-01
-3.625235855579376221e-01 4.695121645927429199e-01
-4.581457972526550293e-01 2.135623246431350708e-02
-2.757774889469146729e-01 1.636512428522109985e-01
-3.695719540119171143e-01 1.346932351589202881e-01
-6.330584287643432617e-01 -4.306434839963912964e-02
-1.279897689819335938e-01 3.135472834110260010e-01
-3.957752585411071777e-01 2.492036372423171997e-01
-1.913699805736541748e-01 3.062891066074371338e-01
-2.169150412082672119e-01 4.548734724521636963e-01
-5.272949337959289551e-01 4.797042608261108398e-01
3.417938351631164551e-01 1.323443800210952759e-01
-2.929885387420654297e-01 2.321343272924423218e-01
-3.827414512634277344e-01 1.215102970600128174e-01
-1.030660793185234070e-01 3.699769973754882812e-01
-1.273176074028015137e-01 -9.467988461256027222e-02
-9.711872935295104980e-01 -8.306195586919784546e-02
-2.710379958152770996e-01 4.104656279087066650e-01
-4.306434690952301025e-01 1.186296790838241577e-01
-2.853263020515441895e-01 3.751388937234878540e-02
1.361697614192962646e-01 4.204067289829254150e-01
2.678706347942352295e-01 7.139227390289306641e-01
-7.018028497695922852e-01 4.902358949184417725e-01
-4.395470023155212402e-01 8.635758608579635620e-02
-3.484066426753997803e-01 1.823131740093231201e-01
-1.562608480453491211e-01 3.835830688476562500e-01
1.523537635803222656e-01 -9.834004193544387817e-02
-2.731552720069885254e-01 2.750122249126434326e-01
-4.565042555332183838e-01 2.539598643779754639e-01
1.401283890008926392e-01 -9.565453976392745972e-02
-3.934984803199768066e-01 -1.441146731376647949e-01
-1.741285771131515503e-01 -1.633714884519577026e-02
-3.178472220897674561e-01 5.246143937110900879e-01
-3.909677863121032715e-01 -1.357989758253097534e-01
-3.680399060249328613e-01 2.238960266113281250e-01
-2.973860800266265869e-01 1.927817612886428833e-01
-2.772935330867767334e-01 1.791492402553558350e-01
-1.144489571452140808e-01 3.135112524032592773e-01
-3.657648861408233643e-01 4.274045675992965698e-02
-5.331771373748779297e-01 2.785370945930480957e-01
-2.904814481735229492e-01 3.952325582504272461e-01
-4.948163926601409912e-01 1.010196954011917114e-01
-1.993651241064071655e-01 2.984834909439086914e-01
-4.148916602134704590e-01 2.271061390638351440e-01
-3.833526670932769775e-01 1.146843284368515015e-01
-4.545051157474517822e-01 7.398715615272521973e-02
-2.660774290561676025e-01 2.819842100143432617e-01
-4.088170230388641357e-01 8.385645598173141479e-02
-4.266788661479949951e-01 1.613904386758804321e-01
-4.024095237255096436e-01 3.314109444618225098e-01
-4.634987711906433105e-01 2.598560452461242676e-01
-3.934831023216247559e-01 1.770224720239639282e-01
-9.459390491247177124e-02 -3.799146786332130432e-02
-6.245116591453552246e-01 3.746523261070251465e-01
-3.024959564208984375e-01 1.809014976024627686e-01
-4.005697369575500488e-01 1.585970222949981689e-01
-3.227971196174621582e-01 4.257476031780242920e-01
-4.987033903598785400e-01 4.613136649131774902e-01
-6.776244193315505981e-02 -1.216562539339065552e-01
-3.776919469237327576e-02 -1.402940228581428528e-02
-3.188489377498626709e-01 5.222384929656982422e-01
-2.634946405887603760e-01 4.662466943264007568e-01
-2.993388772010803223e-01 1.927461475133895874e-01
-1.609659641981124878e-01 5.121529102325439453e-01
-4.638123214244842529e-01 3.502262830734252930e-01
-5.058420300483703613e-01 1.881910115480422974e-01
-1.891359239816665649e-01 3.296150267124176025e-01
-3.024376034736633301e-01 1.699445694684982300e-01
-4.195148348808288574e-01 1.671420633792877197e-01
-8.943059444427490234e-01 5.441137552261352539e-01
-2.393721789121627808e-01 3.401496410369873047e-01
-2.340632230043411255e-01 3.174296021461486816e-01
-3.509690165519714355e-01 3.293265998363494873e-01
-3.257166445255279541e-01 5.887075327336788177e-03
-6.906992793083190918e-01 6.928523629903793335e-02
-1.096224635839462280e-01 -1.278808116912841797e-01
-5.267737507820129395e-01 2.152543812990188599e-01
-2.365214079618453979e-01 1.606765985488891602e-01
-2.532499730587005615e-01 2.736848890781402588e-01
-4.170359969139099121e-01 2.833458185195922852e-01
-4.713445901870727539e-01 1.520328223705291748e-04
-5.550013780593872070e-01 1.519099473953247070e-01
-1.335246860980987549e-01 -1.397352665662765503e-01
-1.482951343059539795e-01 -2.542689144611358643e-01
-3.816388845443725586e-01 4.005076736211776733e-02
-5.278395414352416992e-01 8.106227219104766846e-02
-3.647669553756713867e-01 1.781152188777923584e-01
-1.095184981822967529e-01 3.362871408462524414e-01
-6.896216869354248047e-01 -9.191525727510452271e-02
-1.054026708006858826e-01 7.619280368089675903e-02
-3.349667489528656006e-01 2.200157940387725830e-01
-4.819464683532714844e-01 4.398044347763061523e-01
1.926922947168350220e-01 -8.901420235633850098e-02
-3.215487003326416016e-01 1.139980182051658630e-01
9.045998454093933105e-01 -7.564923763275146484e-01
-6.681520938873291016e-01 5.945321917533874512e-01
-3.510537743568420410e-01 2.513327822089195251e-02
-2.943940162658691406e-01 2.374538183212280273e-01
-5.455113053321838379e-01 4.875794053077697754e-01
-1.653800457715988159e-01 4.364148080348968506e-01
-2.169407159090042114e-01 -2.754617333412170410e-01
-3.859696686267852783e-01 -4.281762540340423584e-01
-2.542367577552795410e-01 1.543969511985778809e-01
-7.555242627859115601e-02 5.016115307807922363e-02
-4.006987065076828003e-02 3.609991073608398438e-01
-3.204335570335388184e-01 -4.269617199897766113e-01
-2.426549345254898071e-01 1.125476732850074768e-01
-4.387843012809753418e-01 1.853565424680709839e-01
-6.320903301239013672e-01 1.274733394384384155e-01
1.775630712509155273e-01 5.517066121101379395e-01
-4.631575345993041992e-01 4.505467414855957031e-01
-3.643679022789001465e-01 -5.548281669616699219e-01
-9.855069965124130249e-02 -2.569064497947692871e-02
-2.243793010711669922e-01 1.232037767767906189e-01
-2.532024383544921875e-01 3.509250283241271973e-01
-4.548329114913940430e-01 6.632299423217773438e-01
-3.198445141315460205e-01 3.585141599178314209e-01
-3.004395961761474609e-01 3.160653412342071533e-01
2.911767363548278809e-01 -7.146712392568588257e-02
-6.862750053405761719e-01 2.657032608985900879e-01
-5.141974091529846191e-01 5.480282306671142578e-01
-2.790096402168273926e-01 2.174914628267288208e-01
-4.260178208351135254e-01 4.104387164115905762e-01
-2.725283503532409668e-01 1.701465696096420288e-01
-3.433774709701538086e-01 6.885705888271331787e-02
-3.589924871921539307e-01 1.852113753557205200e-01
-1.758579015731811523e-01 2.019152492284774780e-01
-4.209357798099517822e-01 9.958305209875106812e-02
-7.689055800437927246e-02 8.370407670736312866e-02
-9.057743549346923828e-01 3.786951899528503418e-01
-4.590588808059692383e-01 1.038699746131896973e-01
-3.920460045337677002e-01 8.555647730827331543e-02
-2.019844502210617065e-01 2.951202690601348877e-01
-2.241109162569046021e-01 2.817565798759460449e-01
2.952841520309448242e-01 -8.378916978836059570e-02
-5.614173412322998047e-01 5.432098507881164551e-01
-1.317639052867889404e-01 4.198454022407531738e-01
-4.946704506874084473e-01 -2.469285577535629272e-01
-3.710022270679473877e-01 1.034919843077659607e-01
-1.599037349224090576e-01 3.315392732620239258e-01
-3.455853462219238281e-01 6.566469669342041016e-01
-5.431830286979675293e-01 1.105113551020622253e-01
-2.397810816764831543e-01 4.342587590217590332e-01
-2.820635735988616943e-01 1.958018839359283447e-01
-2.910650670528411865e-01 4.825608432292938232e-01
-4.456289112567901611e-01 7.431884109973907471e-02
-2.664490044116973877e-01 4.984901845455169678e-01
-2.234522700309753418e-01 3.827441036701202393e-01
-1.055590957403182983e-01 -1.426162421703338623e-01
-4.171673357486724854e-01 2.259849905967712402e-01
1.191987544298171997e-01 4.271928966045379639e-01
-3.411020338535308838e-01 1.803193539381027222e-01
-5.314745306968688965e-01 -4.939825236797332764e-01
-1.609318852424621582e-01 3.304875791072845459e-01
-2.871972918510437012e-01 2.710180580615997314e-01
-3.048274219036102295e-01 1.364482790231704712e-01
-3.751409649848937988e-01 1.579757779836654663e-01
-2.781128287315368652e-01 3.001857399940490723e-01
-1.259068548679351807e-01 -5.528461933135986328e-01
-3.141373991966247559e-01 8.019509911537170410e-02
-4.136583507061004639e-01 1.434520184993743896e-01
-3.798095583915710449e-01 5.519730225205421448e-02
-2.635573744773864746e-01 3.485653400421142578e-01
-3.738054931163787842e-01 1.833518147468566895e-01
-7.223042845726013184e-01 4.155260622501373291e-01
-5.959109663963317871e-01 7.616237550973892212e-02
-2.288272678852081299e-01 -6.797284586355090141e-04
-2.920867800712585449e-01 2.177841365337371826e-01
-4.254988431930541992e-01 9.145918488502502441e-02
-9.030149877071380615e-02 -1.495272666215896606e-01
-9.270795583724975586e-01 3.771474063396453857e-01
-2.572083175182342529e-01 2.698723673820495605e-01
-2.736243009567260742e-01 -1.099976822733879089e-01
-3.492255210876464844e-01 1.957762688398361206e-01
-6.769005656242370605e-01 4.290133342146873474e-02
-4.754130840301513672e-01 5.764110088348388672e-01
1.215864345431327820e-01 8.956134319305419922e-02
-2.471820265054702759e-01 -2.857754565775394440e-02
-4.001835584640502930e-01 -4.090358912944793701e-01
-2.050560265779495239e-01 2.082965075969696045e-01
-5.761073231697082520e-01 4.580662250518798828e-01
-4.285621047019958496e-01 7.808898389339447021e-02
-2.062798738479614258e-01 -3.657862842082977295e-01
-5.711644887924194336e-01 3.095140755176544189e-01
-2.579437494277954102e-01 2.493184059858322144e-01
-1.201149076223373413e-01 -2.519006133079528809e-01
-2.824931144714355469e-01 1.687675863504409790e-01
1.523219197988510132e-01 5.246375203132629395e-01
-7.293499261140823364e-02 8.953116089105606079e-02
-1.992579102516174316e-01 -3.052118420600891113e-01
1.989496052265167236e-01 5.941659808158874512e-01
-3.133400678634643555e-01 1.421247869729995728e-01
-4.959648251533508301e-01 1.729758232831954956e-01
-4.098365306854248047e-01 1.005411222577095032e-01
-2.846693098545074463e-01 3.032684624195098877e-01
-6.415671706199645996e-01 1.267418917268514633e-02
1.770099997520446777e-01 5.993134379386901855e-01
-4.285760223865509033e-01 -3.289210842922329903e-03
-1.322416961193084717e-01 2.754146456718444824e-01
-3.707336783409118652e-01 4.604645371437072754e-01
-3.772478699684143066e-01 4.819402843713760376e-02
-3.388802111148834229e-01 3.648523986339569092e-02
-7.506963014602661133e-01 -8.683506250381469727e-01
-3.587552607059478760e-01 1.069167405366897583e-01
-4.117958843708038330e-01 2.144214659929275513e-01
-8.594614267349243164e-01 7.188448905944824219e-01
-5.954772830009460449e-01 1.109395176172256470e-01
-3.548462390899658203e-01 1.610814183950424194e-01
2.107664495706558228e-01 -1.103384643793106079e-01
-2.716597914695739746e-01 2.943385541439056396e-01
-4.995079338550567627e-01 1.026448011398315430e-01
-1.205581724643707275e-01 3.878463804721832275e-01
-1.819421499967575073e-01 4.496814608573913574e-01
-3.257455825805664062e-01 3.987022042274475098e-01
-3.668397068977355957e-01 2.402978949248790741e-03
-3.406689167022705078e-01 4.883581399917602539e-01
-3.778987228870391846e-01 1.486908644437789917e-01
-4.497352242469787598e-01 1.972568184137344360e-01
-2.618201076984405518e-01 2.038198411464691162e-01
-3.366191387176513672e-01 1.621617972850799561e-01
-1.705555319786071777e-01 1.658343523740768433e-01
-1.318718940019607544e-01 2.953515946865081787e-01
-4.489298462867736816e-01 7.800373435020446777e-02
-6.547533869743347168e-01 3.459263443946838379e-01
-3.108890354633331299e-01 4.528166055679321289e-01
7.325279712677001953e-01 5.929378867149353027e-01
-5.635075569152832031e-01 1.083752438426017761e-01
-7.438777685165405273e-01 6.603735685348510742e-01
-5.657141804695129395e-01 5.027177557349205017e-02
-2.679681181907653809e-01 2.443820685148239136e-01
-2.207098603248596191e-01 -3.191736042499542236e-01
-2.409909963607788086e-01 2.640462219715118408e-01
-3.230901956558227539e-01 2.095385640859603882e-01
-4.806561022996902466e-02 -3.655266016721725464e-02
-2.101406306028366089e-01 3.088022768497467041e-01
-4.715830385684967041e-01 -6.442781537771224976e-02
-2.370804101228713989e-01 1.167503073811531067e-01
-5.427247881889343262e-01 -3.977952301502227783e-01
-9.520664811134338379e-01 -5.966151133179664612e-02
-3.535175621509552002e-01 6.644550710916519165e-02
-2.364348918199539185e-01 2.437657862901687622e-01
7.615120410919189453e-01 2.658863961696624756e-01
-3.693873286247253418e-01 3.720591962337493896e-01
-4.315854609012603760e-01 -1.029291823506355286e-01
-2.601211965084075928e-01 2.503605186939239502e-01
-2.418278604745864868e-01 5.023794770240783691e-01
-4.662293493747711182e-01 5.196329951286315918e-01
-3.519699275493621826e-01 2.956832051277160645e-01
-3.508982062339782715e-01 -2.256046235561370850e-02
-1.475472450256347656e-01 3.465878367424011230e-01
-2.608751952648162842e-01 2.565709054470062256e-01
-2.855016291141510010e-01 1.821754872798919678e-01
-3.343011736869812012e-01 1.043399050831794739e-01
-1.163354367017745972e-01 2.488734722137451172e-01
-1.013392955064773560e-01 1.073305681347846985e-01
-1.839016526937484741e-01 2.274963632225990295e-02
1.332295835018157959e-01 4.893677234649658203e-01
-5.020174384117126465e-01 1.455028504133224487e-01
-2.969121038913726807e-01 2.900668382644653320e-01
-2.152165174484252930e-01 -1.572361290454864502e-01
-4.662702083587646484e-01 -1.215332895517349243e-01
-2.836653590202331543e-01 2.216652929782867432e-01
-4.986456930637359619e-01 6.357410550117492676e-02
-7.982927560806274414e-02 6.600517779588699341e-02
-3.094166815280914307e-01 3.723618090152740479e-01
-2.310826033353805542e-01 5.390753746032714844e-01
-5.401641130447387695e-01 8.677845448255538940e-02
-2.892740964889526367e-01 3.620297312736511230e-01
-1.963966637849807739e-01 3.456136882305145264e-01
-4.042079150676727295e-01 -3.192546367645263672e-01
-5.193217396736145020e-01 2.262359261512756348e-01
-3.570128679275512695e-01 1.644278764724731445e-01
-4.344587028026580811e-01 2.618566751480102539e-01
-7.454516887664794922e-01 1.109182089567184448e-02
-4.359588623046875000e-01 -2.223563194274902344e-02
-4.088917970657348633e-01 2.217585742473602295e-01
-4.502445161342620850e-01 3.402950242161750793e-03
-3.106687068939208984e-01 1.470794528722763062e-01
5.399290323257446289e-01 4.985332489013671875e-01
-2.932947874069213867e-01 2.189300060272216797e-01
-4.537867009639739990e-01 1.633865833282470703e-01
-2.958119511604309082e-01 1.519311368465423584e-01
-4.557677805423736572e-01 6.493517011404037476e-02
-1.233701780438423157e-01 3.838651776313781738e-01
-4.120707511901855469e-01 1.677482426166534424e-01
-2.647683620452880859e-01 5.333874374628067017e-02
-3.975234925746917725e-01 1.413227319717407227e-01
-4.278822541236877441e-01 5.800131559371948242e-01
-4.266781210899353027e-01 1.372583210468292236e-01
-8.243942856788635254e-01 2.728871107101440430e-01
-7.562547922134399414e-01 1.332372277975082397e-01
2.919349372386932373e-01 3.539513051509857178e-01
-5.739115476608276367e-01 4.118652939796447754e-01
-2.769894599914550781e-01 -7.608538866043090820e-02
-4.840843975543975830e-01 5.843715667724609375e-01
-5.710431337356567383e-01 -1.450392231345176697e-02
-3.712968528270721436e-01 3.292846307158470154e-02
-5.138487219810485840e-01 3.059318661689758301e-01
-3.101139664649963379e-01 6.379237174987792969e-01
8.042647242546081543e-01 9.719289094209671021e-02
-1.511787623167037964e-01 -2.811749875545501709e-01
-2.557065784931182861e-01 -4.097802191972732544e-02
-5.287426710128784180e-01 4.344310462474822998e-01
-2.567488849163055420e-01 -1.005866974592208862e-01
-3.579283654689788818e-01 2.406749725341796875e-01
-7.399380207061767578e-01 -6.474987268447875977e-01
-3.797224760055541992e-01 2.913484871387481689e-01
-8.921715617179870605e-02 1.350374817848205566e-01
-2.378034740686416626e-01 5.302811264991760254e-01
-2.856972217559814453e-01 -2.419527024030685425e-01
-1.806274503469467163e-01 1.486832052469253540e-01
-1.231716573238372803e-01 -1.460114121437072754e-01
-2.081322669982910156e-01 2.073879987001419067e-01
2.360084652900695801e-01 2.793034017086029053e-01
-1.706323623657226562e-01 6.881043314933776855e-02
-4.434541165828704834e-01 1.175279095768928528e-01
-6.023409962654113770e-01 1.054749414324760437e-01
-3.546478152275085449e-01 -6.864325702190399170e-02
-1.085195615887641907e-01 4.924432635307312012e-01
-3.007752001285552979e-01 -9.852149337530136108e-02
-2.776971757411956787e-01 1.313702017068862915e-01
-4.076623618602752686e-01 -6.397784501314163208e-02
-2.614438235759735107e-01 4.282122850418090820e-01
-2.667455673217773438e-01 1.390044093132019043e-01
-2.118719965219497681e-01 1.657829135656356812e-01
-1.508117765188217163e-01 2.051627188920974731e-01
-1.285754293203353882e-01 2.020877785980701447e-03
-5.197435021400451660e-01 4.960705637931823730e-01
-4.437282383441925049e-01 2.845203876495361328e-01
-4.062336385250091553e-01 1.169886589050292969e-01
7.781183123588562012e-01 8.154204487800598145e-01
-1.798928529024124146e-01 -7.768590748310089111e-02
-3.659664392471313477e-01 1.255238950252532959e-01
-3.646879792213439941e-01 1.968687027692794800e-01
-4.126332402229309082e-01 2.024911716580390930e-02
-3.153859078884124756e-01 2.142402380704879761e-01
-3.576920032501220703e-01 1.228644549846649170e-01
-2.022399455308914185e-01 3.697164952754974365e-01
-2.205237001180648804e-01 -1.595907807350158691e-01
-4.129224121570587158e-01 4.104106128215789795e-02
-4.673216938972473145e-01 4.750859737396240234e-01
-3.612588346004486084e-01 1.948970258235931396e-01
-2.914581894874572754e-01 2.334432005882263184e-01
-2.696713805198669434e-01 -1.242596209049224854e-01
-3.394958674907684326e-01 -2.599505893886089325e-02
-2.720631957054138184e-01 2.391095310449600220e-01
-4.422379434108734131e-01 5.320909023284912109e-01
-1.645975261926651001e-01 2.880649566650390625e-01
-2.924935519695281982e-01 2.336136400699615479e-01
-2.248669415712356567e-01 3.900369107723236084e-01
6.704001873731613159e-02 -7.140950858592987061e-02
-3.055182993412017822e-01 9.494823217391967773e-02
-4.478823244571685791e-01 4.761598110198974609e-01
-3.011876642704010010e-01 1.559009701013565063e-01
-2.604888081550598145e-01 1.764917075634002686e-01
-4.246313869953155518e-01 2.409344613552093506e-01
-7.259341478347778320e-01 -7.806684076786041260e-02
-2.923124134540557861e-01 -2.091200202703475952e-01
-4.463254809379577637e-01 3.227865993976593018e-01
-3.568110167980194092e-01 4.059472978115081787e-01
-5.489867329597473145e-01 -1.397898048162460327e-01
-1.822429150342941284e-01 4.437726736068725586e-01
2.879987061023712158e-01 2.534937858581542969e-01
-2.291297614574432373e-01 2.304000705480575562e-01
-2.133344113826751709e-01 -1.686501689255237579e-02
-3.077459633350372314e-01 2.923744916915893555e-01
-2.114132642745971680e-01 3.023213744163513184e-01
-4.514662027359008789e-01 -2.923337928950786591e-02
-2.638714611530303955e-01 2.195897996425628662e-01
-2.418461441993713379e-01 2.574295103549957275e-01
-2.825306653976440430e-01 2.168304324150085449e-01
-4.146580696105957031e-01 1.884775906801223755e-01
-2.443135678768157959e-01 3.434816002845764160e-01
-3.500321805477142334e-01 2.292988747358322144e-01
1.090953573584556580e-01 4.273220002651214600e-01
-2.301752567291259766e-01 3.066385388374328613e-01
-8.411489129066467285e-01 5.690780878067016602e-01
-6.284866929054260254e-01 5.048395991325378418e-01
-3.238115012645721436e-01 1.354647874832153320e-01
-4.132343232631683350e-01 2.222702279686927795e-02
-3.655370175838470459e-01 1.808231621980667114e-01
-1.680630594491958618e-01 1.423211246728897095e-01
-8.046386241912841797e-01 2.422454506158828735e-01
-3.268062472343444824e-01 2.660844624042510986e-01
-5.126851797103881836e-01 3.791188597679138184e-01
-3.357857465744018555e-01 1.375866681337356567e-01
-3.985217213630676270e-01 1.062627416104078293e-02
-3.646976947784423828e-01 1.031260266900062561e-01
-3.477272093296051025e-01 -1.186605542898178101e-01
-1.998127251863479614e-01 2.814263701438903809e-01
-3.297904133796691895e-01 -8.898133784532546997e-02
-7.847427129745483398e-01 1.093466654419898987e-01
-5.306400060653686523e-01 -1.134846359491348267e-01
5.336212515830993652e-01 -2.380983382463455200e-01
-9.852340072393417358e-02 -1.072069481015205383e-01
-9.362056851387023926e-02 1.520350724458694458e-01
-2.418078780174255371e-01 5.224345326423645020e-01
-4.006110131740570068e-01 1.193647906184196472e-01
-1.798217892646789551e-01 2.526778280735015869e-01
-4.429277777671813965e-02 5.555218458175659180e-01
-3.733513951301574707e-01 1.826117560267448425e-02
-6.616038680076599121e-01 2.168121784925460815e-01
-3.658574521541595459e-01 3.681496977806091309e-01
-4.003757536411285400e-01 4.197833836078643799e-01
-4.138436615467071533e-01 6.249802112579345703e-01
-5.949183106422424316e-01 1.423809230327606201e-01
-5.248366594314575195e-01 2.724389135837554932e-01
1.137213557958602905e-01 5.581738054752349854e-02
-2.710362970829010010e-01 2.044409513473510742e-01
-3.118358552455902100e-01 -1.720539182424545288e-01
-7.307189106941223145e-01 5.039847493171691895e-01
-3.552899360656738281e-01 -7.110664248466491699e-02
-3.536831736564636230e-01 1.239848956465721130e-01
-1.988399773836135864e-01 3.832217752933502197e-01
-4.749384224414825439e-01 2.086239755153656006e-01
-5.013074278831481934e-01 -1.861833930015563965e-01
-2.269303500652313232e-01 2.506546974182128906e-01
-2.377408295869827271e-01 3.631792962551116943e-01
-4.048688709735870361e-01 3.740624785423278809e-01
-2.517215311527252197e-01 5.029281973838806152e-01
-2.486471235752105713e-01 1.963952034711837769e-01
-5.171594023704528809e-01 -1.940985918045043945e-01
-2.978010773658752441e-01 2.786839902400970459e-01
-4.981890320777893066e-01 3.491116315126419067e-02
-4.317592382431030273e-01 1.581539958715438843e-02
-9.311189055442810059e-01 3.294481039047241211e-01
9.899069666862487793e-01 3.168913424015045166e-01
-3.742947578430175781e-01 1.907857656478881836e-01
9.508021473884582520e-01 2.826791703701019287e-01
-3.445455729961395264e-01 1.789129078388214111e-01
-3.163089752197265625e-01 5.894414186477661133e-01
-2.545766532421112061e-01 2.671389579772949219e-01
5.614933371543884277e-01 -1.456768512725830078e-01
-3.470042943954467773e-01 6.818497180938720703e-02
-2.637858092784881592e-01 5.843873023986816406e-01
-5.249258875846862793e-01 1.092088446021080017e-01
-3.637008965015411377e-01 2.236930280923843384e-01
-3.581864237785339355e-01 1.260408759117126465e-01
-4.412944912910461426e-01 3.368031233549118042e-02
-1.515984386205673218e-01 -8.630792796611785889e-02
-3.169136047363281250e-01 1.985106766223907471e-01
-3.707798421382904053e-01 2.755303978919982910e-01
-4.413107633590698242e-01 -2.536739110946655273e-01
-6.984124779701232910e-01 -9.229171276092529297e-02
-5.300797820091247559e-01 -2.960465103387832642e-02
-3.840117752552032471e-01 -3.148407638072967529e-01
-2.948732376098632812e-01 3.283716142177581787e-01
-3.983146846294403076e-01 2.231865823268890381e-01
-2.354256063699722290e-01 3.183233141899108887e-01
-1.977948099374771118e-01 3.038644790649414062e-01
-4.365445375442504883e-01 1.904448419809341431e-01
-3.276353478431701660e-01 -1.136552840471267700e-01
-2.979813516139984131e-01 2.996366024017333984e-01
-2.068967819213867188e-01 2.322603911161422729e-01
-6.226250529289245605e-01 5.820046663284301758e-01
-1.328513920307159424e-01 6.035540699958801270e-01
3.553783297538757324e-01 -8.829149603843688965e-02
-4.042342901229858398e-01 -1.860850118100643158e-02
-3.789218962192535400e-01 4.144499301910400391e-01
-3.687034249305725098e-01 1.572507768869400024e-01
-6.864351630210876465e-01 -3.027773499488830566e-01
