-1.394947916269302368e-01
6.060708165168762207e-01
2.665698230266571045e-01
1.610115617513656616e-01
1.079597920179367065e-01
2.417997419834136963e-01
2.299355715513229370e-01
3.031963706016540527e-01
2.419870644807815552e-01
5.379783511161804199e-01
8.041381090879440308e-02
1.675092875957489014e-01
3.709675669670104980e-01
3.039416670799255371e-01
1.947347521781921387e-01
1.943130195140838623e-01
3.079057037830352783e-01
1.280579864978790283e-01
2.782083153724670410e-01
1.853607445955276489e-01
2.177305668592453003e-01
2.397366166114807129e-01
2.983193472027778625e-02
2.088849842548370361e-01
3.508323729038238525e-01
8.033979684114456177e-02
3.844865858554840088e-01
3.243189454078674316e-01
2.819667160511016846e-01
1.278933584690093994e-01
4.132366478443145752e-01
1.258485466241836548e-01
7.282508537173271179e-03
1.941144168376922607e-01
2.206812202930450439e-01
1.644535660743713379e-01
3.373879194259643555e-01
1.874027699232101440e-01
5.218687653541564941e-01
1.963353157043457031e-01
1.453006863594055176e-01
1.450674086809158325e-01
4.148920476436614990e-01
5.504852533340454102e-02
6.155139207839965820e-01
3.056073486804962158e-01
2.162034213542938232e-01
2.543348670005798340e-01
2.506514191627502441e-01
2.022916525602340698e-01
1.524914205074310303e-01
1.347835063934326172e-01
2.718456983566284180e-01
1.130937263369560242e-01
2.030887752771377563e-01
2.400529533624649048e-01
-1.392632871866226196e-01
2.791015505790710449e-01
2.210411280393600464e-01
3.465966880321502686e-01
2.090147137641906738e-01
1.333360671997070312e-01
2.904657125473022461e-01
1.846119314432144165e-01
7.385260462760925293e-01
9.440864622592926025e-02
3.548685908317565918e-01
4.412475228309631348e-01
-1.767879351973533630e-03
2.327727526426315308e-01
3.899210095405578613e-01
1.312698125839233398e-01
1.716800630092620850e-01
1.728135198354721069e-01
2.814019918441772461e-01
3.121280074119567871e-01
3.265261650085449219e-01
3.288192749023437500e-01
3.404303789138793945e-01
9.722562134265899658e-02
3.947501480579376221e-01
2.763943374156951904e-01
3.207427561283111572e-01
1.983259916305541992e-01
4.055952131748199463e-01
1.443163305521011353e-01
2.762964069843292236e-01
8.684744685888290405e-02
1.360605508089065552e-01
1.095979884266853333e-01
1.530146151781082153e-01
2.436400353908538818e-01
2.780801057815551758e-01
3.209407031536102295e-01
1.330569684505462646e-01
6.798408031463623047e-01
3.411594331264495850e-01
3.048520348966121674e-02
8.165321499109268188e-02
1.621725261211395264e-01
1.571532040834426880e-01
3.361340165138244629e-01
8.716563880443572998e-02
1.398536562919616699e-01
6.631200313568115234e-01
1.419739872217178345e-01
2.775663733482360840e-01
2.000011503696441650e-01
2.434625774621963501e-01
1.498756855726242065e-01
1.340653747320175171e-01
1.526969373226165771e-01
1.347128897905349731e-01
3.307177424430847168e-01
1.122733876109123230e-01
1.712517589330673218e-01
1.874224990606307983e-01
2.414451986551284790e-01
1.589397042989730835e-01
2.260061204433441162e-01
2.534776628017425537e-01
2.063592821359634399e-01
3.598880171775817871e-01
2.805873453617095947e-01
4.337415993213653564e-01
6.813594102859497070e-01
2.574673295021057129e-01
5.190855860710144043e-01
1.596981883049011230e-01
2.536499798297882080e-01
2.491459250450134277e-01
3.905411064624786377e-01
7.240170985460281372e-02
3.571219146251678467e-01
-7.215070724487304688e-02
4.239462912082672119e-01
3.695523142814636230e-01
2.165957987308502197e-01
-5.425274372100830078e-02
3.681167364120483398e-01
4.189044833183288574e-01
2.913735210895538330e-01
9.625492244958877563e-02
1.072738245129585266e-01
3.459777235984802246e-01
1.791598647832870483e-01
4.134931862354278564e-01
3.949110507965087891e-01
2.430571466684341431e-01
3.584257960319519043e-01
4.854523241519927979e-01
3.157667517662048340e-01
2.116944491863250732e-01
4.061902463436126709e-01
-5.996140092611312866e-02
2.774341106414794922e-01
1.773552149534225464e-01
9.920931607484817505e-02
2.947301864624023438e-01
1.665824502706527710e-01
1.563290953636169434e-01
3.170119225978851318e-01
2.527248859405517578e-01
4.492587447166442871e-01
3.683249056339263916e-01
3.410663306713104248e-01
1.240891292691230774e-01
3.278009593486785889e-01
1.551578342914581299e-01
2.366702407598495483e-01
2.827184796333312988e-01
2.358285933732986450e-01
8.372692018747329712e-02
4.284783825278282166e-02
2.777735888957977295e-01
2.080702185630798340e-01
1.007200628519058228e-01
2.184868156909942627e-01
2.459629327058792114e-01
4.539124965667724609e-01
-1.385069936513900757e-01
8.631346374750137329e-02
1.312322914600372314e-01
1.485249847173690796e-01
8.930569887161254883e-02
2.814708352088928223e-01
1.323666274547576904e-01
1.147723793983459473e-01
1.795242726802825928e-01
3.645498156547546387e-01
-1.227845344692468643e-02
3.791419565677642822e-01
3.086085319519042969e-01
3.184067904949188232e-01
2.848513722419738770e-01
9.889898821711540222e-03
2.707840204238891602e-01
4.167581349611282349e-02
3.108996152877807617e-01
2.441301941871643066e-01
3.474850654602050781e-01
2.674917578697204590e-01
3.633183538913726807e-01
2.372933328151702881e-01
4.898601174354553223e-01
2.771110236644744873e-01
1.915609091520309448e-01
2.775954008102416992e-01
2.549898922443389893e-01
2.266257256269454956e-01
1.636122912168502808e-01
1.412442624568939209e-01
4.565474390983581543e-02
2.598361810669302940e-03
1.068751364946365356e-01
3.625903725624084473e-01
6.209753751754760742e-01
2.552507519721984863e-01
6.731199026107788086e-01
3.355703949928283691e-01
1.151801794767379761e-01
4.081152975559234619e-01
3.999908566474914551e-01
2.771571278572082520e-01
3.244972527027130127e-01
1.549982577562332153e-01
4.165946543216705322e-01
3.534433543682098389e-01
4.817112535238265991e-02
2.764379680156707764e-01
1.845010817050933838e-01
2.457467317581176758e-01
2.981550395488739014e-01
3.214670419692993164e-01
1.025073453783988953e-01
2.299698442220687866e-01
2.910034954547882080e-01
2.123205512762069702e-01
9.106983244419097900e-02
2.775287926197052002e-01
3.344429433345794678e-01
6.669110059738159180e-01
2.058990895748138428e-01
1.524752974510192871e-01
2.478273659944534302e-01
3.830226659774780273e-01
1.665560603141784668e-01
1.772163808345794678e-01
2.600652873516082764e-01
1.749689877033233643e-01
4.205660223960876465e-01
4.796931743621826172e-01
2.360705137252807617e-01
3.046345412731170654e-01
2.264714092016220093e-01
1.893286406993865967e-01
2.519930601119995117e-01
2.525615096092224121e-01
2.678669691085815430e-01
1.150097995996475220e-01
1.837832629680633545e-01
1.354395300149917603e-01
3.002582192420959473e-01
2.932704985141754150e-02
2.541167140007019043e-01
2.305260747671127319e-01
5.372254550457000732e-02
1.581664830446243286e-01
3.766760528087615967e-01
7.199697494506835938e-01
2.874807417392730713e-01
1.609816104173660278e-01
2.389490306377410889e-01
2.426792681217193604e-01
2.890378236770629883e-01
1.948743909597396851e-01
2.370885014533996582e-01
1.847628057003021240e-01
2.751249372959136963e-01
-9.312158823013305664e-02
2.931486368179321289e-01
2.061396539211273193e-01
1.047502979636192322e-01
8.884133398532867432e-02
2.811582982540130615e-01
4.770087003707885742e-01
1.442604362964630127e-01
2.422672659158706665e-01
2.070647776126861572e-01
1.213344335556030273e-01
1.276980042457580566e-01
4.168764650821685791e-01
1.820983588695526123e-01
2.323220223188400269e-01
2.201997041702270508e-01
1.415396183729171753e-01
1.336790323257446289e-01
1.658964157104492188e-01
5.593115463852882385e-02
1.495590209960937500e-01
-1.244890540838241577e-01
4.127751886844635010e-01
6.478157639503479004e-01
2.127652913331985474e-01
3.469645678997039795e-01
1.920175850391387939e-01
1.207036897540092468e-01
3.106770813465118408e-01
2.743059396743774414e-01
2.220594584941864014e-01
3.813793063163757324e-01
1.865322440862655640e-01
-7.420913130044937134e-02
1.583796739578247070e-01
6.916666030883789062e-02
7.678680866956710815e-02
2.838311493396759033e-01
2.379061579704284668e-01
3.639328479766845703e-01
1.756041198968887329e-01
7.050457596778869629e-02
4.217422306537628174e-01
1.715576946735382080e-01
7.055769115686416626e-02
2.471277713775634766e-01
6.619183719158172607e-02
7.173428684473037720e-02
4.673673510551452637e-01
7.919399440288543701e-02
3.620012849569320679e-02
1.292978376150131226e-01
1.440901607275009155e-01
2.119349241256713867e-01
2.672642171382904053e-01
3.890061676502227783e-01
3.021094202995300293e-01
4.009743034839630127e-01
4.438426494598388672e-01
2.417585998773574829e-01
2.654532194137573242e-01
1.846957951784133911e-01
2.890977561473846436e-01
3.518545925617218018e-01
3.593349456787109375e-01
2.465430088341236115e-02
3.516814410686492920e-01
2.204378098249435425e-01
2.431757599115371704e-01
1.879104524850845337e-01
2.467826902866363525e-01
3.977231308817863464e-02
3.166619837284088135e-01
2.469340860843658447e-01
3.666720092296600342e-01
-1.652430742979049683e-02
8.431482315063476562e-02
2.625534534454345703e-01
3.373971879482269287e-01
3.159199953079223633e-01
4.768522679805755615e-01
3.334208428859710693e-01
-9.808012843132019043e-02
3.682993352413177490e-01
7.896970957517623901e-02
2.973314821720123291e-01
1.921964287757873535e-01
3.901608884334564209e-01
3.685740828514099121e-01
2.215429395437240601e-01
1.022625491023063660e-01
1.417146921157836914e-01
6.916141510009765625e-02
1.148770451545715332e-01
2.468234896659851074e-01
1.248834282159805298e-01
2.445479631423950195e-01
1.924057453870773315e-01
-1.138099953532218933e-01
1.783155053853988647e-01
3.931319415569305420e-01
1.794809252023696899e-01
1.531881093978881836e-01
2.757969200611114502e-01
8.672831207513809204e-02
3.918165564537048340e-01
2.736994624137878418e-01
1.819202750921249390e-01
2.643675506114959717e-01
1.354391872882843018e-01
2.007239162921905518e-01
1.307121962308883667e-01
1.136503964662551880e-01
2.224736958742141724e-01
3.948929607868194580e-01
1.751803755760192871e-01
6.267281621694564819e-02
3.592394292354583740e-01
4.884747415781021118e-02
2.673223912715911865e-01
2.374379783868789673e-01
2.558081448078155518e-01
1.895532757043838501e-01
1.977290362119674683e-01
3.656094670295715332e-01
3.385888636112213135e-01
2.939761877059936523e-01
3.939633369445800781e-01
1.605102121829986572e-01
1.782670915126800537e-01
2.034362852573394775e-01
1.363173276185989380e-01
2.887580394744873047e-01
3.772562742233276367e-01
5.094074830412864685e-02
3.254227936267852783e-01
4.946089088916778564e-01
2.537628114223480225e-01
1.658988445997238159e-01
1.085424944758415222e-01
8.049435913562774658e-02
2.654878422617912292e-02
3.826045989990234375e-01
1.284651905298233032e-01
1.994505971670150757e-01
1.237807348370552063e-01
3.052670061588287354e-01
1.231895834207534790e-01
7.410253584384918213e-02
2.360128313302993774e-01
2.814342081546783447e-01
-7.762014120817184448e-02
4.671370387077331543e-01
4.320271015167236328e-01
3.236631304025650024e-02
-2.956536598503589630e-02
2.817308902740478516e-01
3.159516155719757080e-01
4.292403459548950195e-01
2.927801012992858887e-01
-2.310053445398807526e-02
1.941514164209365845e-01
1.646629124879837036e-01
2.031683176755905151e-01
7.269588708877563477e-01
2.324965596199035645e-01
2.748856544494628906e-01
2.514817118644714355e-01
5.262149572372436523e-01
1.894030719995498657e-01
3.290086388587951660e-01
1.066762059926986694e-01
1.786218583583831787e-01
2.075100243091583252e-01
2.163225710391998291e-01
3.885005414485931396e-01
6.032092869281768799e-02
2.373141199350357056e-01
2.494118958711624146e-01
4.232126772403717041e-01
3.620444834232330322e-01
2.139240503311157227e-01
-8.883851021528244019e-02
3.550858199596405029e-01
2.740926444530487061e-01
6.388691067695617676e-01
3.641096055507659912e-01
1.373528093099594116e-01
2.323979735374450684e-01
2.073249667882919312e-01
4.975797981023788452e-02
3.288081288337707520e-01
2.666453421115875244e-01
3.134326636791229248e-01
3.826366662979125977e-01
3.658314943313598633e-01
1.836022585630416870e-01
2.592400014400482178e-01
1.992918252944946289e-01
3.672645390033721924e-01
1.026955991983413696e-01
1.018350422382354736e-01
3.475296497344970703e-01
1.887602210044860840e-01
1.706202775239944458e-01
2.999342679977416992e-01
5.459628701210021973e-01
4.231529831886291504e-01
1.667886227369308472e-01
2.310848087072372437e-01
3.718658089637756348e-01
5.223994329571723938e-02
2.831223905086517334e-01
2.700267136096954346e-01
2.832190878689289093e-02
5.036243423819541931e-02
1.737194508314132690e-01
4.324021041393280029e-01
6.533017754554748535e-02
2.548177242279052734e-01
2.405205219984054565e-01
2.326141446828842163e-01
3.253436088562011719e-01
1.621097028255462646e-01
2.943141460418701172e-01
3.583415448665618896e-01
1.793550550937652588e-01
3.019025921821594238e-01
2.553146779537200928e-01
1.927179396152496338e-01
1.635372489690780640e-01
2.824961841106414795e-01
1.754163503646850586e-01
2.184800952672958374e-01
3.102244436740875244e-01
2.746497392654418945e-01
2.278434485197067261e-01
1.185133010149002075e-01
3.646506667137145996e-01
2.357146441936492920e-01
2.184766829013824463e-01
3.636109232902526855e-01
3.906910121440887451e-01
3.669838607311248779e-02
9.798584133386611938e-02
6.169580817222595215e-01
3.644965291023254395e-01
2.415406405925750732e-01
4.472573697566986084e-01
3.291335105895996094e-01
2.306274026632308960e-01
3.242366313934326172e-01
2.294672131538391113e-01
2.233553677797317505e-01
4.214658141136169434e-01
3.231077492237091064e-01
3.111498653888702393e-01
3.120185136795043945e-01
1.568703353404998779e-01
1.582546979188919067e-01
8.742296695709228516e-02
2.503813207149505615e-01
2.340757548809051514e-01
2.811896204948425293e-01
2.900920212268829346e-01
1.156615167856216431e-01
2.118739485740661621e-01
5.681828036904335022e-02
2.128359302878379822e-02
1.465447396039962769e-01
1.637335270643234253e-01
2.292721420526504517e-01
3.474117815494537354e-01
4.091033712029457092e-02
1.888655871152877808e-01
2.493974119424819946e-01
3.775237500667572021e-01
5.998134240508079529e-02
1.949590742588043213e-01
5.200674757361412048e-02
4.382219612598419189e-01
1.529288142919540405e-01
2.655746638774871826e-01
3.748487234115600586e-01
3.920054435729980469e-01
-8.524940162897109985e-02
-1.921333223581314087e-01
2.246083319187164307e-01
1.600518971681594849e-01
3.662704527378082275e-01
-1.900650560855865479e-01
2.125859111547470093e-01
2.305273413658142090e-01
1.969333291053771973e-01
4.216772317886352539e-01
3.421181738376617432e-01
-2.042402178049087524e-01
1.275264322757720947e-01
2.192039489746093750e-01
3.252878785133361816e-01
5.426249504089355469e-01
3.184107244014739990e-01
3.026425540447235107e-01
9.213811904191970825e-02
3.030951619148254395e-01
4.819951355457305908e-01
2.587870359420776367e-01
3.508622050285339355e-01
2.383825480937957764e-01
1.795585453510284424e-01
2.359683662652969360e-01
2.548503875732421875e-01
1.830584406852722168e-01
1.834612786769866943e-01
4.010222852230072021e-01
1.826843321323394775e-01
1.809096187353134155e-01
3.097031116485595703e-01
2.966755926609039307e-01
8.838110417127609253e-02
4.633950591087341309e-01
4.094586670398712158e-01
-2.781525254249572754e-04
1.837581247091293335e-01
3.439713716506958008e-01
5.455030798912048340e-01
1.799311488866806030e-01
4.073229730129241943e-01
2.429142594337463379e-01
4.244092106819152832e-01
1.657722145318984985e-01
3.927432894706726074e-01
3.474398553371429443e-01
3.817771002650260925e-02
2.474516630172729492e-01
3.015244901180267334e-01
2.333596199750900269e-01
-1.354732662439346313e-01
3.378110826015472412e-01
2.818986773490905762e-01
2.118345052003860474e-01
2.200743108987808228e-01
2.974267005920410156e-01
-3.405312448740005493e-02
1.905033737421035767e-01
2.098139822483062744e-01
1.600075811147689819e-01
3.278470039367675781e-01
2.361105382442474365e-01
3.780473470687866211e-01
1.601991802453994751e-01
1.535083651542663574e-01
2.541565001010894775e-01
1.733864396810531616e-01
4.802489653229713440e-02
3.971050083637237549e-01
2.783868908882141113e-01
1.246399208903312683e-01
2.400388121604919434e-01
1.193030849099159241e-01
5.257999897003173828e-01
1.060244292020797729e-01
1.621896773576736450e-01
-1.436008661985397339e-01
2.629235088825225830e-01
4.000889956951141357e-01
1.720796227455139160e-01
-1.311834454536437988e-01
3.116522133350372314e-01
2.725371420383453369e-01
-1.417553983628749847e-03
2.307393997907638550e-01
4.232767224311828613e-01
1.813710182905197144e-01
-9.884567558765411377e-02
4.247853457927703857e-01
2.185973823070526123e-01
2.234251946210861206e-01
1.797663569450378418e-01
2.903522253036499023e-01
1.112750917673110962e-01
4.689369797706604004e-01
1.242782622575759888e-01
3.072701990604400635e-01
3.779081404209136963e-01
1.627578288316726685e-01
1.559976786375045776e-01
-1.773221492767333984e-01
1.917558610439300537e-01
2.455577999353408813e-01
4.539166390895843506e-01
1.890181601047515869e-01
2.239445596933364868e-01
4.939921200275421143e-02
2.810020744800567627e-01
1.798791736364364624e-01
3.915844857692718506e-01
4.017471969127655029e-01
3.513194322586059570e-01
1.445499956607818604e-01
4.066640734672546387e-01
2.142717093229293823e-01
2.367473244667053223e-01
2.507449090480804443e-01
2.225268036127090454e-01
2.446644902229309082e-01
3.173492550849914551e-01
1.677394062280654907e-01
3.466413319110870361e-01
3.753448724746704102e-01
6.469068527221679688e-01
1.893405765295028687e-01
4.632404148578643799e-01
1.429130733013153076e-01
2.689521908760070801e-01
-8.555147051811218262e-02
2.895019650459289551e-01
2.458712011575698853e-01
8.059950172901153564e-02
3.065894544124603271e-01
9.731607139110565186e-02
2.153477072715759277e-01
-1.171074137091636658e-01
1.080676540732383728e-01
1.739031821489334106e-01
2.713534533977508545e-01
1.934200823307037354e-01
3.227367997169494629e-01
7.539598643779754639e-02
2.714932858943939209e-01
4.279110729694366455e-01
4.125650525093078613e-01
2.849912047386169434e-01
1.405109167098999023e-01
3.429651558399200439e-01
2.784545123577117920e-01
2.424958646297454834e-01
1.962590664625167847e-01
2.909172475337982178e-01
2.054883986711502075e-01
1.892109513282775879e-01
3.721162080764770508e-01
2.055851668119430542e-01
2.960680425167083740e-01
1.276401281356811523e-01
6.719969213008880615e-02
2.583785653114318848e-01
1.582316905260086060e-01
1.735244393348693848e-01
3.161946237087249756e-01
4.669918715953826904e-01
1.695220470428466797e-01
3.285097181797027588e-01
3.357214927673339844e-01
-7.287529762834310532e-03
2.595879435539245605e-01
2.231410741806030273e-01
2.749001085758209229e-01
1.226434409618377686e-01
1.133766323328018188e-01
2.530104219913482666e-01
1.307290792465209961e-01
2.156233638525009155e-01
3.669315874576568604e-01
2.560904026031494141e-01
2.158085852861404419e-01
2.224920243024826050e-01
1.508149355649948120e-01
3.808365464210510254e-01
2.238019108772277832e-01
1.764896214008331299e-01
2.116297483444213867e-01
4.832330942153930664e-01
2.053839266300201416e-01
2.101916968822479248e-01
1.839189231395721436e-01
2.938954830169677734e-01
3.371314108371734619e-01
1.041209623217582703e-01
5.342075228691101074e-01
1.100623905658721924e-01
1.464063674211502075e-01
4.051365256309509277e-01
4.316763281822204590e-01
1.140793710947036743e-01
-2.367635816335678101e-02
1.242505908012390137e-01
4.036438763141632080e-01
4.290137067437171936e-02
2.622654438018798828e-01
-2.330477088689804077e-01
2.987077832221984863e-01
1.300052255392074585e-01
4.203463792800903320e-01
-9.091253392398357391e-03
2.431562095880508423e-01
8.813579380512237549e-02
2.429475486278533936e-01
2.910546660423278809e-01
1.476158499717712402e-01
1.857508867979049683e-01
1.845616698265075684e-01
8.536463975906372070e-02
4.027632474899291992e-01
6.948054581880569458e-02
2.142932116985321045e-01
1.021474748849868774e-01
4.048469662666320801e-01
2.114988416433334351e-01
2.368893474340438843e-01
2.620732486248016357e-01
1.627051830291748047e-01
3.844508230686187744e-01
2.673905491828918457e-01
1.869601458311080933e-01
6.071388721466064453e-01
6.636805832386016846e-02
2.004750370979309082e-01
2.389868795871734619e-01
1.424522995948791504e-01
2.535468935966491699e-01
2.009434700012207031e-01
3.692007362842559814e-01
3.404233604669570923e-02
1.347800493240356445e-01
4.337634742259979248e-01
2.384946346282958984e-01
2.665784358978271484e-01
5.418527871370315552e-02
1.054791659116744995e-01
2.679649889469146729e-01
4.571026265621185303e-01
3.012211024761199951e-01
2.667344808578491211e-01
3.607714772224426270e-01
4.462925717234611511e-02
1.925477683544158936e-01
4.329565167427062988e-01
2.251475304365158081e-01
2.491964250802993774e-01
2.595524191856384277e-01
9.731713682413101196e-02
5.484355613589286804e-02
2.959463596343994141e-01
3.294552564620971680e-01
5.854765698313713074e-02
4.351583421230316162e-01
2.207953780889511108e-01
2.659616172313690186e-01
1.206687688827514648e-01
2.879346311092376709e-01
3.042559921741485596e-01
1.063328832387924194e-01
2.573119699954986572e-01
2.773007750511169434e-01
2.567454576492309570e-01
2.290650755167007446e-01
3.185355067253112793e-01
2.545826137065887451e-01
3.957209289073944092e-01
2.861566245555877686e-01
5.672804117202758789e-01
3.875460922718048096e-01
2.097669094800949097e-01
1.406674683094024658e-01
2.429872304201126099e-01
2.054133266210556030e-01
3.026691079139709473e-01
2.943311035633087158e-01
3.304951488971710205e-01
2.086641043424606323e-01
1.440052390098571777e-01
1.974898725748062134e-01
8.519681543111801147e-02
2.955608665943145752e-01
1.051293388009071350e-01
1.920360773801803589e-01
1.154296323657035828e-01
8.719663135707378387e-03
4.278052225708961487e-02
2.066885083913803101e-01
5.662283301353454590e-01
1.973606795072555542e-01
2.838432490825653076e-01
4.664286077022552490e-01
1.438145935535430908e-01
2.195751667022705078e-01
3.250625133514404297e-01
3.562141656875610352e-01
4.766706228256225586e-01
2.089918553829193115e-01
2.744171917438507080e-01
1.460105627775192261e-01
2.485233396291732788e-01
4.070192575454711914e-03
4.291490614414215088e-01
1.005823537707328796e-01
1.970494687557220459e-01
3.294350802898406982e-01
2.739799618721008301e-01
1.763008348643779755e-02
2.577318847179412842e-01
3.269422352313995361e-01
3.501259088516235352e-01
4.388664066791534424e-01
2.512512207031250000e-01
-7.310294359922409058e-02
3.401937782764434814e-01
1.486634314060211182e-01
1.362030208110809326e-01
3.376846015453338623e-01
2.134373039007186890e-01
2.190893441438674927e-01
3.101288676261901855e-01
2.334082573652267456e-01
4.808108210563659668e-01
2.816371917724609375e-01
3.636894375085830688e-02
2.011256963014602661e-01
4.867565333843231201e-01
1.941923350095748901e-01
2.602886557579040527e-01
2.044762670993804932e-01
1.482397764921188354e-01
1.267043948173522949e-01
2.535868585109710693e-01
2.796753942966461182e-01
1.748981699347496033e-02
6.506156176328659058e-02
1.022001653909683228e-01
-3.980360180139541626e-02
3.315994143486022949e-01
2.478298842906951904e-01
3.165399730205535889e-01
3.066837787628173828e-01
2.498877346515655518e-01
2.636357955634593964e-02
2.931055128574371338e-01
2.674503922462463379e-01
4.178192615509033203e-01
4.493744373321533203e-01
6.895159929990768433e-02
1.307238936424255371e-01
3.833257257938385010e-01
2.199986129999160767e-01
-3.212890401482582092e-02
