-1.990156173706054688e-01 -1.701708287000656128e-01 5.649080872535705566e-01 5.609899163246154785e-01
3.738357722759246826e-01 4.605830609798431396e-01 -5.264499187469482422e-01 -1.765035390853881836e-01
2.636495046317577362e-02 5.549053475260734558e-02 -1.735793799161911011e-01 -6.327067967504262924e-03
-1.000049151480197906e-02 -2.020833082497119904e-03 2.756947875022888184e-01 -1.387237571179866791e-03
-2.153953462839126587e-01 -2.817074656486511230e-01 3.107355833053588867e-01 5.261695384979248047e-02
-3.792593777179718018e-01 1.516444087028503418e-01 -5.137998461723327637e-01 -4.037509262561798096e-01
-5.458051338791847229e-02 1.300464868545532227e-01 -8.197443932294845581e-02 6.983754038810729980e-02
1.130403503775596619e-01 1.161243468523025513e-01 -2.476707994937896729e-01 -3.503943979740142822e-02
5.467036738991737366e-02 7.406842708587646484e-02 -1.321501098573207855e-02 -1.809822581708431244e-02
4.478078484535217285e-01 1.591556668281555176e-01 -2.859749794006347656e-01 -3.222975134849548340e-01
8.313437551259994507e-02 -1.035206168889999390e-01 5.578773021697998047e-01 -8.499677777290344238e-01
-3.580177128314971924e-01 5.015462040901184082e-01 1.701491773128509521e-01 3.377192914485931396e-01
2.785341441631317139e-01 5.832695960998535156e-02 -2.838476002216339111e-01 1.385255306959152222e-01
2.026711702346801758e-01 -4.519278928637504578e-02 -1.477903276681900024e-01 1.805052720010280609e-02
-1.555578708648681641e-01 1.115761622786521912e-01 2.878180705010890961e-02 2.894181907176971436e-01
-3.907109051942825317e-02 1.084690447896718979e-02 1.157329455018043518e-01 -1.472187973558902740e-02
3.560872972011566162e-01 -6.454826891422271729e-02 6.028687581419944763e-02 -1.822968274354934692e-01
-2.719308733940124512e-01 -4.194711800664663315e-03 8.749052882194519043e-02 -2.133014202117919922e-01
2.148666977882385254e-02 -5.253908783197402954e-02 -2.803718745708465576e-01 -7.751085609197616577e-02
1.436809003353118896e-01 3.108298592269420624e-02 2.874275743961334229e-01 -1.755641251802444458e-01
5.214736983180046082e-02 9.904846549034118652e-02 1.036075279116630554e-01 5.806119367480278015e-02
-4.814110696315765381e-03 3.082562051713466644e-02 -9.225726872682571411e-02 -4.462286829948425293e-02
1.246554683893918991e-02 3.871427774429321289e-01 8.590230345726013184e-01 -3.429079055786132812e-01
-7.900084555149078369e-02 -1.175641431473195553e-03 -2.830497920513153076e-03 4.392049461603164673e-02
8.554616570472717285e-02 -8.919548988342285156e-02 -4.011553525924682617e-01 -1.532826572656631470e-01
1.980760879814624786e-02 3.326927423477172852e-01 5.563861727714538574e-01 -6.352122426033020020e-01
6.052827835083007812e-01 -1.865103542804718018e-01 1.223724037408828735e-01 4.077404446434229612e-04
-2.236554920673370361e-01 -4.181022942066192627e-01 -7.538958191871643066e-01 4.638817626982927322e-03
1.125087440013885498e-01 9.405174851417541504e-02 -1.383115500211715698e-01 -4.571235924959182739e-02
-2.225197851657867432e-01 1.528334803879261017e-02 1.712679862976074219e-01 1.684577763080596924e-02
2.965149283409118652e-01 4.491672664880752563e-02 -3.506603837013244629e-01 -2.656606771051883698e-02
-1.828958988189697266e-01 -1.339547038078308105e-01 1.620613634586334229e-01 -2.955775558948516846e-01
-3.263247907161712646e-01 9.420747309923171997e-02 3.758862316608428955e-01 8.116838335990905762e-02
-5.360086634755134583e-02 5.538642778992652893e-02 7.293625175952911377e-02 -9.862586855888366699e-02
-6.818605214357376099e-02 1.489399815909564495e-03 -4.707847163081169128e-02 8.467770181596279144e-03
-1.780610233545303345e-01 -4.779614508152008057e-01 1.495105624198913574e-01 9.964945912361145020e-02
8.060525357723236084e-02 2.355865091085433960e-01 -4.368641674518585205e-01 9.787105768918991089e-02
-1.694677630439400673e-03 -1.778535842895507812e-01 1.840744614601135254e-01 3.098396360874176025e-01
5.848097205162048340e-01 6.601339578628540039e-02 -5.896917581558227539e-01 1.810603216290473938e-02
1.522922217845916748e-01 -1.210217103362083435e-01 2.897394299507141113e-01 -1.015558838844299316e-01
-2.617391049861907959e-01 -2.434788495302200317e-01 1.977139413356781006e-01 2.551432251930236816e-01
-1.836362034082412720e-01 2.233705855906009674e-02 1.687801182270050049e-01 6.508518755435943604e-02
6.998955607414245605e-01 -6.798411011695861816e-01 1.020200252532958984e-01 4.349117875099182129e-01
-5.065026283264160156e-01 5.084108114242553711e-01 9.584845602512359619e-02 -6.323080658912658691e-01
4.859707057476043701e-01 -1.162387654185295105e-01 -3.855957686901092529e-01 -3.752853274345397949e-01
1.697177439928054810e-01 -2.699038386344909668e-02 -1.755295991897583008e-01 -1.578912436962127686e-01
-1.248755976557731628e-01 2.276956848800182343e-02 -4.600719735026359558e-02 1.309895664453506470e-01
-3.259844183921813965e-01 3.944614157080650330e-02 -4.079335033893585205e-01 8.273084163665771484e-01
-6.937630940228700638e-03 2.242916077375411987e-02 -1.325307488441467285e-01 5.114205181598663330e-02
-9.986960142850875854e-02 4.525417461991310120e-02 4.250143188983201981e-03 -5.865864455699920654e-03
1.139799281954765320e-01 -3.507819399237632751e-02 4.270568192005157471e-01 -8.811391890048980713e-02
-3.003804385662078857e-01 6.279088556766510010e-02 1.416971087455749512e-01 1.671530455350875854e-01
1.835393309593200684e-01 7.268747687339782715e-02 -8.130954205989837646e-02 2.113774567842483521e-01
-1.166095435619354248e-01 8.900884538888931274e-03 3.649337887763977051e-01 1.245223581790924072e-01
-2.088761776685714722e-01 -3.618471696972846985e-02 -1.461289227008819580e-01 -7.412610203027725220e-02
2.550072781741619110e-02 4.624094814062118530e-02 -4.986307770013809204e-02 -2.763515152037143707e-02
-3.584329187870025635e-01 4.621799588203430176e-01 6.919784545898437500e-01 7.847756147384643555e-02
2.165211588144302368e-01 -3.477422520518302917e-02 -2.476608939468860626e-02 -4.562525078654289246e-03
-3.630722314119338989e-02 5.359218642115592957e-02 -1.289582252502441406e-02 2.466637082397937775e-02
2.041001170873641968e-01 -9.293855428695678711e-01 -9.190956354141235352e-01 -8.040472269058227539e-01
-3.574123978614807129e-02 -7.399662397801876068e-03 4.711022973060607910e-02 -1.475787255913019180e-02
3.114366233348846436e-01 3.399749696254730225e-01 6.776445508003234863e-01 -3.772155940532684326e-01
7.800986617803573608e-02 3.178122937679290771e-01 -2.273867130279541016e-01 -7.152757793664932251e-02
-8.769801259040832520e-02 -4.812263697385787964e-02 1.082828789949417114e-01 3.192805498838424683e-02
4.865991771221160889e-01 4.640273451805114746e-01 -5.503845810890197754e-01 -7.376855611801147461e-01
-1.711264699697494507e-01 -2.718899026513099670e-02 3.168903291225433350e-01 7.030634582042694092e-02
3.166204988956451416e-01 -1.300994679331779480e-02 -2.153965979814529419e-01 9.092155843973159790e-02
4.863105416297912598e-01 -1.720362156629562378e-01 -2.303599417209625244e-01 -9.305685013532638550e-02
-4.635642170906066895e-01 -1.047533154487609863e-01 3.814995586872100830e-01 3.784066736698150635e-01
2.284820564091205597e-02 3.821668401360511780e-02 -1.641602814197540283e-02 2.754979301244020462e-03
2.083109021186828613e-01 3.391609713435173035e-02 -4.646575450897216797e-01 9.717879891395568848e-01
-3.767518326640129089e-02 -2.912300825119018555e-01 4.426876902580261230e-01 6.175754964351654053e-02
-6.867264211177825928e-02 6.691324710845947266e-02 1.582663506269454956e-01 -5.587379261851310730e-02
8.802390098571777344e-02 1.838291436433792114e-01 3.096826672554016113e-01 -1.095570698380470276e-01
-2.044929005205631256e-02 -1.797924339771270752e-01 -3.723013997077941895e-01 -5.033238977193832397e-02
1.765945181250572205e-02 4.876422882080078125e-01 -5.194722414016723633e-01 -1.659660488367080688e-01
5.896486043930053711e-01 -3.103555738925933838e-01 2.465610653162002563e-01 -1.412806659936904907e-01
9.892254322767257690e-02 2.916370928287506104e-01 -3.518834710121154785e-01 -2.067825384438037872e-02
2.808334827423095703e-01 7.685045897960662842e-02 -2.456043362617492676e-01 2.983400821685791016e-01
-4.445135593414306641e-01 -3.234759345650672913e-02 5.988219752907752991e-02 -8.502374589443206787e-02
3.534763157367706299e-01 -2.221988141536712646e-01 -3.593000471591949463e-01 -2.483060024678707123e-02
1.120850592851638794e-01 -4.261188581585884094e-02 -1.420542001724243164e-01 5.910366401076316833e-02
2.378207445144653320e-01 4.389257635921239853e-03 -1.732841432094573975e-01 -4.203637689352035522e-02
-7.173628360033035278e-02 1.310292631387710571e-01 5.690713971853256226e-02 4.087282717227935791e-02
3.488981723785400391e-01 -2.463275045156478882e-01 -4.049443602561950684e-01 6.639295816421508789e-02
-2.531721591949462891e-01 -6.703420281410217285e-01 3.180696964263916016e-01 2.202695608139038086e-01
1.351261585950851440e-01 -5.855981260538101196e-02 -1.518139541149139404e-01 5.034698843955993652e-01
-1.688734740018844604e-01 2.252735048532485962e-01 3.864928483963012695e-01 -2.049233019351959229e-01
-2.028886973857879639e-01 -5.002420395612716675e-02 1.603893637657165527e-01 -4.463137313723564148e-02
9.345728158950805664e-02 -3.757374882698059082e-01 5.410693883895874023e-01 -2.845100164413452148e-01
-3.025214076042175293e-01 -1.319667845964431763e-01 8.195668458938598633e-02 1.027469187974929810e-01
-8.448936045169830322e-03 4.342017695307731628e-02 -1.114912852644920349e-01 -5.133089050650596619e-02
1.323852837085723877e-01 1.088688373565673828e-01 -1.116046532988548279e-01 -2.656454592943191528e-02
1.882397681474685669e-01 1.569151133298873901e-02 -2.132375240325927734e-01 -1.461973488330841064e-01
-2.824607193470001221e-01 2.460650540888309479e-02 1.616874486207962036e-01 1.797987818717956543e-01
4.596778452396392822e-01 -1.265755146741867065e-01 -6.104378700256347656e-01 -5.072688460350036621e-01
2.392510324716567993e-01 3.221172094345092773e-02 -2.238452881574630737e-01 1.529189944267272949e-02
-1.092222109436988831e-01 4.842843413352966309e-01 7.089414000511169434e-01 -3.985914587974548340e-01
-2.090459167957305908e-01 2.155802845954895020e-01 3.253954350948333740e-01 -1.187855377793312073e-01
-7.019263505935668945e-01 -7.664285898208618164e-01 -5.969400405883789062e-01 -4.272282421588897705e-01
-1.245357394218444824e-01 1.161092892289161682e-01 1.666766554117202759e-01 -4.611651971936225891e-02
3.385469615459442139e-01 2.145655602216720581e-01 -1.645406037569046021e-01 3.078368902206420898e-01
6.755810230970382690e-02 -1.632650792598724365e-01 5.010968446731567383e-01 -7.646421194076538086e-01
-1.697902977466583252e-01 3.688497096300125122e-02 1.798408776521682739e-01 -1.122415624558925629e-02
8.635075092315673828e-01 8.700927495956420898e-01 -2.179892063140869141e-01 -3.120248019695281982e-01
-1.142702996730804443e-01 -1.198868528008460999e-01 2.125046700239181519e-01 -1.476048529148101807e-01
4.305127561092376709e-01 -4.139017760753631592e-01 1.065858155488967896e-01 -1.436551809310913086e-01
-2.449892461299896240e-02 7.825056463479995728e-02 8.663967251777648926e-02 -1.491577625274658203e-01
8.729391545057296753e-02 3.546580672264099121e-03 2.775900298729538918e-03 -7.494632899761199951e-02
8.986341208219528198e-02 4.882006645202636719e-01 3.957135379314422607e-01 -5.933002233505249023e-01
-2.195431888103485107e-01 1.800252050161361694e-01 1.905489414930343628e-01 4.162813350558280945e-02
-1.816069483757019043e-01 7.669793814420700073e-02 1.300625354051589966e-01 3.331048414111137390e-02
-1.381770819425582886e-01 -7.325521111488342285e-02 2.240883857011795044e-01 -3.290394693613052368e-02
2.673177421092987061e-01 -6.183108687400817871e-02 -1.663152575492858887e-01 -1.122989207506179810e-01
-3.769291639328002930e-01 3.041721582412719727e-01 -1.672801822423934937e-01 -9.421991109848022461e-01
-3.612059056758880615e-01 -6.807475537061691284e-02 -1.825666874647140503e-01 -3.318601548671722412e-01
-2.531861960887908936e-01 1.632454693317413330e-01 -9.789614379405975342e-02 -2.056769281625747681e-01
1.027655228972434998e-02 -4.900297150015830994e-03 -8.923276513814926147e-02 -3.354756161570549011e-02
-8.348526060581207275e-02 2.463038712739944458e-01 2.097514718770980835e-01 -1.733953654766082764e-01
5.888104438781738281e-02 -2.824651636183261871e-02 7.627378404140472412e-02 2.096977271139621735e-02
2.074897587299346924e-01 -2.235725522041320801e-02 9.621199965476989746e-02 -9.520212560892105103e-02
-2.626479566097259521e-01 2.176465466618537903e-02 -9.378743171691894531e-02 2.637739181518554688e-01
2.911124825477600098e-01 2.527912557125091553e-01 -2.104934900999069214e-01 -1.991036683320999146e-01
1.464581936597824097e-01 7.268593460321426392e-02 -1.176251471042633057e-01 -6.747189164161682129e-02
6.285248398780822754e-01 -2.689179480075836182e-01 -2.552155032753944397e-02 -3.641047775745391846e-01
2.105496227741241455e-01 5.893793106079101562e-01 -8.404190540313720703e-01 -5.280258655548095703e-01
9.553024917840957642e-02 6.746471673250198364e-02 -4.949693754315376282e-02 -1.675276085734367371e-02
4.867247343063354492e-01 -4.831120744347572327e-02 -2.339607626199722290e-01 -2.961893081665039062e-01
-2.085108608007431030e-01 -2.050158567726612091e-03 5.536301434040069580e-02 -1.254857778549194336e-01
-5.465557053685188293e-02 1.270170062780380249e-01 -1.963432580232620239e-01 -8.632133901119232178e-02
3.787260968238115311e-03 -6.564746797084808350e-02 -1.194303557276725769e-01 2.250458300113677979e-02
3.231377899646759033e-01 2.269105054438114166e-02 -2.705524563789367676e-01 5.278546363115310669e-02
-4.133471250534057617e-01 3.107881732285022736e-02 1.540314257144927979e-01 -2.417951263487339020e-02
3.259250819683074951e-01 -1.506619900465011597e-02 -2.752909660339355469e-01 2.546889781951904297e-01
-4.832890927791595459e-01 4.607084095478057861e-01 3.252000510692596436e-01 -1.019530445337295532e-01
9.728789329528808594e-02 4.700714647769927979e-01 -6.561238765716552734e-01 -2.004422843456268311e-01
3.017282485961914062e-01 -8.695745468139648438e-02 -3.034456670284271240e-01 7.922050356864929199e-02
2.382518909871578217e-02 -5.938817746937274933e-03 5.337870121002197266e-02 -8.180523663759231567e-02
-2.926273643970489502e-01 -2.728801071643829346e-01 4.748930633068084717e-01 3.580880463123321533e-01
1.344854384660720825e-01 5.966116189956665039e-01 -5.562849640846252441e-01 7.412893772125244141e-01
3.588493764400482178e-01 2.140942513942718506e-01 -3.992413282394409180e-01 2.839075922966003418e-01
3.608459606766700745e-02 6.543542724102735519e-03 -2.844746410846710205e-01 -1.275455299764871597e-02
-2.175798416137695312e-01 7.103178650140762329e-02 2.092625051736831665e-01 -1.780693829059600830e-01
-1.742326021194458008e-01 -2.165598794817924500e-02 2.141574919223785400e-01 -2.458085417747497559e-01
2.707845568656921387e-01 -1.606403384357690811e-03 -1.550375521183013916e-01 -1.683856695890426636e-01
-1.120355054736137390e-01 2.693907171487808228e-02 6.784289330244064331e-02 -1.188734471797943115e-01
3.138989210128784180e-01 2.374762743711471558e-01 -4.054480195045471191e-01 7.487995177507400513e-02
2.390695214271545410e-01 -1.228690445423126221e-01 -4.378829300403594971e-01 1.269135326147079468e-01
6.892750971019268036e-03 3.561468049883842468e-02 -9.621129184961318970e-02 -1.468658447265625000e-04
2.309161573648452759e-01 9.646621346473693848e-02 -2.281920611858367920e-01 -1.632728278636932373e-01
4.691146910190582275e-01 -2.616624236106872559e-01 -4.024215936660766602e-01 -1.953588128089904785e-01
4.101575911045074463e-01 9.733800292015075684e-01 1.995122134685516357e-01 9.646225571632385254e-01
-8.523877710103988647e-02 4.081888496875762939e-02 -2.319808583706617355e-03 5.594765022397041321e-02
3.879365026950836182e-01 3.343116492033004761e-02 -2.458972930908203125e-01 3.994567319750785828e-02
-3.343444764614105225e-01 -2.213712781667709351e-03 4.363521337509155273e-01 1.719798743724822998e-01
-2.543938159942626953e-01 9.323207661509513855e-03 -5.799204111099243164e-01 -2.380406558513641357e-01
2.410826832056045532e-02 1.642395853996276855e-01 2.158545553684234619e-01 -1.979430913925170898e-01
-2.662675976753234863e-01 8.576632291078567505e-02 2.665371000766754150e-01 1.699016690254211426e-01
4.339552223682403564e-01 2.021498382091522217e-01 1.312462389469146729e-01 -3.511506319046020508e-01
-2.781549096107482910e-01 7.114624232053756714e-02 6.353054195642471313e-03 8.028843253850936890e-02
1.421096324920654297e-01 -1.074272543191909790e-01 4.505504667758941650e-01 3.373014042153954506e-03
1.663672477006912231e-01 1.011328473687171936e-01 -2.516443729400634766e-01 7.110182195901870728e-02
8.269598707556724548e-03 -3.015509108081459999e-03 -1.257801502943038940e-01 6.100163981318473816e-02
6.503346562385559082e-01 -1.864398717880249023e-01 -1.111984252929687500e-01 -1.009342819452285767e-02
9.160988926887512207e-01 7.425821423530578613e-01 3.083789348602294922e-01 7.265387773513793945e-01
1.550649553537368774e-01 5.982244759798049927e-02 -3.852510750293731689e-01 2.981138527393341064e-01
1.350819170475006104e-01 2.945255339145660400e-01 5.606581568717956543e-01 -2.026736885309219360e-01
1.563024818897247314e-01 -1.225469186902046204e-01 -2.992460727691650391e-01 4.943438991904258728e-02
-2.106280326843261719e-01 -4.748418554663658142e-02 1.861427873373031616e-01 3.205863535404205322e-01
2.346847578883171082e-02 2.044821903109550476e-02 -3.712044283747673035e-02 -2.104577375575900078e-03
8.357226848602294922e-02 8.552312105894088745e-02 -1.855943799018859863e-01 -2.075132578611373901e-01
7.689537107944488525e-02 2.097870968282222748e-02 3.360697999596595764e-02 -5.407459661364555359e-02
-2.412345856428146362e-01 3.562196856364607811e-03 2.780156433582305908e-01 5.662380717694759369e-03
-2.375495135784149170e-01 1.371943503618240356e-01 3.644256889820098877e-01 -6.304201483726501465e-02
1.246218755841255188e-01 4.156380891799926758e-02 -1.319689005613327026e-01 -2.451631799340248108e-02
2.162394672632217407e-01 -1.798806786537170410e-01 3.096792101860046387e-01 -1.942413747310638428e-01
-2.332361042499542236e-01 1.304327398538589478e-01 2.427822053432464600e-01 -2.091961652040481567e-01
3.668235242366790771e-02 6.626702845096588135e-02 7.480248063802719116e-02 -6.367675215005874634e-02
-7.543653249740600586e-02 9.498497098684310913e-02 -1.942014545202255249e-01 -8.636091649532318115e-02
4.487995803356170654e-01 1.114388182759284973e-01 -1.764179021120071411e-01 -3.148963749408721924e-01
-4.866742491722106934e-01 4.081426560878753662e-01 4.974517524242401123e-01 2.511990070343017578e-01
-2.715093493461608887e-01 -6.462638080120086670e-02 2.027388364076614380e-01 -1.309468895196914673e-01
-7.592105269432067871e-01 5.742899775505065918e-01 1.407549828290939331e-01 6.415856480598449707e-01
-2.273676693439483643e-01 -1.724109947681427002e-01 1.278741508722305298e-01 5.893925204873085022e-02
-8.428876101970672607e-02 4.825524985790252686e-02 4.040528535842895508e-01 -2.223620563745498657e-01
2.152842134237289429e-01 1.937158964574337006e-02 -3.511307761073112488e-02 8.814810216426849365e-02
-1.855027526617050171e-01 3.788528591394424438e-02 1.715188473463058472e-01 -5.552333593368530273e-02
-2.349933981895446777e-01 -3.318473696708679199e-02 1.985136419534683228e-01 -2.819994278252124786e-02
-9.611668437719345093e-02 6.446629762649536133e-03 8.154602348804473877e-02 -1.075086742639541626e-01
4.116584360599517822e-01 1.341443955898284912e-01 -6.117242202162742615e-02 -2.301411926746368408e-01
-2.393894195556640625e-01 6.236073970794677734e-01 7.066901326179504395e-01 -2.402442097663879395e-01
-1.114064007997512817e-01 -3.717641234397888184e-01 -7.486245036125183105e-01 2.004806697368621826e-01
2.293403595685958862e-01 -5.104137584567070007e-02 -1.263260692358016968e-01 -1.801677495241165161e-01
2.765350639820098877e-01 -6.311046332120895386e-02 -1.149516925215721130e-01 -5.906943231821060181e-02
3.020671904087066650e-01 2.578302323818206787e-01 6.262063398025929928e-04 2.952345907688140869e-01
-4.862654805183410645e-01 -3.551464080810546875e-01 3.627842664718627930e-01 -1.843932420015335083e-01
8.817826211452484131e-02 1.025456003844738007e-02 -1.512933224439620972e-01 -6.189702451229095459e-02
-3.754365444183349609e-01 -2.250381261110305786e-01 2.649280428886413574e-01 -2.621690034866333008e-01
1.798779070377349854e-01 6.676834076642990112e-02 -1.543035805225372314e-01 -1.345523446798324585e-02
2.835133671760559082e-02 6.974453479051589966e-02 -1.015145331621170044e-01 -1.969201862812042236e-01
4.522688984870910645e-01 1.455169022083282471e-01 -1.802928559482097626e-02 -4.646783769130706787e-01
3.321867436170578003e-02 4.953053221106529236e-02 -1.886228173971176147e-01 -8.309558033943176270e-02
3.380164802074432373e-01 -5.303661897778511047e-02 -1.487195938825607300e-01 -1.445523947477340698e-01
1.141730025410652161e-01 -4.196443036198616028e-02 6.160548329353332520e-02 -5.481346324086189270e-02
2.981333732604980469e-01 -1.172649860382080078e-01 -4.844953119754791260e-01 -9.385088086128234863e-02
-2.352375909686088562e-02 3.302103281021118164e-01 -3.885131478309631348e-01 6.822225451469421387e-01
-8.121302723884582520e-02 -1.207801997661590576e-01 4.651049524545669556e-02 -5.760187283158302307e-02
1.533921957015991211e-01 -2.486229129135608673e-02 -1.090202033519744873e-01 -3.294151648879051208e-02
7.290233671665191650e-02 7.147038727998733521e-02 -7.050526887178421021e-02 -3.106559813022613525e-02
-3.260267153382301331e-02 -4.357223957777023315e-02 -2.558650262653827667e-02 5.045667290687561035e-02
-2.165022939443588257e-01 6.924235820770263672e-02 8.545699715614318848e-02 9.733559191226959229e-02
-6.845082044601440430e-01 -7.229321636259555817e-03 5.269050598144531250e-05 5.769622921943664551e-01
-3.277522921562194824e-01 -8.738062530755996704e-02 3.547943532466888428e-01 6.256290525197982788e-02
-5.236064791679382324e-01 -2.821762561798095703e-01 4.284716844558715820e-01 1.872543841600418091e-01
-2.338979244232177734e-01 -2.176501452922821045e-01 2.342949956655502319e-01 -1.311185359954833984e-01
2.778841555118560791e-01 2.567389905452728271e-01 -3.207657635211944580e-01 1.705154180526733398e-01
4.779413938522338867e-01 -1.528392285108566284e-01 -4.880168735980987549e-01 -3.808692097663879395e-01
5.478904023766517639e-02 -2.253144979476928711e-02 -1.255195587873458862e-01 -1.623010933399200439e-01
9.444677233695983887e-01 8.075034618377685547e-01 7.673763483762741089e-02 -4.315440356731414795e-01
2.147144228219985962e-01 3.364645317196846008e-02 -2.365124821662902832e-01 -3.727630153298377991e-02
-3.345393836498260498e-01 -2.458649873733520508e-01 1.263527385890483856e-02 -5.524706244468688965e-01
2.343179732561111450e-01 2.062504924833774567e-02 -4.246971309185028076e-01 4.359198361635208130e-02
2.293827086687088013e-01 1.500857435166835785e-02 -4.313067793846130371e-01 1.168984770774841309e-01
1.843510866165161133e-01 1.751160435378551483e-02 -3.365520760416984558e-02 -1.291851699352264404e-01
1.951748877763748169e-01 -9.493056684732437134e-02 -2.442590296268463135e-01 -2.828618139028549194e-02
-1.669168919324874878e-01 5.302660167217254639e-02 1.183621808886528015e-01 -1.074796915054321289e-01
2.422865182161331177e-01 2.394087426364421844e-02 -5.673012733459472656e-01 5.755665302276611328e-01
5.228822231292724609e-01 5.407590419054031372e-02 1.368980109691619873e-01 -2.070767581462860107e-01
-5.734716057777404785e-01 -4.773681461811065674e-01 3.470505177974700928e-01 3.405076265335083008e-01
3.175809979438781738e-01 1.232634633779525757e-01 8.276204019784927368e-02 1.078770011663436890e-01
-1.378605365753173828e-01 1.708269119262695312e-04 7.409118860960006714e-02 1.143133044242858887e-01
7.106837630271911621e-02 3.653377667069435120e-02 -2.560592070221900940e-02 -6.727098673582077026e-02
1.661658436059951782e-01 1.791852414608001709e-01 -1.969965845346450806e-01 1.881252229213714600e-02
2.286269664764404297e-01 4.847651720046997070e-02 -1.637788265943527222e-01 -8.805964887142181396e-02
-8.873517513275146484e-01 1.146440654993057251e-01 -6.916825771331787109e-01 -7.366796135902404785e-01
-2.513141557574272156e-02 -1.104405336081981659e-02 -4.565127193927764893e-02 5.852779746055603027e-02
-4.368738457560539246e-02 1.868727505207061768e-01 -3.698301017284393311e-01 2.317841909825801849e-02
-2.294078283011913300e-02 -1.178418025374412537e-01 3.714472800493240356e-02 -3.296152502298355103e-02
3.174757361412048340e-01 3.565929234027862549e-01 7.172966003417968750e-01 -8.532116413116455078e-01
1.076824739575386047e-01 -8.392516523599624634e-02 -1.760109663009643555e-01 -6.180828437209129333e-02
3.858058154582977295e-01 -4.158760979771614075e-02 6.507483776658773422e-03 -1.372489184141159058e-01
4.815787971019744873e-01 2.466422915458679199e-01 -3.467439115047454834e-01 -4.430314898490905762e-01
-1.228716894984245300e-01 -8.688753843307495117e-02 -3.133629634976387024e-02 1.376787871122360229e-01
7.911030948162078857e-02 2.746859490871429443e-01 3.572334945201873779e-01 -4.296700656414031982e-01
3.509789705276489258e-02 6.365775479935109615e-04 -8.697567135095596313e-02 -2.838415279984474182e-02
6.107266545295715332e-01 -4.505476951599121094e-01 -1.197198033332824707e-01 3.003260493278503418e-01
-1.127586737275123596e-01 8.502362668514251709e-02 1.309239268302917480e-01 -1.425408273935317993e-01
-2.366005815565586090e-02 8.859708160161972046e-02 1.770379543304443359e-01 -1.232551261782646179e-01
1.181337982416152954e-01 -1.650927937589585781e-03 -6.323068588972091675e-02 -4.052480682730674744e-02
-2.333086542785167694e-02 8.092786371707916260e-02 1.864095330238342285e-01 -1.027843058109283447e-01
3.305128812789916992e-01 1.356283128261566162e-01 -2.113514840602874756e-01 -2.151990383863449097e-01
7.727773189544677734e-01 7.320714592933654785e-01 -1.976919472217559814e-01 5.055815577507019043e-01
3.291168808937072754e-02 5.113417655229568481e-02 -7.624747604131698608e-02 2.309713363647460938e-01
7.026805281639099121e-01 -2.621792256832122803e-01 4.817249178886413574e-01 -1.814451962709426880e-01
-7.955239713191986084e-02 5.765153467655181885e-02 -8.085455000400543213e-02 1.301770955324172974e-01
-1.597757190465927124e-01 -8.037513121962547302e-03 4.069782793521881104e-03 -4.575697239488363266e-03
4.143951088190078735e-02 7.248149812221527100e-02 -1.035653129220008850e-01 -4.063135385513305664e-02
1.910376548767089844e-02 3.113217093050479889e-02 -1.253913193941116333e-01 -3.396009281277656555e-02
8.250139653682708740e-02 -8.241146802902221680e-02 -1.487133055925369263e-01 -3.144973143935203552e-02
-1.339520215988159180e-01 -1.258848011493682861e-01 3.251303434371948242e-01 6.920712441205978394e-02
9.381294995546340942e-02 -3.301754966378211975e-02 2.883379757404327393e-01 2.371688932180404663e-02
7.359655946493148804e-02 -1.282261610031127930e-01 4.236093163490295410e-01 -1.682382971048355103e-01
-3.519357144832611084e-01 2.658713459968566895e-01 -7.744177579879760742e-01 2.042178809642791748e-01
-3.830057978630065918e-01 -4.903472363948822021e-01 4.935667216777801514e-01 2.798511087894439697e-01
4.160415232181549072e-01 9.016389250755310059e-01 1.923937536776065826e-02 -3.587416708469390869e-01
3.014197805896401405e-03 3.970680013298988342e-02 -1.767224818468093872e-02 2.114576660096645355e-02
-2.141141593456268311e-01 3.148842155933380127e-01 4.319848120212554932e-01 -2.650420963764190674e-01
-1.180720850825309753e-01 1.063288003206253052e-01 1.645232886075973511e-01 -1.073220297694206238e-01
3.448861837387084961e-01 1.399382948875427246e-01 -1.448725610971450806e-01 -2.434023320674896240e-01
7.587119340896606445e-01 2.232682704925537109e-01 1.107675507664680481e-01 -9.139928221702575684e-01
5.518673062324523926e-01 2.125525921583175659e-01 2.137393355369567871e-01 -4.999698698520660400e-01
-4.868658185005187988e-01 1.364331841468811035e-01 -2.659799456596374512e-01 -1.344742923974990845e-01
-1.207261607050895691e-01 1.028595566749572754e-01 -2.103044688701629639e-01 5.077289789915084839e-02
4.222860559821128845e-02 5.491163581609725952e-02 -4.557418823242187500e-02 -6.361524760723114014e-02
2.380192875862121582e-01 8.575750887393951416e-02 2.754442859441041946e-03 -1.143975704908370972e-01
-1.018071100115776062e-01 5.639975145459175110e-02 4.523549601435661316e-02 2.644124999642372131e-02
3.045452237129211426e-01 -3.071863651275634766e-01 2.339413017034530640e-01 -1.817328184843063354e-01
-7.755469530820846558e-02 5.288323760032653809e-02 1.112069636583328247e-01 -3.162199631333351135e-02
3.783241212368011475e-01 3.490645289421081543e-01 8.754576742649078369e-02 -3.167805969715118408e-01
-3.659068048000335693e-01 -2.715730667114257812e-01 5.786052942276000977e-01 3.813768625259399414e-01
1.917926073074340820e-01 5.864457786083221436e-02 -9.362921118736267090e-02 -1.429527103900909424e-01
-2.565762400627136230e-02 -1.271227095276117325e-02 7.598400861024856567e-02 2.103948034346103668e-02
-4.905239045619964600e-01 -2.759826779365539551e-01 2.295199185609817505e-01 4.860231876373291016e-01
-3.468555510044097900e-01 -2.735783755779266357e-01 3.404500186443328857e-01 3.697584271430969238e-01
2.345366477966308594e-01 -1.282312273979187012e-01 -7.383095473051071167e-02 -1.678825765848159790e-01
3.179983198642730713e-01 -1.925365775823593140e-01 -4.022270739078521729e-01 -1.712826788425445557e-01
-3.230527937412261963e-01 -1.627753823995590210e-01 -2.268008887767791748e-02 -2.844345271587371826e-01
6.407737731933593750e-02 -1.650884300470352173e-01 -4.541846364736557007e-02 -5.872654914855957031e-02
1.488754432648420334e-02 1.883629709482192993e-02 1.008991003036499023e-01 -7.789985090494155884e-02
-2.017866820096969604e-01 8.321475982666015625e-02 2.474842071533203125e-01 7.520195841789245605e-02
-8.131345361471176147e-02 2.299261093139648438e-02 3.550505638122558594e-01 2.185751348733901978e-01
4.120424389839172363e-01 3.488523364067077637e-01 -3.469083011150360107e-01 4.328995048999786377e-01
-1.021178439259529114e-01 4.793607164174318314e-03 8.453021198511123657e-02 -6.224145740270614624e-02
2.120045945048332214e-02 1.637193374335765839e-02 -1.344945374876260757e-02 -5.353661626577377319e-02
-2.812702357769012451e-01 3.276389241218566895e-01 -2.499000877141952515e-01 -4.734896719455718994e-01
-4.270077496767044067e-02 1.853061467409133911e-01 3.080552816390991211e-01 -3.930056095123291016e-01
-2.834075689315795898e-01 -1.839496195316314697e-01 2.114204466342926025e-01 2.276723086833953857e-01
-1.649120450019836426e-01 1.382475942373275757e-01 1.527707725763320923e-01 9.975919127464294434e-02
-3.030331432819366455e-01 9.949416667222976685e-02 3.403137922286987305e-01 -5.587240457534790039e-01
-1.110440120100975037e-01 7.146952208131551743e-03 2.326772511005401611e-01 -9.777170419692993164e-02
-5.407935380935668945e-01 6.746330857276916504e-01 5.049819946289062500e-01 -5.056832730770111084e-02
2.189544737339019775e-01 4.157000035047531128e-02 -3.256877660751342773e-01 -1.398168653249740601e-01
4.445766806602478027e-01 -2.087426930665969849e-02 -3.599099218845367432e-01 -4.721864759922027588e-01
-1.039229147136211395e-02 2.866400592029094696e-02 5.174433812499046326e-02 -3.182450681924819946e-02
5.798283964395523071e-02 5.465309619903564453e-01 -6.226597428321838379e-01 -2.555806040763854980e-01
2.127882987260818481e-01 1.340522319078445435e-01 3.453637659549713135e-01 -1.656856685876846313e-01
-3.414961695671081543e-01 -4.781210049986839294e-02 2.323221229016780853e-02 -3.082942664623260498e-01
1.611307263374328613e-01 1.154197305440902710e-01 -2.076496779918670654e-01 -6.300555914640426636e-02
1.426916569471359253e-01 3.768661245703697205e-02 -7.685448229312896729e-02 -5.150735750794410706e-02
-7.427980750799179077e-02 4.666191712021827698e-02 -5.541079118847846985e-02 3.917059674859046936e-02
3.118683397769927979e-01 3.681703209877014160e-01 -4.178414046764373779e-01 5.531116724014282227e-01
2.423014678061008453e-02 -4.261438548564910889e-02 2.363643795251846313e-01 1.362357586622238159e-01
-4.650709927082061768e-01 -2.872329056262969971e-01 5.037879347801208496e-01 3.044247925281524658e-01
-4.594962000846862793e-01 -2.148372232913970947e-01 2.098240330815315247e-02 4.487653076648712158e-01
-2.922780811786651611e-01 -9.887116402387619019e-02 3.129445314407348633e-01 8.933021128177642822e-02
-3.334234952926635742e-01 -5.496891960501670837e-02 2.122246325016021729e-01 -6.726380437612533569e-02
1.779689639806747437e-01 8.012719452381134033e-03 -6.107456237077713013e-02 -1.001719012856483459e-01
5.612821877002716064e-02 3.269412741065025330e-02 -2.423574775457382202e-02 -7.233054190874099731e-02
2.550815939903259277e-01 2.120057865977287292e-02 -2.663260698318481445e-01 1.450892817229032516e-02
-7.018558681011199951e-02 1.508608013391494751e-01 1.969678252935409546e-01 1.656799316406250000e-01
-5.077446699142456055e-01 -3.256242573261260986e-01 4.081454277038574219e-01 6.846858859062194824e-01
7.920661568641662598e-02 -3.523987904191017151e-02 -7.247333526611328125e-01 5.775611996650695801e-01
-7.924701273441314697e-02 -6.102337315678596497e-02 1.498054116964340210e-01 -8.868969231843948364e-02
-3.010519444942474365e-01 4.103405401110649109e-02 2.219789028167724609e-01 -4.083499908447265625e-01
8.222593665122985840e-01 -7.651565670967102051e-01 7.299146652221679688e-01 -1.409033834934234619e-01
-2.343859076499938965e-01 2.334957011044025421e-02 3.124268651008605957e-01 -1.078432705253362656e-02
-5.858108997344970703e-01 -6.651052832603454590e-01 -1.097376197576522827e-01 -4.320571422576904297e-01
3.619093298912048340e-01 -2.003784924745559692e-01 -5.475488305091857910e-01 1.321373879909515381e-01
-3.109005689620971680e-01 1.434215903282165527e-01 2.406452894210815430e-01 -2.464580684900283813e-01
-1.833599656820297241e-01 2.310346513986587524e-01 5.200986862182617188e-01 -2.049332410097122192e-01
-3.231259286403656006e-01 -1.929351538419723511e-01 8.855403214693069458e-02 -1.552499979734420776e-01
-1.645053178071975708e-01 8.050351589918136597e-02 1.432763338088989258e-01 -1.668412238359451294e-01
5.411209538578987122e-02 2.173367515206336975e-02 1.078527346253395081e-01 4.685378074645996094e-02
3.619400411844253540e-02 6.307502090930938721e-02 -1.864580810070037842e-01 -2.277606166899204254e-02
2.647104263305664062e-01 -2.912234365940093994e-01 -4.641653299331665039e-01 1.884117573499679565e-01
1.918393671512603760e-01 3.913863748311996460e-02 -1.366412937641143799e-01 -5.469535663723945618e-02
6.240621805191040039e-01 -9.837645888328552246e-01 -6.673413515090942383e-02 5.057554841041564941e-01
3.667811751365661621e-01 9.705229848623275757e-02 -2.525393962860107422e-01 -1.686301380395889282e-01
3.511760383844375610e-02 5.251174420118331909e-02 -3.739186376333236694e-02 -2.640181966125965118e-02
5.032593756914138794e-02 1.145846620202064514e-01 -1.604095697402954102e-01 -3.194198757410049438e-02
-1.086183935403823853e-01 1.085915416479110718e-01 9.533274173736572266e-02 -1.445645745843648911e-02
1.586652100086212158e-01 -1.830611750483512878e-02 -1.335055381059646606e-01 -9.595824033021926880e-02
1.365721672773361206e-01 7.509591579437255859e-01 -5.629072189331054688e-01 9.042910337448120117e-01
2.199915498495101929e-01 3.100633621215820312e-04 -2.796919047832489014e-01 1.157130394130945206e-02
-6.631116867065429688e-01 -8.479790687561035156e-01 4.405769705772399902e-01 2.030936926603317261e-01
4.362061321735382080e-01 -2.621878683567047119e-01 -1.665341854095458984e-01 -4.908333718776702881e-02
-3.152338787913322449e-02 1.343743801116943359e-01 -1.506453007459640503e-02 -9.910418093204498291e-02
1.569213718175888062e-02 5.451625213027000427e-03 -8.024543523788452148e-02 -1.524556800723075867e-02
-6.612306833267211914e-02 -9.308069013059139252e-03 1.216768696904182434e-01 2.540589869022369385e-02
4.204249382019042969e-02 6.725241243839263916e-02 -7.173628360033035278e-02 -5.649704113602638245e-02
-4.573396444320678711e-01 3.331258296966552734e-01 2.771420478820800781e-01 -5.866993069648742676e-01
2.405396103858947754e-01 -4.090469330549240112e-02 -1.741065531969070435e-01 4.133874177932739258e-02
3.680390119552612305e-02 6.948046386241912842e-02 -7.745409011840820312e-02 -3.018659912049770355e-02
-2.247300446033477783e-01 3.490862250328063965e-01 -7.447065711021423340e-01 -6.245635822415351868e-02
-3.638003170490264893e-01 1.249681860208511353e-01 3.752436041831970215e-01 2.706985473632812500e-01
-1.967747360467910767e-01 2.331230491399765015e-01 3.632296323776245117e-01 -4.236518740653991699e-01
9.030492603778839111e-02 3.509259968996047974e-02 -9.035789966583251953e-02 -3.281969949603080750e-02
5.872223377227783203e-01 3.368142247200012207e-01 1.264922320842742920e-01 -2.847761511802673340e-01
1.986728161573410034e-01 6.874371320009231567e-02 -1.781911700963973999e-01 -2.506375312805175781e-05
3.798761069774627686e-01 -2.719593048095703125e-01 -5.015822052955627441e-01 -3.104020059108734131e-01
1.531226038932800293e-01 1.801757365465164185e-01 -2.560415565967559814e-01 -1.049077585339546204e-01
-7.068306803703308105e-01 3.933435380458831787e-01 2.587358653545379639e-01 4.314762949943542480e-01
2.206343263387680054e-01 -1.958900988101959229e-01 -4.357895851135253906e-01 -1.458406001329421997e-01
-2.824825644493103027e-01 9.896772354841232300e-02 3.495806157588958740e-01 2.639478147029876709e-01
1.538589149713516235e-01 -4.626692831516265869e-01 -4.370972216129302979e-01 -3.418070077896118164e-01
-1.191388070583343506e-01 2.386950887739658356e-02 5.014799162745475769e-02 1.546170283108949661e-02
4.926649630069732666e-01 1.906975954771041870e-01 -1.131278052926063538e-01 9.348870813846588135e-02
3.896289691329002380e-02 -4.479721933603286743e-02 -5.614138841629028320e-01 2.677428424358367920e-01
1.196066215634346008e-01 -6.807321310043334961e-02 1.379511654376983643e-01 -1.059614643454551697e-01
-1.900094151496887207e-01 -2.875074148178100586e-01 3.488585948944091797e-01 4.722495004534721375e-02
-2.149696946144104004e-01 1.091956626623868942e-03 1.427628993988037109e-01 -1.493783947080373764e-02
-4.702244699001312256e-02 7.320920377969741821e-02 5.242919325828552246e-01 -2.677730284631252289e-02
-2.817477583885192871e-01 8.508303761482238770e-02 1.843006461858749390e-01 6.507438421249389648e-02
6.624495983123779297e-02 -7.922770082950592041e-02 -9.175201505422592163e-02 -8.537512272596359253e-02
-2.398393303155899048e-01 4.668891802430152893e-02 1.567618250846862793e-01 -6.717705726623535156e-02
9.250546991825103760e-02 1.466884277760982513e-02 1.114012394100427628e-02 -7.779268175363540649e-02
-8.295442909002304077e-02 9.117827750742435455e-03 7.164674252271652222e-02 2.734575234353542328e-02
-2.500373423099517822e-01 2.165062725543975830e-01 4.312432110309600830e-01 1.745576262474060059e-01
7.513605058193206787e-02 -1.208103541284799576e-02 3.172040879726409912e-01 1.034995019435882568e-01
3.929975330829620361e-01 -1.930182725191116333e-01 -3.653812408447265625e-01 2.913984954357147217e-01
2.472290210425853729e-02 1.623678579926490784e-02 2.308925688266754150e-01 7.449995726346969604e-02
-2.176735401153564453e-01 1.450421363115310669e-01 1.190873384475708008e-01 1.048465743660926819e-01
-2.964890934526920319e-02 -7.165190298110246658e-03 -2.902694642543792725e-01 1.134103536605834961e-01
-4.783649146556854248e-01 -2.999604344367980957e-01 2.087479084730148315e-01 9.088638424873352051e-02
7.351073026657104492e-01 -1.184268295764923096e-01 8.635822683572769165e-02 7.579264640808105469e-01
1.581759303808212280e-01 -1.279888600111007690e-01 -1.028976589441299438e-01 -1.690864711999893188e-01
-2.046115100383758545e-01 -1.444598585367202759e-01 1.133727505803108215e-01 3.247272372245788574e-01
1.159134805202484131e-01 -6.482765078544616699e-02 -9.268913418054580688e-02 -1.024616137146949768e-01
-2.634506523609161377e-01 3.640305995941162109e-02 9.939359873533248901e-02 -1.117343828082084656e-01
-1.060100458562374115e-02 2.295853570103645325e-02 1.169888600707054138e-01 -1.673887856304645538e-02
-2.638306915760040283e-01 1.848439499735832214e-02 1.045131385326385498e-01 -1.338473558425903320e-01
-4.244463741779327393e-01 -1.094185635447502136e-01 1.240165010094642639e-01 9.282527863979339600e-02
-1.529288291931152344e-02 1.134275458753108978e-02 2.573365345597267151e-03 -3.181331232190132141e-02
1.789775490760803223e-01 -1.724760830402374268e-01 -4.887953102588653564e-01 7.085532415658235550e-03
-3.332227095961570740e-02 6.060032173991203308e-02 2.133562713861465454e-01 3.916143253445625305e-02
-3.946021497249603271e-01 3.047333098948001862e-02 1.540435403585433960e-01 -2.380557209253311157e-01
5.290898084640502930e-01 1.635428220033645630e-01 5.491196364164352417e-02 -4.518775045871734619e-01
-4.332941472530364990e-01 -1.756349354982376099e-01 1.520645618438720703e-01 -3.965568542480468750e-01
5.844374373555183411e-02 1.117055416107177734e-01 -1.607043296098709106e-01 -9.748060256242752075e-03
1.571653485298156738e-01 2.219727784395217896e-01 7.396481186151504517e-02 1.316697802394628525e-02
-4.340197145938873291e-02 -1.662220656871795654e-01 -3.377596735954284668e-01 -3.410496115684509277e-01
-1.165940165519714355e-01 -3.168451786041259766e-02 6.106220930814743042e-02 -3.486857516691088676e-03
-1.126361489295959473e-01 -3.808954060077667236e-01 7.082344032824039459e-03 2.690595574676990509e-02
4.036312401294708252e-01 -2.346305996179580688e-01 -2.696195542812347412e-01 -3.690883517265319824e-01
-2.177758328616619110e-02 2.229680418968200684e-01 -5.009156465530395508e-01 -4.046348631381988525e-01
2.975596487522125244e-01 3.711434602737426758e-01 -9.791940450668334961e-02 1.468049269169569016e-02
1.518494188785552979e-01 -1.821195334196090698e-01 -5.221046209335327148e-01 3.890976607799530029e-01
-9.960817545652389526e-02 -2.911102585494518280e-02 1.712671816349029541e-01 -5.457991734147071838e-02
-1.065566167235374451e-01 5.702204257249832153e-02 1.217481568455696106e-01 7.573854178190231323e-02
-1.581595391035079956e-01 1.510371714830398560e-01 -3.212883695960044861e-02 2.112372219562530518e-01
-3.753434717655181885e-01 -3.603442311286926270e-01 2.289635539054870605e-01 5.098881125450134277e-01
-5.954633280634880066e-02 8.103432506322860718e-02 -3.676175177097320557e-01 -1.390558481216430664e-01
3.923660814762115479e-01 -1.648471057415008545e-01 -2.532052695751190186e-01 -3.047553449869155884e-02
-3.697730004787445068e-01 -1.995856910943984985e-01 2.782419919967651367e-01 -1.971483975648880005e-01
2.472315728664398193e-01 2.629214227199554443e-01 -1.948897540569305420e-01 -9.884805977344512939e-02
3.708907365798950195e-01 -1.666499376296997070e-01 -4.513459205627441406e-01 -2.668072879314422607e-01
1.135307922959327698e-01 -1.590344905853271484e-01 -1.045121997594833374e-01 -5.798425152897834778e-02
-6.302135437726974487e-02 -3.820728138089179993e-02 1.821745038032531738e-01 -1.959132775664329529e-02
3.418138623237609863e-02 -1.043234206736087799e-02 4.559680819511413574e-01 -1.665709465742111206e-01
-4.905939400196075439e-01 -2.000424712896347046e-01 5.619868636131286621e-02 -4.198035299777984619e-01
-5.442193746566772461e-01 -7.689149975776672363e-01 5.126510858535766602e-01 1.241236627101898193e-01
1.336142271757125854e-01 5.193248987197875977e-01 -6.115363240242004395e-01 6.170721650123596191e-01
-2.544405758380889893e-01 -2.301810868084430695e-02 2.019183039665222168e-01 8.956789039075374603e-03
5.466732382774353027e-01 -9.449202418327331543e-01 6.664909124374389648e-01 -3.494876623153686523e-01
1.170509457588195801e-01 -3.395126760005950928e-01 6.634825468063354492e-01 3.966746479272842407e-02
1.751240044832229614e-01 7.805068045854568481e-02 -1.913861781358718872e-01 8.555284887552261353e-02
-1.495973914861679077e-01 1.214281097054481506e-01 2.829891741275787354e-01 -7.844763807952404022e-03
-7.832826375961303711e-01 -4.304335713386535645e-01 -3.943328559398651123e-02 4.375697672367095947e-01
1.816283762454986572e-01 8.952900022268295288e-02 1.448900699615478516e-01 -1.839809119701385498e-01
-1.098058745265007019e-01 -1.620452255010604858e-01 -4.212822318077087402e-01 1.198556572198867798e-01
-4.842632710933685303e-01 6.202336549758911133e-01 4.023839533329010010e-01 -3.844380378723144531e-02
2.213695198297500610e-01 8.218799829483032227e-01 -8.021325469017028809e-01 6.159849762916564941e-01
7.525719236582517624e-03 1.139996945858001709e-01 -7.738767862319946289e-01 4.461961984634399414e-01
-4.833744764328002930e-01 -4.219654798507690430e-01 4.341966509819030762e-01 6.533865928649902344e-01
-3.291122913360595703e-01 -3.943900018930435181e-02 4.437806308269500732e-01 3.597850799560546875e-01
1.134628355503082275e-01 4.939752444624900818e-02 -1.524813175201416016e-01 -9.584401734173297882e-03
2.034609615802764893e-01 2.617701888084411621e-01 -2.317720204591751099e-01 -9.210506081581115723e-02
4.198095202445983887e-01 5.268631577491760254e-01 -3.742003738880157471e-01 6.670824885368347168e-01
3.492936789989471436e-01 4.995321482419967651e-02 7.605067640542984009e-02 2.134338617324829102e-01
-5.887010693550109863e-01 -1.149032264947891235e-01 5.840890407562255859e-01 -7.447458803653717041e-02
-1.021948754787445068e-01 1.902183890342712402e-02 3.429712355136871338e-02 -5.335017293691635132e-02
-1.379834413528442383e-01 -5.662017464637756348e-01 1.012132242321968079e-01 6.768181174993515015e-02
-1.734477430582046509e-01 6.875889748334884644e-02 -8.959604799747467041e-02 -7.792437821626663208e-02
2.615259289741516113e-01 -6.502666324377059937e-02 -7.700795531272888184e-01 -9.174433350563049316e-01
-5.241913720965385437e-02 8.786173164844512939e-02 -1.027971655130386353e-01 -5.489695817232131958e-02
1.426188498735427856e-01 -5.506013706326484680e-02 -1.167096048593521118e-01 -2.645438350737094879e-02
1.540477275848388672e-01 2.163374274969100952e-01 2.846491150557994843e-02 5.619957670569419861e-02
5.123691558837890625e-01 -2.698910832405090332e-01 -5.203695297241210938e-01 3.474221564829349518e-03
-1.205808445811271667e-01 2.604134008288383484e-02 8.120770007371902466e-02 3.394633904099464417e-02
3.286887407302856445e-01 -1.607804447412490845e-01 -1.215081214904785156e-01 -2.212362587451934814e-01
-4.513604193925857544e-02 -1.191023271530866623e-02 3.588033616542816162e-01 -4.194957315921783447e-01
-1.757178641855716705e-02 -3.424758836627006531e-02 1.654535681009292603e-01 -1.667288094758987427e-01
-2.473266273736953735e-01 2.118282578885555267e-02 -1.933345347642898560e-01 -1.093154996633529663e-01
-3.381595760583877563e-02 5.876022577285766602e-02 1.988482661545276642e-02 -9.108937531709671021e-02
1.472417116165161133e-01 -1.855483949184417725e-01 -5.407249331474304199e-01 1.256063282489776611e-01
-3.333194553852081299e-01 9.270248562097549438e-02 3.384028971195220947e-01 2.198862880468368530e-01
-2.249475196003913879e-02 9.846708923578262329e-02 -7.748027890920639038e-02 -2.276237821206450462e-03
6.355113536119461060e-02 4.826250299811363220e-02 -5.649338662624359131e-02 1.415474060922861099e-02
3.035393059253692627e-01 -5.590167045593261719e-01 -7.675752043724060059e-01 -4.330348074436187744e-01
3.357672095298767090e-01 2.806278467178344727e-01 -1.886630505323410034e-01 -6.403487920761108398e-02
-2.506839483976364136e-02 2.806653454899787903e-02 3.747436031699180603e-02 -1.411916315555572510e-02
-3.783069849014282227e-01 -6.867572665214538574e-02 4.731445014476776123e-01 4.157496392726898193e-01
-2.518627792596817017e-02 1.616615056991577148e-01 -5.656988024711608887e-01 1.840751469135284424e-01
3.131587058305740356e-02 4.892041161656379700e-02 -2.089003473520278931e-01 4.905134811997413635e-02
2.679069340229034424e-01 4.733283445239067078e-02 -5.247088670730590820e-01 -3.053471446037292480e-01
2.164158523082733154e-01 2.068696022033691406e-01 -3.135114312171936035e-01 -2.138428837060928345e-01
-9.881462156772613525e-02 2.889805845916271210e-02 2.274858504533767700e-01 -1.526011377573013306e-01
3.134240396320819855e-03 -5.733631923794746399e-02 -4.323503375053405762e-02 -3.044879622757434845e-02
-3.581684082746505737e-02 -8.312987163662910461e-03 5.326529964804649353e-02 -1.912420243024826050e-02
-5.306196212768554688e-01 5.780309438705444336e-01 9.031473845243453979e-02 -5.130047798156738281e-01
-1.347534507513046265e-01 -2.310375869274139404e-01 -6.124729514122009277e-01 1.369274854660034180e-01
8.552663773298263550e-02 1.940289288759231567e-01 -8.291529864072799683e-02 -1.420110464096069336e-01
1.717265844345092773e-01 -2.986752428114414215e-02 -2.096343189477920532e-01 -2.203834801912307739e-02
3.664504289627075195e-01 -2.559187412261962891e-01 -3.508706986904144287e-01 -9.074064344167709351e-02
4.496997594833374023e-01 8.281915187835693359e-01 -4.459954202175140381e-01 2.803469300270080566e-01
-2.776137888431549072e-01 9.259588271379470825e-02 -1.687608957290649414e-01 -5.361735224723815918e-01
1.017012298107147217e-01 -1.193908154964447021e-01 -1.248642727732658386e-01 -1.580037623643875122e-01
-1.611963286995887756e-02 3.390121087431907654e-02 8.669090270996093750e-02 -1.260154843330383301e-01
2.897486686706542969e-01 -3.039265871047973633e-01 -4.066335260868072510e-01 2.199141681194305420e-01
-2.231934070587158203e-01 -3.853308558464050293e-01 3.587365746498107910e-01 4.357336834073066711e-02
4.821951389312744141e-01 6.522948145866394043e-01 9.385274648666381836e-01 -7.882166504859924316e-01
2.831710577011108398e-01 -2.133607305586338043e-02 -1.697680801153182983e-01 -2.245871126651763916e-01
-1.236280873417854309e-01 4.614982753992080688e-02 3.594256192445755005e-02 -5.543242022395133972e-02
2.209411002695560455e-02 -1.629139482975006104e-01 2.496356368064880371e-01 -1.366279572248458862e-01
4.867100715637207031e-01 -8.752509951591491699e-01 -3.028734922409057617e-01 -8.257353305816650391e-01
3.238817453384399414e-01 -1.695695668458938599e-01 -5.222593545913696289e-01 -3.151959180831909180e-01
2.283919900655746460e-01 4.458513557910919189e-01 -5.692673325538635254e-01 6.533635854721069336e-01
2.940288744866847992e-03 8.986411988735198975e-02 2.027646750211715698e-01 -3.475044965744018555e-01
-9.887611493468284607e-03 5.524785444140434265e-02 -5.138671025633811951e-02 -8.459842763841152191e-03
1.374562382698059082e-01 -2.761413753032684326e-01 -4.973540604114532471e-01 1.904794573783874512e-01
-5.537784695625305176e-01 -1.022703722119331360e-01 5.712339654564857483e-02 -5.257265567779541016e-01
1.658456623554229736e-01 9.082112461328506470e-02 -9.219864010810852051e-02 -8.682204782962799072e-02
1.004435587674379349e-02 -1.660703099332749844e-03 -2.426166087388992310e-01 2.054244428873062134e-01
-6.014348268508911133e-01 -5.246823281049728394e-02 9.740886092185974121e-02 -3.262999653816223145e-01
1.400399208068847656e-01 -1.705222427845001221e-01 6.486175060272216797e-01 -3.250566124916076660e-01
-2.891004085540771484e-01 -1.259305477142333984e-01 6.695098429918289185e-02 2.452425360679626465e-01
5.392938256263732910e-01 1.641607284545898438e-01 -5.590439215302467346e-02 -3.763496577739715576e-01
-1.630577296018600464e-01 1.042451336979866028e-01 3.769047260284423828e-01 4.635038226842880249e-02
5.250152200460433960e-02 6.051445007324218750e-02 -8.113095909357070923e-02 -3.845404088497161865e-02
8.049789071083068848e-02 1.946656405925750732e-02 1.177924033254384995e-02 -8.771783113479614258e-02
8.599671721458435059e-02 -2.577784955501556396e-01 -1.181379109621047974e-01 -3.158170878887176514e-01
2.924414277076721191e-01 -3.541894629597663879e-02 -1.642713695764541626e-01 1.225753948092460632e-01
-1.141718253493309021e-01 3.342193737626075745e-02 1.771651953458786011e-01 3.834905102849006653e-02
4.525597691535949707e-01 -3.826924040913581848e-02 1.909148097038269043e-01 1.633887439966201782e-01
2.508830726146697998e-01 6.871844083070755005e-02 -2.178872972726821899e-01 -1.154968291521072388e-01
-1.010375097393989563e-01 1.031055971980094910e-01 1.170975044369697571e-01 -8.131037652492523193e-02
2.598088681697845459e-01 -5.077515915036201477e-02 -8.040308207273483276e-02 -8.705206960439682007e-02
-1.885533630847930908e-01 3.772446513175964355e-02 -3.759696781635284424e-01 1.353864967823028564e-01
-5.740344896912574768e-02 1.291548926383256912e-02 9.832648187875747681e-02 -1.609877683222293854e-02
-1.283591091632843018e-01 5.419327691197395325e-02 1.385593116283416748e-01 -8.294329792261123657e-02
1.479534655809402466e-01 -3.386537730693817139e-01 -3.169679045677185059e-01 -2.778047919273376465e-01
-1.766977459192276001e-01 1.932868920266628265e-02 5.047379806637763977e-02 -2.026983536779880524e-02
-3.416007384657859802e-02 7.802201062440872192e-02 1.373051782138645649e-03 -3.920177463442087173e-03
2.357954233884811401e-01 1.892548352479934692e-01 -1.468065530061721802e-01 2.226747572422027588e-02
1.879862099885940552e-01 1.960462778806686401e-01 -4.531371593475341797e-02 2.643225714564323425e-02
-2.375751733779907227e-02 1.310964860022068024e-02 -4.248313605785369873e-02 1.278128195554018021e-02
-1.179296150803565979e-01 -2.866714894771575928e-01 3.276653587818145752e-01 -1.890313774347305298e-01
4.627247452735900879e-01 4.026190191507339478e-02 -1.052866652607917786e-01 2.846505641937255859e-01
9.259340167045593262e-02 3.088195249438285828e-02 5.035726726055145264e-02 -1.017177477478981018e-01
-5.507294088602066040e-03 1.112157925963401794e-01 4.580056667327880859e-02 1.426325831562280655e-02
8.215531706809997559e-02 1.238410174846649170e-01 -4.093113839626312256e-01 -3.936579078435897827e-02
1.770001351833343506e-01 2.807311713695526123e-01 -4.636786580085754395e-01 6.868361681699752808e-02
-3.926232159137725830e-01 -2.891593575477600098e-01 3.125891685485839844e-01 -6.815116852521896362e-02
-2.352176159620285034e-01 -3.307799398899078369e-01 2.418519854545593262e-01 -3.451391756534576416e-01
-3.885678201913833618e-02 4.818163067102432251e-02 -6.751956939697265625e-01 -4.645208418369293213e-01
2.172146439552307129e-01 -3.202735185623168945e-01 -5.644367933273315430e-01 -3.113660216331481934e-01
9.753692895174026489e-03 4.145752787590026855e-01 -6.941366940736770630e-02 -4.802284836769104004e-01
4.718476533889770508e-01 7.862408459186553955e-02 -2.433134764432907104e-01 -1.110169589519500732e-01
1.516144424676895142e-01 1.655358821153640747e-01 -3.083809018135070801e-01 1.037483364343643188e-01
5.896105244755744934e-02 4.829259216785430908e-02 4.215512424707412720e-02 5.135902166366577148e-01
2.459035664796829224e-01 8.084271103143692017e-02 -1.813663393259048462e-01 7.593440264463424683e-02
4.488561302423477173e-02 6.748025864362716675e-02 2.389488741755485535e-02 -6.832600384950637817e-02
-1.413781940937042236e-01 2.249298095703125000e-01 -1.331210732460021973e-01 2.222990840673446655e-01
2.829604446887969971e-01 3.824035525321960449e-01 -5.890907049179077148e-01 7.906341552734375000e-01
2.309627681970596313e-01 1.758036576211452484e-02 -1.645476520061492920e-01 -4.928370192646980286e-02
2.454905807971954346e-01 3.630817681550979614e-02 -8.368141204118728638e-02 -1.287942975759506226e-01
1.991138458251953125e-01 1.507687717676162720e-01 -1.586738675832748413e-01 4.735043644905090332e-02
-1.277960538864135742e-01 -1.223866343498229980e-01 2.193354368209838867e-01 5.448840185999870300e-02
1.688776314258575439e-01 2.618844509124755859e-01 4.318829476833343506e-01 -2.726417779922485352e-01
-5.980523228645324707e-01 -4.965161681175231934e-01 1.524536162614822388e-01 4.573361277580261230e-01
-2.482745498418807983e-01 6.094254255294799805e-01 -2.917611002922058105e-01 1.078644841909408569e-01
7.852035574615001678e-03 1.892805472016334534e-02 -4.567482694983482361e-02 -3.298733383417129517e-02
1.044194027781486511e-01 2.903122268617153168e-02 -1.787108629941940308e-01 1.902901940047740936e-02
2.185145765542984009e-02 6.653597205877304077e-02 -3.050709962844848633e-01 1.305857449769973755e-01
-2.125260680913925171e-01 9.285517781972885132e-02 2.112486958503723145e-01 -1.881857812404632568e-01
-1.037943288683891296e-01 1.950027197599411011e-01 -4.421080276370048523e-02 -9.699278511106967926e-03
-2.658249735832214355e-01 -2.306987941265106201e-01 3.748869001865386963e-01 9.129826724529266357e-02
-3.717543780803680420e-01 -2.746156454086303711e-01 4.473471641540527344e-01 1.362280398607254028e-01
-2.211223691701889038e-01 5.437037721276283264e-02 1.226338073611259460e-01 5.208637937903404236e-02
-2.478248178958892822e-01 1.869630515575408936e-01 3.299492597579956055e-02 -1.794404536485671997e-01
-4.552922025322914124e-02 7.395733892917633057e-02 -6.776398420333862305e-02 -3.096287883818149567e-02
3.625022172927856445e-01 -1.330489963293075562e-01 -1.560638993978500366e-01 8.671997487545013428e-02
-5.545050501823425293e-01 6.514981985092163086e-01 1.238122582435607910e-01 -7.709259986877441406e-01
-1.586589366197586060e-01 -1.266433149576187134e-01 -4.359365627169609070e-02 -1.626808047294616699e-01
2.216232381761074066e-02 8.011479675769805908e-02 -9.972183406352996826e-02 -3.090767748653888702e-02
2.886793315410614014e-01 2.818930447101593018e-01 -3.404204547405242920e-01 6.645431369543075562e-02
-4.879593849182128906e-01 -1.157164797186851501e-01 -3.415733575820922852e-02 -7.216144204139709473e-01
-5.140407010912895203e-02 -4.843851923942565918e-02 8.001790940761566162e-02 -7.497709244489669800e-02
-2.636846601963043213e-01 -8.470700979232788086e-01 6.648451089859008789e-01 -5.344819426536560059e-01
4.932225942611694336e-01 4.818869531154632568e-01 -3.892382085323333740e-01 4.560422599315643311e-01
1.825237274169921875e-02 -8.471993356943130493e-02 3.174708187580108643e-01 -8.338008075952529907e-02
9.080327302217483521e-02 8.402492105960845947e-02 -1.044372096657752991e-01 7.510461378842592239e-03
9.632062911987304688e-02 5.048329234123229980e-01 -6.074960231781005859e-01 2.228156030178070068e-01
2.633222937583923340e-01 -2.673445641994476318e-01 -5.240609049797058105e-01 2.304589152336120605e-01
-3.964795768260955811e-01 -2.752122581005096436e-01 4.880826175212860107e-01 6.315652728080749512e-01
-6.330611705780029297e-01 8.083062767982482910e-01 3.073149323463439941e-01 1.238248199224472046e-01
-4.015193134546279907e-02 -9.269210509955883026e-03 -5.736911296844482422e-02 -1.703975955024361610e-03
-1.072576865553855896e-01 -3.243249952793121338e-01 1.652086675167083740e-01 -1.602552235126495361e-01
5.777225494384765625e-01 -6.140646338462829590e-01 -1.574616134166717529e-01 2.203650325536727905e-01
-8.037559390068054199e-01 6.797072291374206543e-01 3.268277645111083984e-01 6.687887310981750488e-01
-3.865258395671844482e-02 -3.737079352140426636e-02 3.947577625513076782e-02 7.664028555154800415e-02
-4.280518740415573120e-02 -8.569984696805477142e-03 -8.929485082626342773e-02 -1.667523756623268127e-02
2.102308720350265503e-01 1.585005433298647404e-03 3.342046141624450684e-01 -2.932134568691253662e-01
3.553588986396789551e-01 -5.190365314483642578e-01 -5.904544591903686523e-01 -7.756381481885910034e-02
7.839575409889221191e-01 6.864281296730041504e-01 1.546393483877182007e-01 2.851617336273193359e-02
-8.303297758102416992e-01 9.849218130111694336e-01 2.780722379684448242e-01 2.516136765480041504e-01
-8.500882983207702637e-02 -3.292436897754669189e-01 3.442622721195220947e-01 -1.559574156999588013e-01
-2.123673856258392334e-01 -5.452340468764305115e-03 -1.581009626388549805e-01 1.653079241514205933e-01
2.900201678276062012e-01 -7.766187191009521484e-02 -1.268023103475570679e-01 -2.073086798191070557e-01
5.588286519050598145e-01 2.430766075849533081e-01 -3.328181505203247070e-01 -2.723163962364196777e-01
8.407591283321380615e-02 1.444800347089767456e-01 -2.975837886333465576e-01 -2.839113175868988037e-01
8.239720761775970459e-02 7.806371897459030151e-02 -2.867253720760345459e-01 3.696130961179733276e-02
-3.167287111282348633e-01 3.100944161415100098e-01 2.273301929235458374e-01 -6.511359214782714844e-01
7.126945257186889648e-01 -5.614020824432373047e-01 2.519802153110504150e-01 -1.541945934295654297e-01
6.390190720558166504e-01 5.802667140960693359e-01 -1.535587757825851440e-01 -7.631451822817325592e-03
4.914767295122146606e-02 3.268936276435852051e-02 -1.143393665552139282e-01 4.498809110373258591e-03
6.575332880020141602e-01 6.585904210805892944e-02 2.075769603252410889e-01 1.392871588468551636e-01
2.233098261058330536e-02 5.578347668051719666e-02 -4.646576941013336182e-02 6.901735812425613403e-02
-1.467275917530059814e-01 -7.103323470801115036e-03 6.412053108215332031e-02 -6.057217344641685486e-02
6.236258149147033691e-02 5.115712434053421021e-02 1.431009825319051743e-02 -8.585365116596221924e-02
2.069375514984130859e-01 -9.782648831605911255e-02 6.361370533704757690e-02 -9.574138373136520386e-02
-1.486177146434783936e-01 2.601441740989685059e-02 5.890884250402450562e-02 1.501423493027687073e-02
-6.568761467933654785e-01 -1.989881396293640137e-01 -3.140456974506378174e-01 5.239881277084350586e-01
5.605149865150451660e-01 -1.371309626847505569e-02 -1.367691010236740112e-01 7.398118376731872559e-01
-1.011257693171501160e-01 7.418117672204971313e-02 8.709906786680221558e-02 -8.519120514392852783e-02
-1.028680503368377686e-01 3.682056814432144165e-02 1.037643700838088989e-01 -7.236235309392213821e-03
2.042738050222396851e-01 -1.365082059055566788e-02 -1.484096795320510864e-01 -2.617879956960678101e-02
1.019368842244148254e-01 -3.924493119120597839e-02 -2.230977416038513184e-01 -7.256741076707839966e-02
-5.438624620437622070e-01 5.796056240797042847e-02 -1.081303134560585022e-01 -5.693376660346984863e-01
4.181445538997650146e-01 2.955774068832397461e-01 -3.441567122936248779e-01 1.379005312919616699e-01
4.366108775138854980e-01 -1.012386102229356766e-02 -1.809725463390350342e-01 -1.717193285003304482e-03
-7.518594264984130859e-01 6.886886954307556152e-01 -7.220697402954101562e-02 -4.372807741165161133e-01
-1.042997241020202637e-01 1.556363850831985474e-01 8.606049418449401855e-02 1.360899806022644043e-01
9.052744135260581970e-03 -1.162785142660140991e-01 -4.812824130058288574e-01 1.429387331008911133e-01
9.407863020896911621e-02 1.437675207853317261e-01 -5.795556306838989258e-01 -2.811878919601440430e-01
-4.581077396869659424e-01 -1.001248732209205627e-01 -3.569302260875701904e-01 -5.505307912826538086e-01
2.820681631565093994e-01 -8.639060892164707184e-03 -2.663746476173400879e-01 -1.032500118017196655e-01
4.409842938184738159e-02 5.785791203379631042e-02 -3.674890100955963135e-02 -2.896892838180065155e-02
4.269129037857055664e-01 6.777308881282806396e-02 -1.159390583634376526e-01 -2.101728320121765137e-01
-1.162582933902740479e-01 8.372828364372253418e-02 1.504745930433273315e-01 -2.861255034804344177e-02
3.351365923881530762e-01 -1.098092272877693176e-01 -2.798700034618377686e-01 -2.081219106912612915e-01
4.708651304244995117e-01 -4.406327307224273682e-01 -2.945867776870727539e-01 -2.714304327964782715e-01
-3.918611407279968262e-01 4.451716318726539612e-02 2.365085482597351074e-01 -3.418722003698348999e-02
1.854257136583328247e-01 5.493091344833374023e-01 7.626999169588088989e-02 6.068387627601623535e-01
3.056421875953674316e-01 -7.566105127334594727e-01 -5.099816918373107910e-01 -9.498148411512374878e-02
8.358164690434932709e-03 -2.579087158665060997e-03 -2.992403879761695862e-02 3.927986323833465576e-02
-4.832846224308013916e-01 4.671909511089324951e-01 4.538581669330596924e-01 2.048386782407760620e-01
5.323760509490966797e-01 -1.524597257375717163e-01 1.915999501943588257e-01 -1.560097634792327881e-01
3.019326739013195038e-02 8.117336034774780273e-02 -2.339013516902923584e-01 -3.139217942953109741e-02
1.837991923093795776e-01 -1.207218170166015625e-01 2.439724355936050415e-01 -2.026721984148025513e-01
-5.066963285207748413e-02 3.161985427141189575e-02 -1.787078753113746643e-02 -4.934628494083881378e-03
1.455696523189544678e-01 4.675511643290519714e-02 -1.733043789863586426e-01 -4.936708137392997742e-02
-5.838639736175537109e-01 -1.311498135328292847e-01 5.965330600738525391e-01 -5.407014116644859314e-02
-9.632431715726852417e-02 -6.446398049592971802e-02 1.009746193885803223e-01 8.526492863893508911e-02
-3.646091744303703308e-02 4.784480854868888855e-02 6.844495236873626709e-02 3.551921248435974121e-01
-3.065852820873260498e-02 -8.193252235651016235e-02 2.127971798181533813e-01 -1.532546132802963257e-01
1.422890871763229370e-01 5.856506526470184326e-03 -2.685206234455108643e-01 -4.539098590612411499e-02
7.224183529615402222e-02 1.758703961968421936e-02 3.973024711012840271e-02 6.846120953559875488e-02
1.927889585494995117e-01 7.448395341634750366e-02 -4.752807319164276123e-01 3.787422776222229004e-01
-8.972399681806564331e-02 1.597052663564682007e-01 1.753371953964233398e-01 -2.417238056659698486e-01
-1.591663658618927002e-01 -1.016800552606582642e-01 1.365595310926437378e-01 -6.752576678991317749e-02
1.269833445549011230e-01 7.505037356168031693e-03 -9.233152493834495544e-03 -2.436131983995437622e-02
-8.599553257226943970e-02 -1.791952177882194519e-03 1.310714334249496460e-01 -8.318551629781723022e-02
-4.595869779586791992e-01 -5.652540922164916992e-01 3.885544240474700928e-01 1.091937273740768433e-01
6.351895332336425781e-01 9.521615505218505859e-02 3.082738723605871201e-03 9.242383241653442383e-01
1.206021085381507874e-01 -1.709092557430267334e-01 -2.032568603754043579e-01 -1.353777050971984863e-01
-1.325654089450836182e-01 -1.287522166967391968e-01 3.166958391666412354e-01 2.355902194976806641e-01
6.973743438720703125e-05 1.474137306213378906e-01 -7.538580149412155151e-02 6.465849280357360840e-02
-5.829131975769996643e-02 3.439192175865173340e-01 3.483075499534606934e-01 -4.212483763694763184e-02
2.146890163421630859e-01 3.184767365455627441e-01 -5.417467355728149414e-01 -1.137631610035896301e-01
-1.581433862447738647e-01 1.374480426311492920e-01 2.513131499290466309e-01 -7.267904281616210938e-01
-1.210674047470092773e-01 -7.003707438707351685e-02 2.509937286376953125e-01 3.126802742481231689e-01
-5.359497666358947754e-01 5.204609632492065430e-01 3.897260427474975586e-01 4.086573719978332520e-01
2.144128531217575073e-01 -6.218074560165405273e-01 -2.999134957790374756e-01 -4.717197120189666748e-01
1.902589648962020874e-01 2.229162007570266724e-01 -4.376849830150604248e-01 1.845749765634536743e-01
-1.341872066259384155e-01 8.320529013872146606e-02 1.052630916237831116e-01 -4.919512197375297546e-02
-5.382264852523803711e-01 -6.043807789683341980e-02 5.441490411758422852e-01 4.601886570453643799e-01
6.743647158145904541e-02 3.078581392765045166e-01 -4.110262095928192139e-01 6.121852993965148926e-01
9.652166068553924561e-02 3.525018400978296995e-04 -1.377239376306533813e-01 -5.741146951913833618e-02
-4.572597146034240723e-01 -5.789028406143188477e-01 6.197128891944885254e-01 1.547205448150634766e-01
-2.894516661763191223e-02 3.814573958516120911e-02 -9.342525899410247803e-02 -9.571560472249984741e-02
3.104796111583709717e-01 -3.433601856231689453e-01 -4.988206923007965088e-01 -1.164785474538803101e-01
-3.748673498630523682e-01 1.138368472456932068e-01 -2.281299680471420288e-01 -3.257049322128295898e-01
-4.727663099765777588e-01 -2.453719973564147949e-01 4.887413084506988525e-01 4.403490722179412842e-01
3.465443551540374756e-01 -3.697570264339447021e-01 -5.730451345443725586e-01 -2.911621630191802979e-01
-3.040187247097492218e-02 -2.083762735128402710e-02 -4.973012953996658325e-03 -8.098310977220535278e-02
9.148461744189262390e-03 9.747238457202911377e-02 9.300678968429565430e-03 1.152810528874397278e-01
-1.688126623630523682e-01 1.936526000499725342e-01 6.011334434151649475e-02 1.494909822940826416e-01
5.584610253572463989e-02 1.111598685383796692e-01 -2.219102233648300171e-01 -1.882112175226211548e-01
-3.394642770290374756e-01 3.888389170169830322e-01 1.726389676332473755e-01 -3.648298382759094238e-01
3.590154945850372314e-01 -6.815345287322998047e-01 -8.586526513099670410e-01 -7.211210578680038452e-02
-1.873254179954528809e-01 1.452537178993225098e-01 2.144872099161148071e-01 -1.649150550365447998e-01
2.270825952291488647e-01 -8.911687135696411133e-02 -1.741363704204559326e-01 1.894887834787368774e-01
2.960993647575378418e-01 1.683081537485122681e-01 -2.310969382524490356e-01 -1.445147991180419922e-01
-1.434004455804824829e-01 1.137589011341333389e-02 1.346416175365447998e-01 -6.866453913971781731e-04
-1.498496979475021362e-01 -1.173827275633811951e-01 1.446345895528793335e-01 -1.284206844866275787e-02
-6.051806807518005371e-01 5.953332781791687012e-01 6.616235375404357910e-01 5.707482099533081055e-01
-9.868689626455307007e-02 -4.858694039285182953e-03 5.665439739823341370e-02 -4.897436127066612244e-03
9.702497161924839020e-03 8.139871805906295776e-02 -9.010888636112213135e-02 2.301673777401447296e-02
3.035669326782226562e-01 6.213148236274719238e-01 -6.794944405555725098e-01 5.633869171142578125e-01
1.844159215688705444e-01 8.163673430681228638e-02 3.557815849781036377e-01 -2.220820337533950806e-01
1.656464114785194397e-02 9.941250085830688477e-03 1.953138783574104309e-02 -1.469649374485015869e-02
-4.409574270248413086e-01 2.975920028984546661e-02 1.609816402196884155e-01 -1.987344175577163696e-01
1.263518780469894409e-01 6.456671981140971184e-04 -1.572209149599075317e-01 -1.347163766622543335e-01
-1.118843555450439453e-01 2.065671384334564209e-01 1.017422303557395935e-01 -1.998851001262664795e-01
5.170639753341674805e-01 1.068677455186843872e-01 -4.339161887764930725e-02 1.486446708440780640e-02
3.171483576297760010e-01 2.473773434758186340e-02 -2.782832384109497070e-01 -5.755999311804771423e-02
-1.759255118668079376e-02 1.857365369796752930e-01 -4.780803918838500977e-01 -2.197525650262832642e-02
-1.789241880178451538e-01 -5.912053212523460388e-02 1.895828396081924438e-01 1.511714886873960495e-02
-5.655172467231750488e-02 2.951781749725341797e-01 -5.874456763267517090e-01 -2.071683406829833984e-01
-1.591283828020095825e-01 6.222043931484222412e-02 -1.029529720544815063e-01 2.980118431150913239e-02
-1.640411168336868286e-01 1.167881563305854797e-01 -2.389662712812423706e-01 1.485387831926345825e-01
3.408601135015487671e-02 5.161597393453121185e-03 -9.688504040241241455e-02 -3.599705919623374939e-02
2.537456713616847992e-02 3.960682079195976257e-02 4.046458750963211060e-02 -4.946976527571678162e-02
1.441421955823898315e-01 -1.104064658284187317e-01 5.454545095562934875e-02 4.081156849861145020e-02
4.535673856735229492e-01 -3.201307058334350586e-01 -9.881353937089443207e-03 -2.114115096628665924e-02
-3.251008987426757812e-01 8.701566606760025024e-02 -1.111503317952156067e-01 -2.028269767761230469e-01
6.626798212528228760e-02 3.317235410213470459e-02 -4.702483117580413818e-01 4.503394961357116699e-01
4.885993897914886475e-02 1.434472650289535522e-01 -4.843219518661499023e-01 1.034091506153345108e-02
3.655321896076202393e-01 2.587597370147705078e-01 -3.866728246212005615e-01 -3.478368520736694336e-01
6.992583628743886948e-03 1.300919502973556519e-01 2.141599953174591064e-01 -3.924879804253578186e-02
4.506242275238037109e-01 5.336470603942871094e-01 -4.971165359020233154e-01 4.013810455799102783e-01
-2.147094160318374634e-01 1.943996697664260864e-01 1.332523375749588013e-01 -1.498994529247283936e-01
1.258290708065032959e-01 -2.337607927620410919e-02 -7.277961075305938721e-02 -3.455573692917823792e-02
-2.863515317440032959e-01 5.818914622068405151e-02 5.658388733863830566e-01 4.492720663547515869e-01
1.255913674831390381e-01 5.824807658791542053e-02 -1.659589260816574097e-01 8.346602320671081543e-02
3.083907812833786011e-02 2.747189998626708984e-02 -8.830700814723968506e-02 -2.886406611651182175e-03
-3.717506825923919678e-01 -2.188961356878280640e-01 1.483767330646514893e-01 -2.566056847572326660e-01
1.208552047610282898e-01 -2.021275833249092102e-02 -2.584293484687805176e-01 3.208581358194351196e-02
-1.568880975246429443e-01 5.945694819092750549e-02 3.068328499794006348e-01 -1.336933970451354980e-01
5.751014500856399536e-02 -5.649362504482269287e-02 1.163668334484100342e-01 2.825384214520454407e-02
-4.698782265186309814e-01 2.505033016204833984e-01 3.918446004390716553e-01 9.649993479251861572e-02
2.727674543857574463e-01 7.563514113426208496e-01 8.649543523788452148e-01 -5.967266485095024109e-02
-2.514594495296478271e-01 3.087397292256355286e-02 4.306885879486799240e-03 3.180932253599166870e-02
1.314409971237182617e-01 -2.739959396421909332e-02 -9.424617141485214233e-02 -5.664905160665512085e-02
-1.657638102769851685e-01 -2.104292362928390503e-01 -3.942888975143432617e-01 -7.874472141265869141e-01
7.695355266332626343e-02 1.882619559764862061e-01 -3.526564240455627441e-01 -1.361357513815164566e-02
-1.059711948037147522e-01 -1.675019972026348114e-02 4.134627580642700195e-01 -6.722832471132278442e-02
1.193786561489105225e-01 3.553229197859764099e-02 -9.757322072982788086e-02 -2.755653485655784607e-02
2.313580363988876343e-01 -3.279231116175651550e-02 -4.306253492832183838e-01 -8.899689465761184692e-02
4.594101011753082275e-01 3.810022771358489990e-01 -2.415756881237030029e-01 -1.464150547981262207e-01
1.366628855466842651e-01 2.175478190183639526e-01 -1.322368979454040527e-01 -1.950357854366302490e-01
1.712795644998550415e-01 1.043661087751388550e-01 5.964727997779846191e-01 2.914372682571411133e-01
2.623422741889953613e-01 -9.839064627885818481e-02 -2.468531578779220581e-01 3.150200843811035156e-02
2.654732763767242432e-01 5.298981908708810806e-03 5.509174987673759460e-02 -4.803647100925445557e-02
-7.562179863452911377e-02 1.525981128215789795e-01 -1.416457146406173706e-01 5.582356825470924377e-02
-1.271527111530303955e-01 5.893283709883689880e-02 3.030873648822307587e-02 5.340223759412765503e-02
8.842972666025161743e-02 -1.943367347121238708e-02 -2.558485269546508789e-01 1.576557755470275879e-01
-4.629282355308532715e-01 1.595981419086456299e-02 -3.629988133907318115e-01 1.635879278182983398e-01
-2.754858136177062988e-01 -1.130401864647865295e-01 4.579735547304153442e-02 5.673930048942565918e-01
5.493450760841369629e-01 -7.659853696823120117e-01 -5.255727171897888184e-01 -3.802576661109924316e-01
-2.035848051309585571e-01 1.261087507009506226e-01 -1.257411986589431763e-01 -2.288623452186584473e-01
1.467250138521194458e-01 1.010661795735359192e-01 -1.746200323104858398e-01 4.887611418962478638e-02
-2.675048708915710449e-01 -6.166274547576904297e-01 4.596147835254669189e-01 7.209413051605224609e-01
-2.474556565284729004e-01 3.016772121191024780e-02 3.095391988754272461e-01 -1.529622972011566162e-01
1.079097017645835876e-01 4.479400813579559326e-02 -3.812824189662933350e-02 -3.637901321053504944e-02
-1.739083528518676758e-01 1.653591841459274292e-01 1.300334781408309937e-01 -7.104483246803283691e-02
-4.558435380458831787e-01 -6.291306763887405396e-02 -2.730399966239929199e-01 -3.394113183021545410e-01
2.840896546840667725e-01 3.363380208611488342e-02 -1.081853359937667847e-01 -3.953501880168914795e-01
3.387459218502044678e-01 -1.067118644714355469e-01 -3.874925673007965088e-01 -1.233662441372871399e-01
-2.734462618827819824e-01 1.184243634343147278e-01 -2.239174768328666687e-02 -1.052370369434356689e-01
-5.309744924306869507e-02 1.965611279010772705e-01 -5.235859155654907227e-01 1.799232959747314453e-01
2.964092195034027100e-01 8.605007827281951904e-02 -1.230232566595077515e-01 1.667170785367488861e-02
-3.045395016670227051e-01 2.964458763599395752e-01 3.598393499851226807e-01 1.418718695640563965e-01
1.005559563636779785e-01 1.240437328815460205e-01 -9.356611222028732300e-02 1.556070148944854736e-01
6.467398256063461304e-02 1.410573720932006836e-01 6.271928548812866211e-02 -2.310963571071624756e-01
7.825008779764175415e-02 1.570498347282409668e-01 -1.932044029235839844e-01 1.510720551013946533e-01
-2.219792455434799194e-03 4.366210699081420898e-01 4.553281068801879883e-01 -2.798595726490020752e-01
-2.204809933900833130e-01 -6.386431865394115448e-03 1.970591396093368530e-01 -1.079965904355049133e-01
2.553938701748847961e-02 -1.439451123587787151e-03 -1.314920186996459961e-01 9.779744595289230347e-02
-1.742709875106811523e-01 7.811620086431503296e-02 2.142074257135391235e-01 -9.078133851289749146e-03
1.798268966376781464e-02 -7.666556630283594131e-03 6.288207322359085083e-02 -5.058883875608444214e-02
6.131873130798339844e-01 3.540845513343811035e-01 -1.638197749853134155e-01 -2.009650021791458130e-01
4.244868829846382141e-02 3.199176490306854248e-02 -1.352754980325698853e-01 -8.656814694404602051e-02
2.952968515455722809e-02 7.954635471105575562e-02 9.006052464246749878e-02 2.880812995135784149e-02
1.052579190582036972e-02 1.696376129984855652e-02 3.255658596754074097e-02 -4.857600107789039612e-02
-2.365144044160842896e-01 9.931404888629913330e-02 1.020114421844482422e-01 -1.052061468362808228e-01
2.427857071161270142e-01 -7.448922842741012573e-02 -2.318094223737716675e-01 1.780426129698753357e-02
-6.436616647988557816e-03 5.720882490277290344e-02 4.905541893094778061e-03 -6.093875318765640259e-02
-1.691158413887023926e-01 -9.568344801664352417e-02 1.053537428379058838e-01 9.412004053592681885e-02
-1.031301245093345642e-01 7.626999169588088989e-02 -1.538465265184640884e-02 2.308977395296096802e-02
2.594980299472808838e-01 1.954590827226638794e-01 -4.426297843456268311e-01 -1.736668795347213745e-01
-4.224907234311103821e-02 7.967191934585571289e-02 5.647069215774536133e-02 -1.223167702555656433e-01
8.679588437080383301e-01 -9.762207269668579102e-01 5.235689282417297363e-01 1.427100598812103271e-02
-3.418501615524291992e-01 4.909654259681701660e-01 -3.722829744219779968e-02 -6.606071591377258301e-01
-8.194024674594402313e-03 1.932785660028457642e-02 -5.399774312973022461e-01 2.708988785743713379e-01
2.243414074182510376e-01 3.450113832950592041e-01 -2.580499649047851562e-01 -1.780548319220542908e-02
-5.141976475715637207e-01 7.227148115634918213e-02 8.407108485698699951e-02 3.253539800643920898e-01
5.056872963905334473e-01 2.920947968959808350e-01 -3.788343071937561035e-01 -3.130868375301361084e-01
-8.103243261575698853e-02 1.530171185731887817e-01 3.407029807567596436e-01 -1.234179586172103882e-01
-2.321002036333084106e-01 -5.226708576083183289e-02 2.799280174076557159e-02 -2.794407904148101807e-01
6.435711383819580078e-01 -7.373657822608947754e-01 9.074603207409381866e-03 5.815253853797912598e-01
4.797079563140869141e-01 2.964737713336944580e-01 -2.861302495002746582e-01 -2.205150127410888672e-01
-5.610722899436950684e-01 -3.217929005622863770e-01 -2.862180173397064209e-01 -7.187163233757019043e-01
-3.267283141613006592e-01 -2.316804826259613037e-01 4.531197249889373779e-01 1.274650096893310547e-01
-3.021951615810394287e-01 -3.889671340584754944e-02 1.804419159889221191e-01 -1.655749231576919556e-02
3.698093295097351074e-01 2.139892578125000000e-01 -2.779701650142669678e-01 3.402793109416961670e-01
-3.282517790794372559e-01 6.191086173057556152e-01 2.535760998725891113e-01 -5.860605835914611816e-01
-2.014447934925556183e-02 9.455607272684574127e-03 -2.596231400966644287e-01 -1.228315308690071106e-01
-4.287950396537780762e-01 4.267585277557373047e-01 6.173875927925109863e-01 3.840801715850830078e-01
-4.127117618918418884e-02 6.747978180646896362e-02 -3.897908329963684082e-01 1.499617099761962891e-01
2.124173939228057861e-01 -1.603645086288452148e-01 1.551950871944427490e-01 -4.599688351154327393e-01
3.375885188579559326e-01 7.691000401973724365e-02 -3.602810502052307129e-01 -3.997798636555671692e-02
-4.032633602619171143e-01 9.825730323791503906e-02 3.153943121433258057e-01 2.905769944190979004e-01
5.854965746402740479e-02 2.519730627536773682e-01 -8.826567232608795166e-02 1.488480269908905029e-01
-7.220792025327682495e-02 1.329501122236251831e-01 5.027245283126831055e-01 1.003509834408760071e-01
-2.669193446636199951e-01 -1.344599761068820953e-02 -3.926845788955688477e-01 -5.896805971860885620e-02
1.061270162463188171e-01 -3.334487378597259521e-01 -2.060848027467727661e-01 1.062605530023574829e-01
3.814228624105453491e-02 -1.413537710905075073e-01 4.270344078540802002e-01 -2.052954137325286865e-01
-1.571038961410522461e-01 8.232291042804718018e-02 1.906080543994903564e-02 -1.357447504997253418e-01
-7.948831468820571899e-02 2.082481235265731812e-01 1.119681671261787415e-01 -1.232792511582374573e-01
-7.353443652391433716e-02 -7.313260436058044434e-02 4.303750991821289062e-01 2.241831831634044647e-02
3.519782125949859619e-01 -3.834523856639862061e-01 -5.703157782554626465e-01 1.246018111705780029e-01
-3.337309658527374268e-01 8.387388288974761963e-02 2.582592964172363281e-01 -2.308792620897293091e-01
7.018093485385179520e-03 -4.960396513342857361e-02 9.455908089876174927e-02 7.273733615875244141e-02
-9.579790383577346802e-02 6.945116072893142700e-02 3.481316566467285156e-01 -1.690870337188243866e-02
3.242976367473602295e-01 -2.168255746364593506e-01 -4.316532313823699951e-01 1.294985115528106689e-01
4.137730691581964493e-03 1.247266754508018494e-01 7.055734097957611084e-02 5.189610645174980164e-03
-6.189945712685585022e-02 -7.904621958732604980e-02 -1.018688753247261047e-01 6.533226370811462402e-02
4.137643799185752869e-02 -9.020442515611648560e-02 -1.620039641857147217e-01 2.060797763988375664e-03
-4.363398998975753784e-02 -4.603669941425323486e-01 2.746813297271728516e-01 -1.456874907016754150e-01
3.403594791889190674e-01 4.804992079734802246e-01 -3.889696300029754639e-01 2.046198844909667969e-01
-8.334453403949737549e-02 2.245982885360717773e-01 -4.048055410385131836e-01 5.100094899535179138e-02
-2.264582961797714233e-01 1.584254205226898193e-02 -2.126397006213665009e-02 3.945210948586463928e-03
3.261618614196777344e-01 -4.191762208938598633e-01 -7.347915172576904297e-01 -5.646082162857055664e-01
-4.310809671878814697e-01 -2.590496242046356201e-01 1.281146556138992310e-01 -2.134608328342437744e-01
-8.747290074825286865e-02 4.751582443714141846e-02 4.868387058377265930e-02 3.612162172794342041e-02
-2.598147839307785034e-02 6.165625154972076416e-02 -9.089371562004089355e-02 1.254605967551469803e-02
-1.509746164083480835e-01 7.594691216945648193e-02 1.906947195529937744e-01 -2.114531118422746658e-03
3.479208424687385559e-02 6.890826672315597534e-02 -1.042715460062026978e-01 -3.446744056418538094e-03
-8.370626717805862427e-02 -2.145763952285051346e-03 3.607971221208572388e-02 -5.645811092108488083e-03
3.767656683921813965e-01 -1.536763012409210205e-01 -1.461379081010818481e-01 4.038148373365402222e-02
-5.166317224502563477e-01 -6.201764345169067383e-01 5.674176812171936035e-01 8.134402036666870117e-01
-2.998382784426212311e-02 1.792943924665451050e-01 2.852997481822967529e-01 -8.314100652933120728e-02
4.720876216888427734e-01 2.478982657194137573e-01 -2.109287679195404053e-01 -1.012502461671829224e-01
2.010134235024452209e-02 7.016625255346298218e-02 -3.410935029387474060e-02 -3.276504203677177429e-02
-1.656607165932655334e-02 1.609377190470695496e-02 -2.175273746252059937e-01 7.601618766784667969e-02
-2.088533639907836914e-01 3.603637591004371643e-02 3.431148827075958252e-01 -1.203545778989791870e-01
-5.118209719657897949e-01 7.753277570009231567e-02 2.739756926894187927e-02 1.414019167423248291e-01
9.219028055667877197e-03 -1.756153814494609833e-02 -2.250709384679794312e-01 6.581094115972518921e-02
5.962328910827636719e-01 6.797840595245361328e-01 -3.526372611522674561e-01 5.461444258689880371e-01
-3.108930885791778564e-01 6.017653271555900574e-02 -5.744917988777160645e-01 3.084225654602050781e-01
5.260934308171272278e-02 5.200268328189849854e-02 -1.505616307258605957e-01 7.100800424814224243e-02
2.801553308963775635e-01 1.037880778312683105e-01 -2.947497963905334473e-01 1.256635189056396484e-01
-6.525663733482360840e-01 -5.981787443161010742e-01 3.394638895988464355e-01 5.526769757270812988e-01
-1.311161965131759644e-01 1.693337224423885345e-02 2.474029548466205597e-02 1.039151661098003387e-02
4.914398491382598877e-02 -1.778985559940338135e-01 -7.206991314888000488e-01 5.012227296829223633e-01
8.957807719707489014e-02 -7.066725520417094231e-04 1.138091981410980225e-01 -5.144330486655235291e-02
9.553963690996170044e-02 1.301119849085807800e-02 -1.845043152570724487e-02 8.361442945897579193e-03
-5.318710580468177795e-03 8.659944683313369751e-02 -1.953981369733810425e-01 -1.206973195075988770e-01
-3.010984361171722412e-01 5.001747608184814453e-01 4.295777976512908936e-01 -6.155640482902526855e-01
-3.659099936485290527e-01 -3.176836669445037842e-01 4.054620265960693359e-01 4.365948736667633057e-01
3.319636881351470947e-01 2.055282741785049438e-01 1.031833048909902573e-02 -3.238269686698913574e-02
3.243497908115386963e-01 4.499048590660095215e-01 -1.958442926406860352e-01 3.042204082012176514e-01
-3.599905371665954590e-01 7.566529512405395508e-02 3.111024498939514160e-01 -1.993931680917739868e-01
4.390730261802673340e-01 -1.792959868907928467e-02 -3.049241602420806885e-01 1.257943212985992432e-01
-2.524804882705211639e-02 2.615868113934993744e-02 -7.972119003534317017e-02 -3.250267207622528076e-01
1.157959848642349243e-01 -2.855263650417327881e-02 -1.138249039649963379e-01 -7.736368477344512939e-02
-2.995638847351074219e-01 -6.613160669803619385e-02 1.159353554248809814e-01 -1.774001568555831909e-01
1.700797230005264282e-01 8.678433950990438461e-04 -1.419029384851455688e-01 -1.300873458385467529e-01
9.817949682474136353e-02 8.182104676961898804e-03 -2.597433924674987793e-01 5.434086918830871582e-02
-2.610098421573638916e-01 1.472446173429489136e-01 1.770080476999282837e-01 -1.725130081176757812e-01
5.229847133159637451e-02 5.861220508813858032e-02 -1.050025522708892822e-01 5.331492796540260315e-02
1.132820844650268555e-01 2.359024062752723694e-02 -1.394328325986862183e-01 -3.228043019771575928e-02
1.413503885269165039e-01 -1.480375882238149643e-02 6.733911577612161636e-03 2.626591827720403671e-03
-7.911994121968746185e-03 5.743660032749176025e-02 -4.168128594756126404e-03 8.916926383972167969e-02
1.979167461395263672e-01 4.365992918610572815e-02 -2.048969864845275879e-01 -1.196562778204679489e-02
1.539264470338821411e-01 9.104480594396591187e-02 2.492078579962253571e-02 -1.786019355058670044e-01
4.563510417938232422e-01 -3.010605573654174805e-01 -2.385302782058715820e-01 1.756228134036064148e-02
1.687525510787963867e-01 -1.537795066833496094e-01 -2.939311563968658447e-01 -2.668741047382354736e-01
6.351872086524963379e-01 6.643725633621215820e-01 -3.057755529880523682e-01 1.146621853113174438e-01
2.912786006927490234e-01 2.570408284664154053e-01 -4.505262672901153564e-01 4.940002560615539551e-01
-3.558777272701263428e-02 -3.409101068973541260e-02 3.494924679398536682e-02 5.970532819628715515e-02
-1.403466910123825073e-01 1.779855936765670776e-01 1.734169870615005493e-01 2.984852716326713562e-02
-1.618947274982929230e-02 2.233532220125198364e-01 -2.569559514522552490e-01 -9.693454205989837646e-02
-7.577350735664367676e-02 6.273638457059860229e-02 -1.341818948276340961e-03 -2.451764941215515137e-01
2.792764902114868164e-01 -7.061558216810226440e-02 -9.800295531749725342e-02 2.312228381633758545e-01
2.312363535165786743e-01 -2.470822632312774658e-01 -9.511166810989379883e-02 1.155500859022140503e-02
1.666830778121948242e-01 1.789723634719848633e-01 -3.021935522556304932e-01 2.287940829992294312e-01
2.346394769847393036e-02 3.687592223286628723e-02 1.036300510168075562e-01 -3.456085920333862305e-02
7.670576125383377075e-02 -5.625069607049226761e-03 3.769594430923461914e-01 -1.435623914003372192e-01
4.039186984300613403e-02 1.072826683521270752e-01 1.705486327409744263e-01 -2.732886373996734619e-01
-2.991094887256622314e-01 -9.295326471328735352e-02 2.854439616203308105e-01 1.279982179403305054e-01
2.128162980079650879e-01 1.142539456486701965e-01 -6.044924259185791016e-02 -9.823858737945556641e-02
-2.128527164459228516e-01 -1.666559129953384399e-01 3.375290036201477051e-01 1.484651714563369751e-01
-1.061697974801063538e-01 3.678728640079498291e-01 1.563108563423156738e-01 1.606603115797042847e-01
2.166480720043182373e-01 2.561958432197570801e-01 5.411245822906494141e-01 -1.800563484430313110e-01
-5.530111789703369141e-01 2.272562533617019653e-01 1.686594486236572266e-01 -7.316990494728088379e-01
-2.733126878738403320e-01 -3.645681440830230713e-01 4.455853402614593506e-01 3.822073936462402344e-01
-2.757538259029388428e-01 6.959161907434463501e-02 -2.291903644800186157e-01 2.815131470561027527e-02
6.268147230148315430e-01 7.201650142669677734e-01 -1.530251055955886841e-01 1.391654461622238159e-01
-1.360687315464019775e-01 1.137728393077850342e-01 8.124291896820068359e-03 1.338884700089693069e-02
1.741715073585510254e-01 6.663607805967330933e-02 -9.490416944026947021e-02 -3.761804699897766113e-01
2.457491457462310791e-01 -3.712843656539916992e-01 -7.137606739997863770e-01 6.420090794563293457e-02
-2.425117045640945435e-01 -4.352178797125816345e-02 2.065801471471786499e-01 2.625968158245086670e-01
-7.415153831243515015e-02 1.505065262317657471e-01 -1.948503404855728149e-02 3.085074946284294128e-02
-1.851037330925464630e-02 -1.479137539863586426e-01 -5.806906223297119141e-01 5.339857935905456543e-01
4.867295920848846436e-01 2.460689842700958252e-01 -1.315780077129602432e-02 -2.558733709156513214e-02
4.691808819770812988e-01 4.688466787338256836e-01 -3.476151823997497559e-01 -3.095560073852539062e-01
1.500783264636993408e-01 3.739402294158935547e-01 6.935293227434158325e-02 -7.268126308917999268e-02
3.940656408667564392e-02 1.210313439369201660e-01 -2.565331459045410156e-01 1.541776657104492188e-01
-2.261330038309097290e-01 -2.298533767461776733e-01 7.399456948041915894e-02 -2.415959537029266357e-01
2.853036299347877502e-02 -1.548583712428808212e-02 -1.003535166382789612e-01 -1.389795448631048203e-02
-2.855929732322692871e-01 2.269548326730728149e-01 4.004630446434020996e-01 1.653827130794525146e-01
5.052110552787780762e-01 5.297191143035888672e-01 -1.655511856079101562e-01 1.663738638162612915e-01
-2.063148021697998047e-01 9.216763079166412354e-03 2.686770260334014893e-01 -1.643402725458145142e-01
-3.014270961284637451e-02 -1.045582350343465805e-02 9.104645997285842896e-02 -6.035457924008369446e-02
2.474835216999053955e-01 -3.640158800408244133e-03 -1.656827777624130249e-01 -3.992830514907836914e-01
-2.898643612861633301e-01 -2.550642788410186768e-01 -1.376951932907104492e-01 5.164740681648254395e-01
-2.836871147155761719e-01 8.860535919666290283e-02 3.653408586978912354e-01 -2.396102063357830048e-03
4.879993945360183716e-02 4.874369595199823380e-03 -2.011123448610305786e-01 -2.073864191770553589e-01
2.354568839073181152e-01 -1.291442811489105225e-01 -2.221854478120803833e-01 -1.233321428298950195e-01
3.037414550781250000e-01 3.055700659751892090e-01 -2.127598524093627930e-01 5.907149314880371094e-01
4.625172913074493408e-01 4.533617291599512100e-03 -2.819280922412872314e-01 1.481427624821662903e-02
1.410782933235168457e-01 -5.108126625418663025e-02 -3.811431303620338440e-02 3.088106866925954819e-03
-3.554069101810455322e-01 4.808376431465148926e-01 4.143086969852447510e-01 -3.307325839996337891e-01
3.225091993808746338e-01 6.112737581133842468e-03 -2.431107014417648315e-01 -3.175174444913864136e-02
-1.491807252168655396e-01 -5.414953827857971191e-02 2.035370469093322754e-01 5.415624938905239105e-03
-1.517184525728225708e-01 4.320291057229042053e-02 1.889084875583648682e-01 -1.558499485254287720e-01
2.602967321872711182e-01 -6.273887306451797485e-02 -5.647808313369750977e-01 5.736268162727355957e-01
-4.602280445396900177e-03 5.806950926780700684e-01 -1.531721949577331543e-01 -7.976835370063781738e-01
1.650166511535644531e-01 -4.839190095663070679e-02 1.402972638607025146e-01 -1.176791638135910034e-01
-4.660908579826354980e-01 1.027121841907501221e-01 -6.015548110008239746e-01 -7.057754993438720703e-01
4.190171509981155396e-02 4.351881518959999084e-02 -1.041195914149284363e-02 6.027713790535926819e-02
3.707660734653472900e-01 1.708481311798095703e-01 -3.005658090114593506e-01 -2.388617396354675293e-01
1.531251668930053711e-01 -8.510741405189037323e-03 -1.606470793485641479e-01 -1.308515481650829315e-02
-5.035211443901062012e-01 -1.919153146445751190e-02 3.496603667736053467e-02 -4.715421497821807861e-01
-3.368920683860778809e-01 3.345694765448570251e-02 -1.058536767959594727e-01 -3.275348544120788574e-01
1.014454104006290436e-02 -7.445226609706878662e-02 -6.380753517150878906e-01 -3.650168478488922119e-01
-1.800604723393917084e-02 1.072664111852645874e-01 1.360920220613479614e-01 -9.730353206396102905e-02
2.205961048603057861e-01 9.593863785266876221e-02 5.809647962450981140e-02 -1.966419070959091187e-01
-4.816759377717971802e-02 3.177073970437049866e-02 5.969867855310440063e-02 -2.742723003029823303e-02
-3.695818409323692322e-02 -1.498765777796506882e-02 2.600074410438537598e-01 -5.413765087723731995e-02
-2.771835029125213623e-01 -1.493898183107376099e-01 2.163663953542709351e-01 1.119783222675323486e-01
-4.552416503429412842e-02 6.871986389160156250e-02 -1.953756064176559448e-01 -1.647452712059020996e-01
1.368417441844940186e-01 1.571499407291412354e-01 -1.233573779463768005e-01 7.746102660894393921e-02
-3.122790455818176270e-01 -1.533197425305843353e-02 4.030598402023315430e-01 2.043126970529556274e-01
1.631904691457748413e-01 6.837852597236633301e-01 6.895833015441894531e-01 -3.485319912433624268e-01
-2.944746911525726318e-01 3.672425821423530579e-02 1.272821873426437378e-01 -1.881401240825653076e-01
-2.555939257144927979e-01 2.084692195057868958e-02 5.465734601020812988e-01 -8.097901940345764160e-02
3.823595643043518066e-01 4.618949815630912781e-02 -5.310898274183273315e-02 -8.819579333066940308e-02
7.499901950359344482e-02 6.899654120206832886e-02 -4.599554091691970825e-02 -1.244294643402099609e-01
2.236341536045074463e-01 3.569754585623741150e-02 -1.558010876178741455e-01 3.910700324922800064e-03
1.886370629072189331e-01 1.772194355726242065e-02 -1.678572893142700195e-01 -3.678210079669952393e-02
-3.566623106598854065e-02 6.397890299558639526e-02 -9.611503034830093384e-02 -4.058877751231193542e-02
-2.689076066017150879e-01 2.318052500486373901e-01 2.825789749622344971e-01 -6.211310625076293945e-01
1.412314623594284058e-01 3.521820902824401855e-02 -1.588865816593170166e-01 -1.065434217453002930e-01
8.042676746845245361e-02 -3.486125916242599487e-02 -1.278208047151565552e-01 -9.475979954004287720e-02
3.275549113750457764e-01 3.003455102443695068e-01 -4.913588464260101318e-01 2.720471322536468506e-01
3.641945719718933105e-01 8.936414122581481934e-02 -2.999722659587860107e-01 -2.326810359954833984e-01
-2.957718968391418457e-01 -4.107212126255035400e-01 2.311948835849761963e-01 -4.324224293231964111e-01
-3.269186615943908691e-02 1.629592031240463257e-01 3.071542978286743164e-01 -9.935648180544376373e-03
3.955900371074676514e-01 -5.303620710037648678e-04 -2.361591905355453491e-01 1.201714798808097839e-01
2.443030104041099548e-02 -3.783446270972490311e-03 3.638829663395881653e-02 -2.298955470323562622e-01
-1.946037262678146362e-01 5.657336115837097168e-01 6.630496382713317871e-01 -3.446969985961914062e-01
