-3.193745613098144531e-01 -3.656058907508850098e-01 2.569581270217895508e-01
3.466939032077789307e-01 6.363917142152786255e-02 -3.837114572525024414e-02
5.207134038209915161e-02 3.058196417987346649e-02 -1.579442434012889862e-02
-7.249378412961959839e-02 -2.444904893636703491e-01 -8.824432268738746643e-03
-2.402588427066802979e-01 -1.970882415771484375e-01 1.962033659219741821e-02
2.500858306884765625e-01 -2.493180483579635620e-01 -2.030775398015975952e-01
-7.568123936653137207e-02 4.151716083288192749e-02 1.039881780743598938e-01
1.441201269626617432e-01 3.335946798324584961e-02 -3.106278367340564728e-02
7.714669685810804367e-03 -1.284108497202396393e-02 2.560609951615333557e-03
2.823589742183685303e-01 1.557609885931015015e-01 -1.763122975826263428e-01
-5.855838060379028320e-01 -3.257989287376403809e-01 -7.096648812294006348e-01
-5.437571182847023010e-02 -2.552714645862579346e-01 2.543047368526458740e-01
1.613057106733322144e-01 2.347576916217803955e-01 5.792575329542160034e-02
2.674942649900913239e-02 1.843059957027435303e-01 -1.989894732832908630e-02
-1.178918406367301941e-01 -5.479970574378967285e-02 1.105028465390205383e-01
-5.508325248956680298e-02 -1.103671938180923462e-01 -6.128115113824605942e-03
9.018283337354660034e-02 1.166429966688156128e-01 -4.312101751565933228e-02
-1.674604117870330811e-01 -2.183131277561187744e-01 -1.569903045892715454e-01
4.954260215163230896e-02 8.061887323856353760e-02 -1.576590985059738159e-01
6.187440082430839539e-02 -2.503729164600372314e-01 -3.982998803257942200e-02
-9.072055108845233917e-03 -8.868222683668136597e-02 3.037465736269950867e-02
-2.087808214128017426e-02 3.547377511858940125e-02 -1.068360731005668640e-02
-5.805317312479019165e-02 -8.439381718635559082e-01 -3.517527505755424500e-02
-1.133923158049583435e-01 1.593472808599472046e-02 3.382363542914390564e-02
9.413924068212509155e-02 1.527170389890670776e-01 -1.964659839868545532e-01
3.216128796339035034e-02 -7.225295305252075195e-01 -1.399278342723846436e-01
1.811854541301727295e-01 2.713541388511657715e-01 7.699289917945861816e-02
-2.077531814575195312e-01 5.301274061203002930e-01 -3.122428059577941895e-01
1.012467518448829651e-01 1.751677319407463074e-02 1.314111426472663879e-02
-1.429259777069091797e-01 -2.109197676181793213e-01 -3.687812760472297668e-02
2.052106261253356934e-01 2.137620300054550171e-01 -8.344855159521102905e-02
-2.181770652532577515e-01 -1.769293695688247681e-01 -1.248987466096878052e-01
-2.885642945766448975e-01 -4.708327949047088623e-01 1.144331917166709900e-01
-6.193938851356506348e-02 -8.789662271738052368e-02 -1.035052388906478882e-01
-7.453487068414688110e-02 1.063598785549402237e-02 -3.407465061172842979e-03
-2.734732329845428467e-01 2.304311376065015793e-03 9.404773265123367310e-02
2.062115073204040527e-01 8.085307478904724121e-02 6.771811842918395996e-02
-4.788512736558914185e-02 -1.902302503585815430e-01 3.032107353210449219e-01
4.643677771091461182e-01 5.191680192947387695e-01 -1.584731638431549072e-01
-1.125772595405578613e-01 -1.919620856642723083e-02 2.001858502626419067e-02
-2.447951436042785645e-01 -7.420618832111358643e-02 7.374511659145355225e-02
-1.324990689754486084e-01 -1.839755922555923462e-01 8.596149273216724396e-03
-2.940778061747550964e-02 6.902168989181518555e-01 2.696549296379089355e-01
-3.081566691398620605e-01 -6.041629910469055176e-01 -2.941481471061706543e-01
2.695376873016357422e-01 3.736826181411743164e-01 -3.618748188018798828e-01
1.128634735941886902e-01 5.823001638054847717e-02 -1.408327072858810425e-01
-6.267126649618148804e-02 -1.605950854718685150e-02 -5.174267664551734924e-02
-1.972101628780364990e-01 1.855877637863159180e-01 6.075185537338256836e-01
-3.914500772953033447e-02 7.081075757741928101e-02 -3.242492675781250000e-04
-8.588074892759323120e-02 -3.323963284492492676e-02 -6.205623969435691833e-02
-1.067145541310310364e-01 -2.150536775588989258e-01 -2.242350205779075623e-02
-1.754252612590789795e-01 -1.761519908905029297e-01 5.042825639247894287e-02
-2.737124450504779816e-02 1.656950116157531738e-01 1.591366231441497803e-01
-1.847650855779647827e-01 -3.160614669322967529e-01 9.708933532238006592e-02
-1.577714681625366211e-01 6.753581017255783081e-02 -6.425542384386062622e-02
-1.910803373903036118e-03 2.512479433789849281e-03 -3.186615929007530212e-02
-4.634943008422851562e-01 -6.954412460327148438e-01 4.264805912971496582e-01
1.491269189864397049e-02 1.194482818245887756e-01 2.586358925327658653e-03
-6.251589208841323853e-02 6.120396777987480164e-03 -3.502831328660249710e-03
7.231559604406356812e-02 6.051628589630126953e-01 -8.046938180923461914e-01
-5.783040821552276611e-02 -4.783529043197631836e-02 -1.779046654701232910e-02
3.137081861495971680e-01 -6.383184790611267090e-01 -2.289243489503860474e-01
2.403265088796615601e-01 -1.289984881877899170e-01 4.314883053302764893e-02
-1.014038175344467163e-01 -7.909123599529266357e-02 1.575774699449539185e-02
5.641087889671325684e-01 2.534472383558750153e-02 -5.609753727912902832e-01
-1.930643320083618164e-01 -3.210104107856750488e-01 5.226185545325279236e-02
1.446406692266464233e-01 2.325443178415298462e-01 5.420148000121116638e-02
1.825789064168930054e-01 2.725065350532531738e-01 -1.385854929685592651e-01
-3.687516450881958008e-01 -2.704139947891235352e-01 1.610663980245590210e-01
-3.048328449949622154e-03 -2.120048925280570984e-02 2.137147821485996246e-02
3.957700133323669434e-01 5.105614066123962402e-01 4.730568230152130127e-01
-2.088244110345840454e-01 -2.136880308389663696e-01 1.010309010744094849e-01
-5.386536940932273865e-02 -1.832970380783081055e-01 -3.406340256333351135e-02
9.003018494695425034e-04 -2.762070298194885254e-01 -9.714908152818679810e-02
-4.275086894631385803e-02 2.223397344350814819e-01 -9.021282196044921875e-02
4.088600277900695801e-01 -2.223477810621261597e-01 -6.405041366815567017e-02
5.861303582787513733e-02 2.421841174364089966e-01 9.694845229387283325e-02
2.406540513038635254e-01 -3.748912364244461060e-02 8.366397768259048462e-02
5.363569408655166626e-02 2.955918610095977783e-01 1.781085133552551270e-01
-2.508467137813568115e-01 -1.710070520639419556e-01 -1.516812443733215332e-01
8.372106403112411499e-02 3.470745980739593506e-01 -2.105349451303482056e-01
-1.089201960712671280e-02 1.499452143907546997e-01 8.453823626041412354e-03
1.126608699560165405e-01 1.306620538234710693e-01 -2.065549604594707489e-02
-6.140630692243576050e-02 -9.531159698963165283e-02 4.874871298670768738e-02
1.154661327600479126e-01 3.506249189376831055e-01 -1.126040816307067871e-01
-2.804360985755920410e-01 -7.096061855554580688e-02 9.204001724720001221e-02
1.642115227878093719e-02 1.312928646802902222e-01 2.345374077558517456e-01
-1.236664131283760071e-01 -5.029841065406799316e-01 1.971482485532760620e-02
-1.614354848861694336e-01 -1.863675266504287720e-01 -2.482245210558176041e-03
-1.881285160779953003e-01 -2.715585827827453613e-01 7.955025881528854370e-03
-2.222623378038406372e-01 -6.012391299009323120e-02 -1.820553839206695557e-02
1.392185129225254059e-02 -2.522344002500176430e-03 -7.477767020463943481e-02
1.039729788899421692e-01 7.721628062427043915e-03 1.026378292590379715e-02
1.378621309995651245e-01 6.872419267892837524e-02 -1.705604791641235352e-01
-1.790140271186828613e-01 -1.740573048591613770e-01 4.421127587556838989e-02
3.550613224506378174e-01 5.129187703132629395e-01 -5.244429111480712891e-01
1.450442373752593994e-01 1.739306300878524780e-01 5.721363797783851624e-02
-1.273948848247528076e-01 -8.383418321609497070e-01 4.192771762609481812e-02
-1.445774883031845093e-01 -4.499069154262542725e-01 5.776476487517356873e-02
-7.312327027320861816e-01 5.105023980140686035e-01 -5.953537821769714355e-01
-9.770867973566055298e-02 -1.984237283468246460e-01 -5.880452319979667664e-02
2.103084623813629150e-01 1.362973004579544067e-01 1.545858234167098999e-01
-5.579520463943481445e-01 -3.065505027770996094e-01 -6.831266283988952637e-01
-1.200682967901229858e-01 -2.469926923513412476e-01 -3.550066798925399780e-02
9.455408453941345215e-01 -4.866437315940856934e-01 -2.928592860698699951e-01
-1.566101610660552979e-01 -1.808964461088180542e-01 -5.675409361720085144e-02
-2.480858862400054932e-01 3.702062666416168213e-01 4.339649900794029236e-02
-6.136475875973701477e-02 -7.192948460578918457e-02 -1.169190928339958191e-01
3.359150141477584839e-02 -2.547541260719299316e-02 -3.585421666502952576e-02
-1.971594244241714478e-02 -3.302496671676635742e-01 -3.507096767425537109e-01
-1.115245223045349121e-01 -2.892073094844818115e-01 3.251038119196891785e-02
-1.302072554826736450e-01 -1.599949151277542114e-01 -1.488828938454389572e-02
-1.561503261327743530e-01 -1.912548542022705078e-01 -1.058741565793752670e-02
9.741517901420593262e-02 1.570404171943664551e-01 -1.222085580229759216e-01
-1.155441179871559143e-01 -4.740442931652069092e-01 -9.509947299957275391e-01
-2.132824510335922241e-01 -1.679955283179879189e-03 -3.097573816776275635e-01
2.068093605339527130e-02 -1.957017928361892700e-01 -2.133281081914901733e-01
-3.258516639471054077e-02 4.791266098618507385e-02 -4.708766192197799683e-02
-1.956989290192723274e-03 -3.088180720806121826e-01 -1.880600899457931519e-01
-3.002474457025527954e-02 -1.972374878823757172e-02 1.174467429518699646e-02
2.538773231208324432e-02 2.783348225057125092e-02 -1.193417608737945557e-02
-1.561001241207122803e-01 3.628281876444816589e-02 6.684678792953491211e-02
2.512200176715850830e-01 -3.549590706825256348e-03 -2.852046117186546326e-02
1.031898036599159241e-01 1.812182180583477020e-02 3.145717456936836243e-02
2.035980075597763062e-01 2.549206614494323730e-01 -1.355845108628273010e-02
9.401429891586303711e-01 -3.075263500213623047e-01 -9.610821604728698730e-01
8.154266327619552612e-02 -4.507330060005187988e-02 4.026728868484497070e-02
2.177790850400924683e-01 2.442345917224884033e-01 -2.070335298776626587e-01
-1.499035060405731201e-01 -1.048740446567535400e-01 -1.059669777750968933e-01
-4.127479158341884613e-03 4.851392284035682678e-02 -1.352269500494003296e-01
-3.908358886837959290e-02 7.480853050947189331e-02 -5.493273213505744934e-02
1.950724422931671143e-01 2.462556660175323486e-01 1.959931105375289917e-02
-2.235965877771377563e-01 -3.439594209194183350e-01 -1.360773891210556030e-01
1.789289712905883789e-01 2.979824542999267578e-01 1.576276421546936035e-01
-2.622376084327697754e-01 -5.377002954483032227e-01 1.712425649166107178e-01
3.450616300106048584e-01 -2.131849899888038635e-02 -2.884078212082386017e-02
1.324772238731384277e-01 2.769562900066375732e-01 -1.079332642257213593e-02
-1.699453452602028847e-03 -9.050011634826660156e-02 2.657886967062950134e-02
-3.661569356918334961e-01 -2.772595882415771484e-01 2.302338480949401855e-01
4.578648805618286133e-01 1.144390106201171875e-01 5.462814569473266602e-01
3.420537710189819336e-01 2.522507607936859131e-01 1.349887698888778687e-01
4.609712958335876465e-02 1.180017292499542236e-01 -4.697537422180175781e-02
-1.743361353874206543e-01 -3.172639608383178711e-01 -1.689197868108749390e-01
-1.811491996049880981e-01 -2.890809178352355957e-01 -1.090868189930915833e-01
1.252887696027755737e-01 1.294669806957244873e-01 -1.450444608926773071e-01
-8.237923681735992432e-02 -1.285854429006576538e-01 -7.124375551939010620e-02
2.879233956336975098e-01 1.760559231042861938e-01 5.076730996370315552e-02
1.497291922569274902e-01 3.085653781890869141e-01 -1.795420795679092407e-02
1.645280979573726654e-02 -3.347205463796854019e-03 1.271018479019403458e-02
1.829661279916763306e-01 8.480413258075714111e-02 -1.041597649455070496e-01
1.461451947689056396e-01 3.854148983955383301e-01 -3.301135897636413574e-01
7.013760209083557129e-01 -4.150366485118865967e-01 8.858176469802856445e-01
-9.245033562183380127e-02 -1.802742481231689453e-04 -5.803162232041358948e-03
2.311425805091857910e-01 2.688419818878173828e-01 3.668330237269401550e-02
-3.748371601104736328e-01 -4.178514182567596436e-01 1.912993490695953369e-01
-1.274972595274448395e-02 1.663926839828491211e-01 -1.849866360425949097e-01
-1.478354167193174362e-02 -2.093396186828613281e-01 -1.048432141542434692e-01
-2.141638994216918945e-01 -2.919774651527404785e-01 1.039944961667060852e-01
2.935091257095336914e-01 -1.850264519453048706e-01 6.456513702869415283e-02
-1.578593403100967407e-01 -5.397166311740875244e-02 -6.536187976598739624e-02
-1.312133073806762695e-01 -1.459335088729858398e-01 -1.605019718408584595e-02
1.291272491216659546e-01 1.254762411117553711e-01 5.842117220163345337e-02
-2.453685365617275238e-02 6.326294690370559692e-02 4.678990226238965988e-03
2.742286324501037598e-01 3.245398104190826416e-01 4.108106344938278198e-02
8.447285890579223633e-01 -5.409179329872131348e-01 6.073992848396301270e-01
1.859968602657318115e-01 2.159203141927719116e-01 1.843614578247070312e-01
-4.880702588707208633e-03 -5.249705314636230469e-01 -1.812902390956878662e-01
3.134213015437126160e-02 2.478117197751998901e-01 1.190635934472084045e-02
-1.909259557723999023e-01 -1.204274147748947144e-01 1.251307129859924316e-01
-3.926787152886390686e-02 2.922840602695941925e-02 -2.392830513417720795e-02
9.476322680711746216e-02 2.899042889475822449e-02 -1.429475098848342896e-01
-3.390179947018623352e-03 -1.182021293789148331e-02 -7.794967386871576309e-03
-1.923306733369827271e-01 -3.545235395431518555e-01 -2.195089124143123627e-02
-2.010331004858016968e-01 -4.949611723423004150e-01 5.812422186136245728e-02
5.550324916839599609e-02 6.476087868213653564e-02 -1.067326683551073074e-02
2.525507658720016479e-02 -1.443570405244827271e-01 6.528145819902420044e-02
-1.452720165252685547e-01 -3.898694813251495361e-01 -7.478440552949905396e-02
-6.406204774975776672e-03 -8.211439847946166992e-02 -2.883250266313552856e-02
3.583118692040443420e-02 -1.454197149723768234e-02 -2.575794607400894165e-02
2.361136078834533691e-01 1.479313522577285767e-01 -1.594564467668533325e-01
-5.125224590301513672e-01 -5.632171034812927246e-01 4.367198944091796875e-01
-2.043953090906143188e-01 -2.772909104824066162e-01 -7.056457549333572388e-02
-5.682011246681213379e-01 7.002064585685729980e-02 6.928964853286743164e-01
-2.193196564912796021e-01 -6.510584056377410889e-02 4.588109906762838364e-03
-1.743693202733993530e-01 -4.282654821872711182e-01 -8.425970375537872314e-02
2.205669693648815155e-02 1.374047398567199707e-01 7.422568649053573608e-02
-1.380939632654190063e-01 -2.159260511398315430e-01 -8.554937690496444702e-02
-1.821887493133544922e-01 -2.419757246971130371e-01 -3.429271653294563293e-02
-1.222847402095794678e-01 -5.895855650305747986e-02 -5.016869679093360901e-02
1.917513757944107056e-01 1.322306543588638306e-01 -6.155364215373992920e-02
-1.820159107446670532e-01 -7.180639505386352539e-01 1.418554484844207764e-01
-1.315884590148925781e-01 5.497830510139465332e-01 2.502674702554941177e-03
8.109537512063980103e-02 9.883946925401687622e-02 -1.555362641811370850e-01
7.460007071495056152e-02 1.666065901517868042e-01 -1.278155017644166946e-02
1.193294748663902283e-01 2.376871556043624878e-02 1.570968031883239746e-01
-4.027886986732482910e-01 -3.138966262340545654e-01 -6.311652064323425293e-02
5.601538717746734619e-02 4.909522831439971924e-02 -2.821140736341476440e-02
-3.405634760856628418e-01 -3.176018893718719482e-01 -1.259076744318008423e-01
7.556474208831787109e-02 1.222202032804489136e-01 2.745957113802433014e-02
6.191979348659515381e-02 -5.377339944243431091e-02 -8.692438900470733643e-02
2.091914415359497070e-01 9.682044386863708496e-02 -2.826122045516967773e-01
6.650392711162567139e-02 1.641903817653656006e-02 -6.910490244626998901e-02
1.113189533352851868e-01 2.229371070861816406e-01 -1.365358978509902954e-01
-2.626918815076351166e-02 2.748309634625911713e-02 -6.685966253280639648e-02
1.703339815139770508e-01 3.478515148162841797e-01 -2.478051483631134033e-01
1.638824194669723511e-01 8.883474767208099365e-02 4.133149087429046631e-01
-1.507488042116165161e-01 1.588809862732887268e-02 -1.910337805747985840e-02
3.826751187443733215e-02 7.839297503232955933e-02 -5.066970735788345337e-02
2.292211866006255150e-03 5.182839557528495789e-02 4.625048954039812088e-03
-5.407118052244186401e-02 4.549352917820215225e-03 -1.382840890437364578e-02
-1.054197922348976135e-01 -1.584425419569015503e-01 2.789968252182006836e-02
-1.903846561908721924e-01 -1.412534266710281372e-01 5.155001208186149597e-02
-2.777240872383117676e-01 -3.915940821170806885e-01 4.491467401385307312e-02
-4.429275691509246826e-01 -2.968339920043945312e-01 3.902098163962364197e-02
-2.410495132207870483e-01 -1.719088554382324219e-01 -4.279937222599983215e-02
2.598870098590850830e-01 1.105709671974182129e-01 1.333514004945755005e-01
2.765853703022003174e-01 4.288628399372100830e-01 -4.128440916538238525e-01
6.926821172237396240e-02 -2.493451721966266632e-02 -1.044386848807334900e-01
9.297129511833190918e-01 -4.351087510585784912e-01 -2.089112251996994019e-01
1.383218467235565186e-01 1.369426548480987549e-01 -1.664860174059867859e-02
-3.712619543075561523e-01 -6.881270557641983032e-02 -4.035974144935607910e-01
2.040601670742034912e-01 2.312988787889480591e-01 -4.764762520790100098e-02
2.053285837173461914e-01 2.680577933788299561e-01 -2.049272507429122925e-02
7.187272608280181885e-02 2.751972712576389313e-02 -5.860573798418045044e-02
4.583869501948356628e-02 2.082002907991409302e-01 -7.132164388895034790e-02
-1.131525933742523193e-01 -1.761874705553054810e-01 -1.109788417816162109e-01
4.040117561817169189e-01 4.109408259391784668e-01 2.014350146055221558e-01
1.670697927474975586e-01 1.800019145011901855e-01 2.742609940469264984e-02
-5.748168826103210449e-01 2.324734441936016083e-02 4.801008105278015137e-02
4.809717088937759399e-02 1.042343452572822571e-01 1.160080358386039734e-01
-1.098302528262138367e-01 -7.671245187520980835e-02 3.096430748701095581e-02
1.943666860461235046e-02 -1.052915700711309910e-03 -5.625366047024726868e-02
1.418026536703109741e-01 5.683048442006111145e-02 9.741400182247161865e-02
1.395291537046432495e-01 9.011971950531005859e-02 -8.146761101670563221e-04
2.888195812702178955e-01 -7.038507461547851562e-01 -9.212983250617980957e-01
-5.532207340002059937e-02 1.063908729702234268e-02 7.312892703339457512e-04
9.423871338367462158e-02 6.727170199155807495e-02 1.476687099784612656e-02
-1.020555868744850159e-01 1.240464020520448685e-02 -1.918598264455795288e-02
1.724333465099334717e-01 -7.754401564598083496e-01 -2.626572847366333008e-01
1.547146029770374298e-02 1.152225956320762634e-01 -7.347118109464645386e-02
1.039913147687911987e-01 1.796164959669113159e-01 2.939931116998195648e-03
3.554920554161071777e-01 8.539594709873199463e-02 -2.602073848247528076e-01
-1.564015150070190430e-01 5.948700010776519775e-02 -3.380285808816552162e-03
-7.341916114091873169e-02 -2.356585115194320679e-01 -1.492943018674850464e-01
-2.655684947967529297e-04 3.152392432093620300e-02 -3.798301517963409424e-02
7.791247218847274780e-02 4.722065031528472900e-01 1.676246523857116699e-01
-5.217631533741950989e-02 -2.017239034175872803e-01 -9.369038790464401245e-02
-3.069958649575710297e-02 -1.914840191602706909e-01 -1.064755916595458984e-01
1.285559684038162231e-02 5.344413965940475464e-02 -3.181998059153556824e-02
-4.616720974445343018e-02 -1.945322155952453613e-01 -6.797173619270324707e-02
2.119037210941314697e-01 1.144741475582122803e-01 -9.109977632761001587e-02
7.741988897323608398e-01 -6.784930825233459473e-03 8.056901693344116211e-01
-1.820261776447296143e-02 2.486601285636425018e-02 1.122604459524154663e-01
1.163650676608085632e-01 1.111522763967514038e-01 1.251919567584991455e-01
-4.301849380135536194e-02 -1.617653761059045792e-03 4.930958151817321777e-02
-1.126910448074340820e-01 -4.248319566249847412e-02 -1.392927113920450211e-02
3.717277944087982178e-02 -1.551641733385622501e-03 5.945791490375995636e-03
7.518880069255828857e-03 3.358191624283790588e-02 -3.552172333002090454e-02
-6.576675176620483398e-02 1.724875718355178833e-01 -1.074123457074165344e-01
-1.678048372268676758e-01 -2.707338929176330566e-01 4.309926927089691162e-02
-5.501494184136390686e-02 -1.546396166086196899e-01 3.444988653063774109e-02
-1.257581859827041626e-01 -2.678194642066955566e-01 -8.949188049882650375e-04
8.137858659029006958e-02 1.005816236138343811e-01 -8.369614928960800171e-02
-3.837019801139831543e-01 -1.672226488590240479e-01 1.294627040624618530e-01
6.684322953224182129e-01 -5.354371666908264160e-01 -1.954344362020492554e-01
-2.387011982500553131e-02 -1.223827898502349854e-02 -6.156903225928544998e-03
-1.121591031551361084e-01 -5.703909397125244141e-01 1.927770301699638367e-02
-8.823040872812271118e-02 -2.087718546390533447e-01 -8.596800267696380615e-02
1.964127719402313232e-01 9.248294681310653687e-02 -1.105282679200172424e-01
3.254794776439666748e-01 1.518945693969726562e-01 -4.227425754070281982e-01
3.843690156936645508e-01 -2.851524055004119873e-01 6.369990110397338867e-02
-1.004477217793464661e-01 -1.692571789026260376e-01 -3.628463298082351685e-02
-2.999573945999145508e-02 2.808606810867786407e-02 -5.843155551701784134e-03
7.547592744231224060e-03 -1.195728196762502193e-03 -2.712520025670528412e-02
1.115623340010643005e-01 2.591872029006481171e-02 5.149544030427932739e-02
-6.114678084850311279e-02 -8.701397478580474854e-02 -4.016401246190071106e-02
-8.141072094440460205e-02 9.767193347215652466e-02 -5.762937664985656738e-02
-6.170149520039558411e-02 -1.305391341447830200e-01 -6.734506785869598389e-02
2.838628292083740234e-01 -2.032169103622436523e-01 1.641543954610824585e-01
-4.965965151786804199e-01 -3.105976581573486328e-01 3.278549611568450928e-01
1.211915835738182068e-01 2.119962684810161591e-02 -1.058367639780044556e-02
-7.144853472709655762e-02 -3.742689266800880432e-02 7.902457378804683685e-03
-3.088429272174835205e-01 -9.919264912605285645e-02 6.279230862855911255e-02
-3.147784173488616943e-01 -1.455715745687484741e-01 1.335203498601913452e-01
2.802281826734542847e-02 1.171681061387062073e-01 -1.431644111871719360e-01
1.240284740924835205e-01 3.035224080085754395e-01 -2.856083214282989502e-01
-2.445677816867828369e-01 -4.808975383639335632e-02 -1.662000119686126709e-01
-9.289234876632690430e-02 1.168574094772338867e-01 -7.595502585172653198e-02
-3.052769973874092102e-02 -7.541786879301071167e-02 -6.088832020759582520e-02
-1.521980911493301392e-01 -2.790449559688568115e-01 4.236431792378425598e-02
-1.600373089313507080e-01 -2.414994537830352783e-01 1.250153630971908569e-01
3.285451829433441162e-01 2.342420965433120728e-01 1.585881561040878296e-01
-8.305051177740097046e-02 -1.129384487867355347e-01 -6.121899187564849854e-02
-1.124218758195638657e-02 -1.420661620795726776e-02 -3.033651597797870636e-02
1.467702835798263550e-01 -1.677481532096862793e-01 -3.672008812427520752e-01
-5.378374084830284119e-02 -3.652701377868652344e-01 -1.122993454337120056e-01
-2.311971932649612427e-01 -1.342462599277496338e-01 5.434565618634223938e-02
-9.246129542589187622e-02 -2.025541067123413086e-01 7.637996971607208252e-02
-5.119383335113525391e-01 -5.407637357711791992e-01 -4.958769083023071289e-01
-8.595465123653411865e-02 -2.826329469680786133e-01 -3.708639740943908691e-02
-4.377084970474243164e-01 -6.195191740989685059e-01 3.751453757286071777e-01
1.913774460554122925e-01 1.176055148243904114e-01 -1.451588422060012817e-01
2.801899909973144531e-01 3.240682184696197510e-01 -3.924880921840667725e-01
-4.166316241025924683e-02 -4.277609661221504211e-02 -2.257496863603591919e-02
4.694172143936157227e-01 -2.141812592744827271e-01 -1.041121259331703186e-01
6.683961302042007446e-02 -2.581887543201446533e-01 -2.469262667000293732e-02
-2.278200238943099976e-01 -1.607370227575302124e-01 -2.257508784532546997e-01
1.631933152675628662e-01 2.652377448976039886e-02 -3.141005523502826691e-03
5.135633423924446106e-02 5.861462652683258057e-02 -2.640896942466497421e-03
-6.456049531698226929e-02 1.007415540516376495e-02 -3.580124303698539734e-02
3.845842182636260986e-01 2.397999614477157593e-01 2.438542544841766357e-01
-7.712065428495407104e-02 -1.039087697863578796e-01 4.778652638196945190e-02
-5.169252157211303711e-01 -2.085236907005310059e-01 2.278577238321304321e-01
-2.476681619882583618e-01 -2.317418903112411499e-02 5.287479981780052185e-02
-2.331749498844146729e-01 -3.247574269771575928e-01 4.398147389292716980e-02
-2.334577292203903198e-01 -2.993465363979339600e-01 -5.118126049637794495e-02
5.428403243422508240e-02 6.125441193580627441e-02 -9.244187921285629272e-02
8.650831878185272217e-03 -2.552726492285728455e-02 6.324981804937124252e-03
1.441733092069625854e-01 2.106997221708297729e-01 -2.975484821945428848e-03
-7.470345497131347656e-02 -1.810633242130279541e-01 7.056552171707153320e-02
-5.528686642646789551e-01 1.939143054187297821e-02 3.851252496242523193e-01
4.775417447090148926e-01 3.712268769741058350e-01 2.699581086635589600e-01
-1.176610365509986877e-01 -1.032839193940162659e-01 -3.665310889482498169e-02
-2.950048446655273438e-01 -3.848320841789245605e-01 -2.415124475955963135e-01
-3.917341232299804688e-01 4.590593576431274414e-01 5.255753397941589355e-01
-2.075802087783813477e-01 -4.138592481613159180e-01 3.936316445469856262e-02
-5.392005443572998047e-01 2.872141823172569275e-02 -3.046801090240478516e-01
2.064570039510726929e-01 3.785214722156524658e-01 -1.360531002283096313e-01
-2.208482921123504639e-01 -4.587112665176391602e-01 -2.080576121807098389e-01
-1.453557312488555908e-01 -6.278342604637145996e-01 9.145436808466911316e-03
-2.708782851696014404e-01 -6.493644416332244873e-02 -1.139602512121200562e-01
-1.133490651845932007e-01 -2.298419773578643799e-01 -1.120979338884353638e-01
-2.163381129503250122e-02 -7.200673222541809082e-02 -2.428364008665084839e-02
4.255221039056777954e-02 4.241516068577766418e-02 -4.156863782554864883e-03
-1.239164825528860092e-02 4.724420011043548584e-01 -1.272830180823802948e-02
1.069464385509490967e-01 7.512415200471878052e-02 -1.653204672038555145e-02
-4.920957982540130615e-01 9.751644730567932129e-01 -2.269218266010284424e-01
2.142062932252883911e-01 2.066663950681686401e-01 -9.583234786987304688e-02
-7.065682439133524895e-04 1.448690891265869141e-04 -1.454441528767347336e-02
9.143223613500595093e-02 -2.485021390020847321e-02 2.997900545597076416e-02
-6.447543948888778687e-02 -1.325402259826660156e-01 -6.525193154811859131e-02
6.941992789506912231e-02 7.595109939575195312e-02 -4.496479034423828125e-02
4.576331377029418945e-01 1.477446705102920532e-01 7.363967895507812500e-01
1.266001462936401367e-01 1.969792842864990234e-01 -1.440906617790460587e-02
-7.003933787345886230e-01 -1.053353957831859589e-02 -1.904331892728805542e-01
8.614317327737808228e-02 2.702247202396392822e-01 -4.943032748997211456e-03
-1.690870337188243866e-02 -3.792091086506843567e-02 -1.224067881703376770e-01
-1.934885792434215546e-02 4.061257839202880859e-02 -3.435213118791580200e-02
-9.224906563758850098e-02 -9.253643453121185303e-02 -1.417914405465126038e-02
1.962099969387054443e-02 -5.462830420583486557e-03 -1.335805188864469528e-02
-4.344004392623901367e-01 -5.634201765060424805e-01 -4.843957722187042236e-01
8.210137486457824707e-02 1.669943034648895264e-01 2.992290817201137543e-02
3.386633843183517456e-02 -8.001112379133701324e-03 -1.740029640495777130e-02
1.559803783893585205e-01 1.538389325141906738e-01 -1.145812645554542542e-01
-3.001924157142639160e-01 -3.729965388774871826e-01 1.932813972234725952e-01
-6.636877357959747314e-02 -6.081628799438476562e-01 -5.192130431532859802e-02
2.931315079331398010e-02 4.404423385858535767e-02 -1.977808587253093719e-02
4.198261201381683350e-01 -2.272606939077377319e-01 2.047379314899444580e-02
1.010250002145767212e-01 1.300195455551147461e-01 5.283075571060180664e-02
1.514928489923477173e-01 3.849981725215911865e-01 -3.918724656105041504e-01
1.962753832340240479e-01 2.192631177604198456e-02 2.068290114402770996e-02
-6.088072657585144043e-01 -1.439816206693649292e-01 6.019066572189331055e-01
9.714751690626144409e-02 2.509002983570098877e-01 -2.472092807292938232e-01
-2.223957031965255737e-01 -3.265060484409332275e-01 1.226878166198730469e-01
-2.736904099583625793e-02 2.235594540834426880e-01 -4.776166677474975586e-01
-8.728267252445220947e-02 -6.552087515592575073e-02 -2.965199202299118042e-02
2.682353258132934570e-01 1.771699339151382446e-01 8.363009244203567505e-02
1.898019909858703613e-01 2.030957937240600586e-01 2.683865092694759369e-02
-3.981066122651100159e-02 -2.242529578506946564e-02 -1.401070505380630493e-02
-2.544361352920532227e-01 -1.952027976512908936e-01 5.287218466401100159e-02
-1.530344337224960327e-01 -1.633332520723342896e-01 -3.546552732586860657e-02
-1.505241394042968750e-01 -4.967783093452453613e-01 -7.866014540195465088e-02
-1.703941076993942261e-01 -2.343284785747528076e-01 -4.253000393509864807e-02
-2.073076320812106133e-03 4.231190308928489685e-02 -1.002669557929039001e-01
-1.476494967937469482e-01 -2.616423070430755615e-01 -5.561140924692153931e-02
5.543600022792816162e-02 -5.442200601100921631e-02 2.363622933626174927e-02
-8.277209103107452393e-02 -7.246050983667373657e-02 -3.249790892004966736e-02
-3.326318562030792236e-01 -4.318998157978057861e-01 2.877751886844635010e-01
-7.765991240739822388e-02 -1.618783026933670044e-01 9.231317043304443359e-02
1.555891484022140503e-01 3.543844521045684814e-01 1.669844798743724823e-02
-4.817302152514457703e-02 -1.626122593879699707e-01 4.475576058030128479e-02
-9.491810947656631470e-02 -2.168886810541152954e-01 7.751369476318359375e-02
-3.189774602651596069e-02 1.568418890237808228e-01 -3.163158148527145386e-02
-4.688816666603088379e-01 -4.811070859432220459e-03 -9.214546531438827515e-02
5.429244134575128555e-03 6.354054212570190430e-01 3.758305311203002930e-01
4.328553006052970886e-02 5.123464390635490417e-02 -1.693756580352783203e-01
-1.775295287370681763e-01 -5.033402144908905029e-02 1.041746214032173157e-01
4.032687097787857056e-02 3.908954188227653503e-02 -9.163146466016769409e-02
-1.613577902317047119e-01 -1.898126900196075439e-01 -1.310101449489593506e-01
-3.994454443454742432e-02 -9.904185682535171509e-02 -2.129542641341686249e-02
-1.623089313507080078e-01 -2.176095098257064819e-01 -9.583278000354766846e-02
-2.569248080253601074e-01 -1.107559725642204285e-01 -1.109092608094215393e-01
-8.095749467611312866e-02 2.892512641847133636e-02 -4.307642579078674316e-02
8.888270705938339233e-02 3.129791915416717529e-01 -1.821002215147018433e-01
-7.294338196516036987e-02 -1.870838552713394165e-01 2.850496210157871246e-02
-2.543082535266876221e-01 -3.931325674057006836e-01 -1.994252800941467285e-01
1.697270423173904419e-01 1.280989348888397217e-01 -2.418941110372543335e-01
-3.708897531032562256e-01 -2.634046375751495361e-01 -3.143460750579833984e-01
7.546391338109970093e-02 5.842291284352540970e-03 9.584997780621051788e-03
1.148399263620376587e-01 -1.261531561613082886e-01 1.379281282424926758e-01
2.716888673603534698e-02 1.045810338109731674e-02 -1.289932429790496826e-01
-1.122466325759887695e-01 -5.137297883629798889e-02 -3.812075778841972351e-02
-4.066299796104431152e-01 2.445251345634460449e-01 2.902739942073822021e-01
1.161051169037818909e-01 2.634586393833160400e-01 -3.379614353179931641e-01
2.643045485019683838e-01 -3.974464908242225647e-02 -2.486320883035659790e-01
2.244475632905960083e-01 -4.893660172820091248e-02 2.179661691188812256e-01
1.807446479797363281e-01 2.845181822776794434e-01 3.211525827646255493e-02
-1.186212748289108276e-01 -1.545335799455642700e-01 -3.219471871852874756e-02
-7.019040733575820923e-02 -1.511659473180770874e-01 2.910993807017803192e-02
-9.662867337465286255e-02 -2.675593458116054535e-02 1.161316335201263428e-01
-4.986966550350189209e-01 7.981263846158981323e-02 3.522284924983978271e-01
1.253254413604736328e-01 4.932750947773456573e-03 -1.597802042961120605e-01
1.501161903142929077e-01 2.660461366176605225e-01 -3.556771203875541687e-02
-3.067047595977783203e-01 -3.298704028129577637e-01 -9.538826346397399902e-02
2.544657886028289795e-01 2.971291355788707733e-02 2.169089317321777344e-01
1.745453774929046631e-01 3.581589460372924805e-01 -2.951259315013885498e-01
-5.157069861888885498e-02 1.218576058745384216e-01 -9.118004888296127319e-02
-1.032598316669464111e-01 -1.408734023571014404e-01 -1.119583379477262497e-03
-1.296709179878234863e-01 -3.622804582118988037e-01 -4.037556424736976624e-02
-3.686052560806274414e-01 -1.315685212612152100e-01 -2.917784452438354492e-01
-6.708657145500183105e-01 -4.481310397386550903e-02 -2.059768885374069214e-01
4.268197417259216309e-01 1.819495260715484619e-01 3.924744725227355957e-01
-1.677131652832031250e-01 -2.548550069332122803e-01 -2.126148343086242676e-02
-9.272238016128540039e-01 8.744478821754455566e-01 -5.159367322921752930e-01
-2.143263816833496094e-01 -2.196142226457595825e-01 9.687960892915725708e-02
9.320084750652313232e-02 1.141510158777236938e-01 4.544427990913391113e-02
-1.248264834284782410e-01 -3.360895514488220215e-01 2.376323565840721130e-02
-4.997272789478302002e-01 1.388411410152912140e-02 -1.160930618643760681e-01
4.295589029788970947e-02 -7.229586690664291382e-02 2.378745004534721375e-02
-1.818726658821105957e-01 3.508536815643310547e-01 -9.625376202166080475e-03
-3.622029125690460205e-01 -5.039421916007995605e-01 3.319647014141082764e-01
7.739684581756591797e-01 1.757826954126358032e-01 7.051250934600830078e-01
4.911949932575225830e-01 3.022581338882446289e-01 3.587394952774047852e-01
-4.843704104423522949e-01 -5.983236804604530334e-02 2.542195618152618408e-01
-3.238849043846130371e-01 -3.399709761142730713e-01 1.817540377378463745e-01
5.213592574000358582e-02 8.292318880558013916e-02 -2.104508131742477417e-02
2.417799830436706543e-01 -5.528867989778518677e-02 7.584711164236068726e-02
5.884779095649719238e-01 5.089733004570007324e-02 6.779111623764038086e-01
5.943667888641357422e-02 1.190200150012969971e-01 1.109320446848869324e-01
-5.305400490760803223e-01 -6.603835225105285645e-01 9.631938487291336060e-02
-9.593720734119415283e-02 -5.933988094329833984e-02 -7.341663539409637451e-02
-3.705276250839233398e-01 1.366014629602432251e-01 1.376059185713529587e-02
-9.500892460346221924e-02 -1.293122069910168648e-03 -1.703597158193588257e-01
7.945087552070617676e-01 -9.760634601116180420e-02 -9.336980581283569336e-01
-2.826143614947795868e-02 6.102590356022119522e-03 -4.334966465830802917e-02
-3.735422797035425901e-04 1.222998574376106262e-01 -6.343097984790802002e-02
2.283425815403461456e-02 4.559425637125968933e-03 8.423934131860733032e-02
1.912802904844284058e-01 4.729485511779785156e-01 -2.779156565666198730e-01
-9.723937511444091797e-02 -9.622292220592498779e-02 1.244124677032232285e-02
8.377760648727416992e-02 1.483904421329498291e-01 -2.171929478645324707e-01
-1.954339742660522461e-01 -2.786781787872314453e-01 -1.132423654198646545e-01
-3.208545967936515808e-02 -1.910808384418487549e-01 -4.155372455716133118e-02
-9.166634827852249146e-02 -1.333057065494358540e-03 -9.801169484853744507e-02
-7.013628631830215454e-02 -2.592528006061911583e-03 -1.212976947426795959e-01
5.977267771959304810e-02 3.565984964370727539e-01 -1.280614733695983887e-01
-2.517692446708679199e-01 -3.631984889507293701e-01 1.236141771078109741e-01
-1.397405471652746201e-02 -1.584081561304628849e-03 -2.832855656743049622e-02
8.952437900006771088e-03 1.857472397387027740e-02 1.955808140337467194e-02
3.311757743358612061e-02 4.507165551185607910e-01 -4.573377668857574463e-01
2.721373736858367920e-01 7.139443187043070793e-04 1.185391917824745178e-01
-4.814233630895614624e-02 -4.453305900096893311e-02 -2.163305133581161499e-02
-4.202636778354644775e-01 -2.936832606792449951e-01 2.746700942516326904e-01
1.591155380010604858e-01 1.518533676862716675e-01 -2.540073171257972717e-02
1.333717908710241318e-02 8.938620984554290771e-02 -2.784819342195987701e-02
2.736246883869171143e-01 3.078482747077941895e-01 -3.024086058139801025e-01
2.565909326076507568e-01 -6.265975534915924072e-03 -1.081289872527122498e-01
-1.043230444192886353e-01 -2.624318301677703857e-01 -7.470835745334625244e-02
-4.510023444890975952e-02 3.115490265190601349e-02 1.287806406617164612e-02
-6.027951464056968689e-02 -5.632815510034561157e-02 -3.298142552375793457e-02
-2.178297340869903564e-01 -5.633538365364074707e-01 -2.727573215961456299e-01
-5.690434575080871582e-02 3.573333919048309326e-01 -3.949208557605743408e-02
1.514108926057815552e-01 -1.037472561001777649e-01 5.337097495794296265e-02
7.484406232833862305e-02 1.381737738847732544e-01 -4.492270201444625854e-02
7.966276258230209351e-02 3.199989199638366699e-01 -2.723899483680725098e-01
4.361541569232940674e-01 -5.595393106341362000e-02 3.680160343647003174e-01
-1.501194685697555542e-01 -1.191424056887626648e-01 -4.905389845371246338e-01
7.199712842702865601e-02 -1.962159574031829834e-02 -1.400997638702392578e-01
-1.908636651933193207e-02 -1.076886579394340515e-01 -6.337868422269821167e-02
-1.744439080357551575e-02 4.569192826747894287e-01 -4.214863851666450500e-02
-2.528127729892730713e-01 -1.843619644641876221e-01 3.802188113331794739e-02
3.605902791023254395e-01 -9.225985407829284668e-01 -4.086441397666931152e-01
1.396373063325881958e-01 1.273133158683776855e-01 -1.682113707065582275e-01
-8.122043311595916748e-02 -8.670524507761001587e-02 -6.626713275909423828e-02
-1.271907091140747070e-01 -1.127561405301094055e-01 -1.999037340283393860e-02
-5.881712958216667175e-02 2.625470757484436035e-01 -3.353326916694641113e-01
2.013772875070571899e-01 3.448902964591979980e-01 -3.248331844806671143e-01
4.118254780769348145e-01 2.746249139308929443e-01 2.761743068695068359e-01
-3.926020860671997070e-02 -1.994051933288574219e-01 -1.178500354290008545e-01
-9.283037856221199036e-03 -2.065826579928398132e-02 1.104721147567033768e-02
5.499719991348683834e-04 3.933923840522766113e-01 -1.099753975868225098e-01
-3.920844197273254395e-01 -3.300052285194396973e-01 -3.338584005832672119e-01
1.229983419179916382e-01 -9.994427673518657684e-03 7.970224134624004364e-03
2.361238002777099609e-04 1.210707500576972961e-01 6.406510621309280396e-02
-3.492597043514251709e-01 -4.412289559841156006e-01 -2.320443689823150635e-01
-1.983570009469985962e-01 -3.772557973861694336e-01 8.270433172583580017e-03
-2.051654011011123657e-01 -3.253163769841194153e-02 6.737867742776870728e-02
2.026893645524978638e-01 2.017171233892440796e-01 -2.320563495159149170e-01
-1.773299127817153931e-01 -4.081300795078277588e-01 6.668674945831298828e-02
3.881046548485755920e-02 6.459354888647794724e-03 -1.932749897241592407e-02
-1.227933634072542191e-02 2.126444689929485321e-02 -2.041127905249595642e-02
-1.766146346926689148e-02 8.091570809483528137e-03 -1.819647252559661865e-01
8.604061603546142578e-02 2.197934538125991821e-01 5.999836325645446777e-02
-1.048953384160995483e-01 -1.724341958761215210e-01 1.243095099925994873e-02
1.014811694622039795e-01 9.928111732006072998e-02 1.576720476150512695e-01
1.830618083477020264e-01 7.704503834247589111e-02 -4.839521646499633789e-02
-2.924795448780059814e-02 -1.897628605365753174e-01 -1.090437918901443481e-01
8.258995413780212402e-02 1.268301010131835938e-01 2.623015549033880234e-03
-1.141927670687437057e-02 7.051844894886016846e-02 -3.000994212925434113e-02
-8.301218599081039429e-02 -8.186929672956466675e-02 -1.144420262426137924e-02
-7.843171060085296631e-02 -2.102821469306945801e-01 -7.797808200120925903e-02
4.364463686943054199e-02 1.302187293767929077e-01 -3.738384246826171875e-01
-1.134957149624824524e-01 -9.676398336887359619e-02 -6.964837014675140381e-02
-2.451234124600887299e-02 -5.626628920435905457e-02 -2.530520223081111908e-02
2.048144340515136719e-01 8.425692096352577209e-03 1.301236599683761597e-01
8.392412960529327393e-02 4.776294901967048645e-02 1.423763334751129150e-01
-6.104246526956558228e-02 3.481824696063995361e-02 -5.473576486110687256e-02
-2.210030853748321533e-01 -1.849478334188461304e-01 -2.285409532487392426e-02
2.242479771375656128e-01 2.244270145893096924e-01 1.360639333724975586e-01
9.450720623135566711e-03 -2.236222848296165466e-02 -4.906388372182846069e-02
1.248133927583694458e-02 -1.055140793323516846e-01 8.741339296102523804e-02
1.664254665374755859e-01 1.130406558513641357e-01 -1.276450753211975098e-01
3.092927634716033936e-01 1.072799935936927795e-01 1.453430950641632080e-01
-3.245539069175720215e-01 -2.663539350032806396e-01 -4.958505555987358093e-02
-2.879012227058410645e-01 -1.495943069458007812e-01 -1.124135777354240417e-01
2.242400497198104858e-01 8.902935683727264404e-02 -2.323795557022094727e-01
9.003208577632904053e-02 2.678467333316802979e-01 -2.888510823249816895e-01
3.763652443885803223e-01 -3.592702746391296387e-01 -1.793408393859863281e-01
2.898592054843902588e-01 2.714728415012359619e-01 -2.511656843125820160e-02
2.105710208415985107e-01 7.045667618513107300e-02 1.794214844703674316e-01
1.693405769765377045e-02 -2.783914096653461456e-02 2.363979220390319824e-01
1.158068031072616577e-01 1.680580973625183105e-01 4.100489988923072815e-02
-6.347883958369493484e-03 -1.992343366146087646e-02 -4.626304283738136292e-02
-4.103637486696243286e-02 -1.694243028759956360e-02 1.862147152423858643e-01
5.370323061943054199e-01 6.703130006790161133e-01 7.046185135841369629e-01
1.172820329666137695e-01 1.209483519196510315e-01 -2.078067138791084290e-02
1.052622944116592407e-01 8.788587152957916260e-02 -1.208718866109848022e-02
1.410412043333053589e-01 6.698781996965408325e-02 6.462650001049041748e-02
-1.714247018098831177e-01 -1.129356771707534790e-01 1.176332775503396988e-02
9.398243390023708344e-03 -3.274583220481872559e-01 4.106779396533966064e-02
-6.347595453262329102e-01 1.111389100551605225e-01 3.711747005581855774e-02
2.207665592432022095e-01 -9.164559096097946167e-02 8.600896596908569336e-01
-2.717727422714233398e-02 1.473120599985122681e-02 -3.848864883184432983e-02
6.425008177757263184e-02 7.019928842782974243e-02 1.402375567704439163e-02
5.204970389604568481e-02 1.250514835119247437e-01 6.813597679138183594e-02
-1.598403155803680420e-01 -2.774829566478729248e-01 -9.774573147296905518e-02
-4.219677299261093140e-02 -6.271052360534667969e-02 -1.017348691821098328e-01
-2.587630152702331543e-01 -2.909201085567474365e-01 5.156368389725685120e-02
-3.659625947475433350e-01 -3.131749331951141357e-01 8.838596194982528687e-02
-1.373472511768341064e-01 -1.485821604728698730e-01 -2.927984669804573059e-02
-8.487752079963684082e-02 -1.650616079568862915e-01 -2.591570317745208740e-01
-2.687796205282211304e-02 -7.999666966497898102e-03 -6.204375624656677246e-02
8.623951673507690430e-02 2.857958078384399414e-01 6.540870666503906250e-02
-3.463865518569946289e-01 -7.470310330390930176e-01 -3.278682827949523926e-01
-1.361772716045379639e-01 -9.781406261026859283e-03 -7.818569242954254150e-02
4.338924586772918701e-02 -8.390572853386402130e-03 3.747505368664860725e-03
3.155930340290069580e-01 1.796256564557552338e-02 1.660660058259963989e-01
-4.096382856369018555e-01 -3.100966811180114746e-01 -4.282038211822509766e-01
-6.509960442781448364e-02 -8.502116799354553223e-02 -7.479792088270187378e-02
-8.289479017257690430e-01 -1.857689321041107178e-01 -7.652288079261779785e-01
3.969621658325195312e-01 1.790198385715484619e-01 1.662329584360122681e-01
-1.110105887055397034e-01 -2.012975513935089111e-01 -9.685198776423931122e-03
2.351981215178966522e-02 6.845118105411529541e-02 4.098627343773841858e-02
3.650629520416259766e-01 1.287857443094253540e-01 2.165088802576065063e-01
5.786670371890068054e-02 4.002915322780609131e-01 -1.169866845011711121e-01
-4.179181754589080811e-01 -2.013977319002151489e-01 2.850734889507293701e-01
-5.075127482414245605e-01 -3.247272372245788574e-01 6.430223584175109863e-01
-5.564595013856887817e-02 1.763220690190792084e-02 -2.856401167809963226e-02
-2.403693646192550659e-01 3.893892047926783562e-03 -9.572523087263107300e-02
-2.897905409336090088e-01 6.359435915946960449e-01 1.427923291921615601e-01
-5.832405686378479004e-01 -9.056557714939117432e-02 7.085930109024047852e-01
-7.802052795886993408e-02 -1.512221433222293854e-02 2.110823243856430054e-02
-2.655686251819133759e-02 6.009566131979227066e-03 8.223651093430817127e-04
6.995059549808502197e-02 -2.379011362791061401e-01 -3.900445252656936646e-02
-1.924146115779876709e-01 6.857395172119140625e-01 -4.733314216136932373e-01
7.338575124740600586e-01 -5.215234756469726562e-01 4.719288051128387451e-01
-4.801212549209594727e-01 -3.679007589817047119e-01 9.099213480949401855e-01
-1.963313966989517212e-01 -1.926443278789520264e-01 -2.180360443890094757e-02
-1.344794631004333496e-01 7.188104093074798584e-02 7.512692362070083618e-02
1.159503161907196045e-01 1.163631156086921692e-01 -1.225631833076477051e-01
3.300242722034454346e-01 2.124133259057998657e-01 -1.089635789394378662e-01
1.962928026914596558e-01 3.756147809326648712e-03 -2.031276673078536987e-01
9.852971136569976807e-02 1.122008562088012695e-01 1.318378373980522156e-02
-3.169043362140655518e-01 -4.068858921527862549e-01 -4.144646823406219482e-01
-1.898907124996185303e-01 4.237859249114990234e-01 2.276878505945205688e-01
4.850851893424987793e-01 -1.505126953125000000e-01 2.050856798887252808e-01
8.565484546124935150e-03 4.622453078627586365e-02 -1.374488882720470428e-02
1.980582475662231445e-01 1.149724125862121582e-01 4.145770519971847534e-02
-1.546206045895814896e-02 5.392282619141042233e-04 4.777731001377105713e-02
-1.364715248346328735e-01 -6.259757280349731445e-02 -9.160067141056060791e-02
3.139387816190719604e-02 -5.265252664685249329e-02 -5.456824228167533875e-02
-3.675002977252006531e-02 1.125182732939720154e-01 -1.755730621516704559e-02
-1.287808865308761597e-01 -5.541396886110305786e-02 -5.962258204817771912e-02
-4.819824397563934326e-01 2.219220697879791260e-01 -1.515042632818222046e-01
1.069712191820144653e-01 5.222815871238708496e-01 3.595941066741943359e-01
-5.468000471591949463e-02 -1.395313292741775513e-01 -7.366092503070831299e-02
-8.558510988950729370e-02 -1.237547993659973145e-01 -1.934328861534595490e-02
7.246620208024978638e-02 1.281370967626571655e-01 -1.208192948251962662e-02
3.012757003307342529e-02 1.477131396532058716e-01 -6.101719662547111511e-02
-3.197060823440551758e-01 -2.694948017597198486e-01 -4.037692248821258545e-01
3.126307129859924316e-01 1.701547950506210327e-01 3.006719984114170074e-02
2.307659536600112915e-01 2.643907964229583740e-01 3.161699324846267700e-02
-2.085161060094833374e-01 -8.709160685539245605e-01 -2.072220593690872192e-01
-6.674302369356155396e-02 -1.223583370447158813e-01 9.015624225139617920e-02
1.568673760630190372e-03 3.090198338031768799e-01 -6.378562003374099731e-02
2.401753515005111694e-01 1.896656453609466553e-01 -1.887452453374862671e-01
-2.226543277502059937e-01 -8.718806318938732147e-03 -4.109565913677215576e-01
1.591376364231109619e-01 1.985596120357513428e-01 -1.004581004381179810e-01
3.556758165359497070e-03 3.697974607348442078e-03 -7.660686038434505463e-03
2.231822162866592407e-01 1.800381839275360107e-01 -6.529831886291503906e-02
-7.966868579387664795e-02 -1.816830188035964966e-01 -3.653078526258468628e-02
1.246445551514625549e-01 2.491161227226257324e-01 -2.025796622037887573e-01
-1.464345678687095642e-02 3.252338469028472900e-01 -3.921892046928405762e-01
-2.400904893875122070e-01 -4.207901954650878906e-01 3.515932708978652954e-02
3.923587203025817871e-01 -3.643942773342132568e-01 4.291428029537200928e-01
-3.480766117572784424e-01 6.643653512001037598e-01 -4.980446398258209229e-01
-3.856558725237846375e-02 1.622460037469863892e-02 6.753699388355016708e-03
-4.992246329784393311e-01 -5.310238003730773926e-01 4.514043927192687988e-01
1.381221860647201538e-01 1.830480545759201050e-01 5.875820666551589966e-02
8.420495688915252686e-02 3.977715596556663513e-02 -1.979831419885158539e-02
-1.325039099901914597e-02 -8.465231209993362427e-02 -6.411698460578918457e-02
-4.687996208667755127e-02 -1.741665229201316833e-02 -3.050051443278789520e-02
9.166253358125686646e-02 7.220448553562164307e-02 -3.596195206046104431e-02
-5.125718116760253906e-01 -6.623787879943847656e-01 1.022464409470558167e-01
-1.103573814034461975e-01 -6.180645897984504700e-02 6.216445937752723694e-03
-3.373340889811515808e-02 -7.797028869390487671e-02 1.666447818279266357e-01
-1.068460643291473389e-01 -1.647874414920806885e-01 -6.755728274583816528e-02
1.126250848174095154e-01 1.151671931147575378e-01 -7.751630246639251709e-02
-2.378445677459239960e-02 1.644416130147874355e-03 6.555245071649551392e-02
3.260708153247833252e-01 3.025497496128082275e-01 2.251558154821395874e-01
-3.233157843351364136e-02 -2.523424625396728516e-01 -1.708847284317016602e-01
-1.668862998485565186e-01 -1.197519674897193909e-01 -2.556330151855945587e-02
4.065927863121032715e-02 -5.690632387995719910e-03 -1.482491381466388702e-02
-7.722537219524383545e-02 -1.419633924961090088e-01 -8.654957264661788940e-02
-4.709172844886779785e-01 -6.597873568534851074e-02 -5.379073694348335266e-02
3.252625763416290283e-01 6.202518939971923828e-01 6.648545861244201660e-01
1.202793512493371964e-02 1.103647202253341675e-01 -2.276628315448760986e-01
-2.096561193466186523e-01 -1.954053044319152832e-01 1.506830304861068726e-01
-3.369846194982528687e-02 4.366147518157958984e-02 4.642181470990180969e-02
-9.266692399978637695e-02 -3.898859620094299316e-01 1.622240394353866577e-01
3.204829096794128418e-01 9.207683801651000977e-02 -8.745101094245910645e-02
-3.375512361526489258e-01 -2.687103152275085449e-01 -4.805563092231750488e-01
-1.482013612985610962e-01 -1.747831702232360840e-01 1.649585813283920288e-01
-5.382427573204040527e-01 -3.438606858253479004e-01 5.680809020996093750e-01
-9.382228553295135498e-02 1.719951480627059937e-01 -3.331544697284698486e-01
3.624832928180694580e-01 1.551959216594696045e-01 2.595955431461334229e-01
-8.691699057817459106e-02 -1.546549797058105469e-01 -7.301667332649230957e-02
-5.398057103157043457e-01 -2.916187644004821777e-01 3.431780934333801270e-01
2.489569485187530518e-01 1.103078722953796387e-01 4.242382943630218506e-01
5.404393002390861511e-02 4.711385816335678101e-02 -5.242273211479187012e-02
-4.440348744392395020e-01 -2.244497090578079224e-01 9.948422014713287354e-02
-7.618860807269811630e-03 -1.194819528609514236e-02 -2.845353633165359497e-02
6.524293869733810425e-02 3.821134269237518311e-01 -3.389874398708343506e-01
-4.810979217290878296e-02 -1.425115168094635010e-01 -2.721550166606903076e-01
-4.879621863365173340e-01 -2.184783071279525757e-01 2.746433019638061523e-01
6.995344161987304688e-02 4.121480584144592285e-01 -3.844830393791198730e-01
-6.846941262483596802e-02 3.133435733616352081e-03 -5.951543524861335754e-02
-2.464094385504722595e-02 -3.656147047877311707e-02 1.852991618216037750e-02
-5.705767124891281128e-02 -1.642419099807739258e-01 1.202839687466621399e-01
1.225736737251281738e-01 6.448119878768920898e-03 -1.352872699499130249e-01
-1.569803059101104736e-01 -3.518460392951965332e-01 -3.190539181232452393e-01
-9.725394099950790405e-02 7.897957563400268555e-01 -4.398223757743835449e-01
-1.100579574704170227e-01 -3.297165632247924805e-01 -5.937115103006362915e-02
2.622039057314395905e-02 2.267892360687255859e-01 7.942612469196319580e-02
2.393218874931335449e-01 5.170990526676177979e-02 -3.024457022547721863e-02
-1.105191260576248169e-01 -1.542994379997253418e-01 -1.991419866681098938e-02
-1.871967464685440063e-01 -7.649386674165725708e-02 1.134365331381559372e-03
-6.983441710472106934e-01 -6.314679980278015137e-01 9.208664894104003906e-01
-9.064915031194686890e-02 -6.580449640750885010e-02 -2.967928163707256317e-02
-4.048146773129701614e-03 3.250786662101745605e-02 -6.107969675213098526e-03
6.243902444839477539e-01 2.375763058662414551e-01 5.215334296226501465e-01
8.487258106470108032e-02 -2.934525012969970703e-01 -9.584622830152511597e-02
-2.434291690587997437e-02 -3.202874213457107544e-02 -1.272615604102611542e-02
-2.863480448722839355e-01 -4.166661500930786133e-01 -2.222491949796676636e-01
1.052795052528381348e-01 2.477085404098033905e-02 -1.147376969456672668e-01
-9.029817581176757812e-02 -1.175894960761070251e-01 -1.423906534910202026e-01
2.517162263393402100e-01 2.457762211561203003e-01 7.287660241127014160e-02
2.065868824720382690e-01 2.013930827379226685e-01 -6.454482674598693848e-02
1.658245772123336792e-01 7.719060033559799194e-02 -1.104551777243614197e-01
-1.848438233137130737e-01 -1.437116563320159912e-01 -8.396919816732406616e-03
2.553025484085083008e-01 5.370744038373231888e-03 -1.116445586085319519e-01
-5.960703268647193909e-02 -1.467629149556159973e-02 -8.614389598369598389e-02
-6.340705603361129761e-02 7.627769559621810913e-02 -5.115786567330360413e-02
8.041536435484886169e-03 2.874300628900527954e-02 -1.873095333576202393e-02
-2.019200474023818970e-02 -3.534800186753273010e-02 -3.678747266530990601e-02
-6.827044486999511719e-02 9.613688290119171143e-02 -2.325815707445144653e-02
5.863566696643829346e-02 2.266104519367218018e-01 1.241885721683502197e-01
-6.724222749471664429e-02 -1.713078618049621582e-01 -1.550530344247817993e-01
2.398109138011932373e-01 2.452912181615829468e-01 2.967499792575836182e-01
1.972782164812088013e-01 9.133899211883544922e-02 -7.428960502147674561e-02
3.273110687732696533e-01 8.203405886888504028e-02 -2.365976274013519287e-01
1.150476839393377304e-02 -2.389509379863739014e-01 -5.078265070915222168e-02
5.721724033355712891e-01 8.503096550703048706e-02 5.011362433433532715e-01
-9.615431725978851318e-02 -2.636128365993499756e-01 -1.806655675172805786e-01
2.244655601680278778e-02 7.276265323162078857e-02 -5.408304929733276367e-02
-3.249562978744506836e-01 -3.725615441799163818e-01 2.029916793107986450e-01
3.660115972161293030e-02 1.276243776082992554e-01 5.103584751486778259e-02
-4.249517340213060379e-03 3.512879461050033569e-02 -5.035756528377532959e-02
-3.264771401882171631e-01 -1.385597884654998779e-01 -1.724009364843368530e-01
6.221717596054077148e-02 1.626185476779937744e-01 -1.556646265089511871e-02
-1.544282436370849609e-01 -4.200127124786376953e-01 -9.805972874164581299e-02
-1.029644459486007690e-01 3.685723245143890381e-02 1.742246188223361969e-02
-4.392986595630645752e-01 -5.255101323127746582e-01 2.695468664169311523e-01
8.304464630782604218e-03 -7.570772171020507812e-01 5.278235077857971191e-01
-1.483788937330245972e-01 -5.795322731137275696e-02 -5.457106605172157288e-02
1.853803545236587524e-02 8.453992009162902832e-02 -5.692870542407035828e-02
-7.363606989383697510e-02 -1.866096258163452148e-01 -7.214794754981994629e-01
1.998991817235946655e-01 2.669509500265121460e-02 -4.030772019177675247e-03
-1.832070946693420410e-01 -4.139722585678100586e-01 -3.325971541926264763e-03
6.083248555660247803e-02 3.055842593312263489e-02 -1.579397730529308319e-02
1.830327808856964111e-01 2.455288320779800415e-01 -1.699863970279693604e-01
3.682075142860412598e-01 -8.700461685657501221e-02 6.912899017333984375e-02
2.413276582956314087e-01 -1.421936005353927612e-01 -5.588626861572265625e-02
7.413221150636672974e-02 -4.392609894275665283e-01 2.532421052455902100e-01
8.596287667751312256e-02 2.388527542352676392e-01 -2.799292095005512238e-02
5.278748273849487305e-02 7.802814245223999023e-02 3.840386494994163513e-02
-4.636644199490547180e-02 4.544671997427940369e-02 8.901286125183105469e-02
-8.803290873765945435e-02 -6.248652189970016479e-02 -6.607769755646586418e-04
-1.787847466766834259e-02 2.076411843299865723e-01 2.566524781286716461e-02
-2.241829335689544678e-01 1.371305733919143677e-01 -9.412057697772979736e-02
-2.245700508356094360e-01 1.764567382633686066e-02 1.971907913684844971e-01
-2.555153667926788330e-01 5.671598911285400391e-01 -6.172111034393310547e-01
-1.645255647599697113e-02 -9.572298824787139893e-02 -2.109458446502685547e-01
7.658653706312179565e-02 8.569687604904174805e-02 2.435309812426567078e-02
-3.744410574436187744e-01 -9.727790951728820801e-02 3.394965529441833496e-01
-2.102963775396347046e-01 -4.421318769454956055e-01 -1.449226285330951214e-03
1.842382736504077911e-02 3.983135521411895752e-02 -4.671896994113922119e-02
-8.442460745573043823e-02 -2.089714109897613525e-01 -1.431633085012435913e-01
-2.495227605104446411e-01 4.586534202098846436e-02 -2.952364981174468994e-01
1.685061603784561157e-01 6.086323037743568420e-02 -2.136144191026687622e-01
1.618653535842895508e-01 3.288067281246185303e-01 -2.263763546943664551e-01
-1.155797392129898071e-01 -1.171068921685218811e-01 -2.002195864915847778e-01
1.108554527163505554e-01 1.500337421894073486e-01 -2.854763343930244446e-02
1.491446495056152344e-01 1.575105786323547363e-01 5.478624626994132996e-02
-2.752795219421386719e-01 -4.169508516788482666e-01 2.465026229619979858e-01
2.631967514753341675e-02 5.929483100771903992e-02 1.327984333038330078e-01
3.219183161854743958e-02 -9.678560495376586914e-02 -6.867323070764541626e-02
4.819703102111816406e-02 7.522455602884292603e-02 1.248259544372558594e-01
-2.683391608297824860e-02 -5.015256404876708984e-01 -2.169561237096786499e-01
-1.647180020809173584e-01 -2.794214487075805664e-01 -7.188778370618820190e-02
6.813793443143367767e-03 5.238362029194831848e-02 3.949922695755958557e-02
-1.208802089095115662e-01 -2.745692431926727295e-01 -2.005360275506973267e-02
-4.360659420490264893e-02 -3.050685673952102661e-02 -2.568955160677433014e-02
3.741587400436401367e-01 8.396875113248825073e-03 -7.205470651388168335e-02
1.445739413611590862e-03 5.055055022239685059e-02 -7.364720106124877930e-02
-1.293178834021091461e-02 -8.023685216903686523e-02 3.844082728028297424e-02
-2.590203471481800079e-02 -3.385087475180625916e-02 -1.915074698626995087e-02
-9.250446408987045288e-02 -2.413633018732070923e-01 -3.398286178708076477e-03
1.737858653068542480e-01 1.794314533472061157e-01 2.257297374308109283e-02
1.994756422936916351e-02 -8.805500715970993042e-02 -5.447990447282791138e-02
-1.719417124986648560e-01 -4.162848740816116333e-02 -2.755665220320224762e-02
-5.795363336801528931e-02 -4.971748217940330505e-02 -3.595683351159095764e-02
2.157530933618545532e-01 1.906456053256988525e-01 -1.304449141025543213e-01
-6.062636151909828186e-02 -6.621421873569488525e-02 -5.032636597752571106e-02
-2.284048348665237427e-01 4.193754792213439941e-01 3.463752567768096924e-01
1.355531960725784302e-01 -4.281477332115173340e-01 -3.389342129230499268e-01
1.871976703405380249e-01 1.901744604110717773e-01 1.384161561727523804e-01
3.330754041671752930e-01 -1.091579496860504150e-01 2.057500779628753662e-01
-3.012306690216064453e-01 -7.626987248659133911e-02 5.417237430810928345e-02
3.936446309089660645e-01 4.834605380892753601e-02 -2.355899661779403687e-01
-1.164987683296203613e-01 -3.648763298988342285e-01 -1.223109290003776550e-01
-2.345244884490966797e-01 -1.199880763888359070e-01 -3.157125413417816162e-01
-9.043783694505691528e-02 5.116405487060546875e-01 4.344350695610046387e-01
2.856708168983459473e-01 1.405935287475585938e-01 -1.595464348793029785e-01
-2.180318236351013184e-01 -4.001797437667846680e-01 -4.540691971778869629e-01
-3.351472318172454834e-01 -2.687559127807617188e-01 6.910581141710281372e-02
-2.033973932266235352e-01 -2.083479464054107666e-01 -7.330410182476043701e-02
1.855395287275314331e-01 3.099411427974700928e-01 7.289225608110427856e-02
-7.301237434148788452e-02 -8.454622030258178711e-01 -5.028675496578216553e-02
6.006660312414169312e-02 9.095835499465465546e-03 -1.776027530431747437e-01
-5.047759413719177246e-01 -4.610577523708343506e-01 2.377375662326812744e-01
9.102860838174819946e-02 8.076833188533782959e-02 -6.588348653167486191e-03
-1.474745273590087891e-01 -8.307015150785446167e-02 5.042789876461029053e-02
2.555958330631256104e-01 2.066885977983474731e-01 -6.817056983709335327e-02
-3.148482441902160645e-01 -3.215568065643310547e-01 2.364734411239624023e-01
1.975748091936111450e-01 -1.772836744785308838e-01 2.660512030124664307e-01
-2.749736607074737549e-01 -2.226098477840423584e-01 1.779743283987045288e-01
-9.715528041124343872e-02 1.505183428525924683e-01 -1.751501113176345825e-01
-1.281710714101791382e-01 3.790034055709838867e-01 1.821090094745159149e-02
-7.724038511514663696e-02 -2.484633028507232666e-01 -1.085170879960060120e-01
-1.127214059233665466e-01 -5.429389327764511108e-02 -1.457436233758926392e-01
-1.140641123056411743e-01 -6.577914208173751831e-02 -2.995839808136224747e-03
-1.803573817014694214e-01 -3.055658936500549316e-01 -6.063562631607055664e-02
1.834509670734405518e-01 4.077257812023162842e-01 -1.948551237583160400e-01
-2.655888795852661133e-01 -4.087109267711639404e-01 -1.487376391887664795e-01
-9.548848867416381836e-02 -3.707868745550513268e-03 5.767877679318189621e-03
-1.703884452581405640e-01 -3.351475298404693604e-01 1.409116685390472412e-01
2.045861035585403442e-01 3.969565927982330322e-01 -6.785356998443603516e-02
2.269370481371879578e-02 -1.223905682563781738e-01 2.294072322547435760e-02
-1.233887076377868652e-01 1.408921927213668823e-01 -6.416938453912734985e-02
-4.401966556906700134e-02 1.197969093918800354e-01 -6.413620710372924805e-02
-3.507552146911621094e-01 1.166681274771690369e-01 1.058920379728078842e-02
3.633899092674255371e-01 4.954056814312934875e-02 2.130617201328277588e-01
1.809715181589126587e-01 -5.856643617153167725e-02 -1.006489396095275879e-01
-1.505066603422164917e-01 -2.291913842782378197e-03 -1.026368811726570129e-01
2.035889178514480591e-01 5.331111550331115723e-01 -4.261874854564666748e-01
-2.579073011875152588e-01 -2.100988626480102539e-01 -1.494674533605575562e-01
-9.618701785802841187e-02 -3.390526026487350464e-02 -2.882133610546588898e-02
-2.979560196399688721e-02 3.232339024543762207e-02 -3.491205722093582153e-02
-1.022833809256553650e-01 -2.494581192731857300e-01 3.402160480618476868e-03
-5.475019570440053940e-03 6.097701191902160645e-02 6.300187204033136368e-03
-1.073537841439247131e-01 -5.111991777084767818e-04 -6.343941390514373779e-02
1.239246502518653870e-01 2.319205850362777710e-01 -3.963687643408775330e-02
-5.999627709388732910e-01 1.317886859178543091e-01 5.097133517265319824e-01
-5.514521151781082153e-03 -3.331108987331390381e-01 -5.926603823900222778e-02
3.546687960624694824e-01 -5.759892985224723816e-02 -3.072565793991088867e-01
5.966860800981521606e-03 -2.618614025413990021e-02 6.339226849377155304e-03
-2.899855747818946838e-02 1.215213686227798462e-01 2.016968093812465668e-02
-1.516769528388977051e-01 -4.606395065784454346e-01 -1.562713296152651310e-03
-2.274319529533386230e-01 -2.287419289350509644e-01 -3.318787738680839539e-02
-1.684565842151641846e-02 1.101415678858757019e-01 1.181401498615741730e-02
3.859762847423553467e-01 3.397860229015350342e-01 2.584283947944641113e-01
6.460827589035034180e-02 9.684081375598907471e-02 -7.100229710340499878e-02
1.027005538344383240e-02 7.758012413978576660e-02 1.872141845524311066e-02
1.817485541105270386e-01 2.433561980724334717e-01 6.841042637825012207e-02
-7.048616409301757812e-01 3.046108782291412354e-01 -2.750447951257228851e-02
-1.199682801961898804e-01 -3.726800158619880676e-02 -3.444357588887214661e-02
3.343566656112670898e-01 4.183493852615356445e-01 8.997195959091186523e-02
-4.606005735695362091e-03 -5.704103782773017883e-02 1.007375307381153107e-02
4.059614241123199463e-02 -3.947066143155097961e-02 4.021239280700683594e-02
9.399107843637466431e-02 -4.050451517105102539e-02 -7.324892282485961914e-02
-1.914262026548385620e-01 -6.576498746871948242e-01 -4.328154027462005615e-01
-3.937968611717224121e-01 -1.686458289623260498e-01 3.166494071483612061e-01
2.432973831892013550e-01 -1.439175475388765335e-02 3.109110593795776367e-01
3.116093873977661133e-01 1.611051708459854126e-02 1.935707926750183105e-01
-3.054394721984863281e-01 -4.547175765037536621e-01 -1.189662888646125793e-01
2.518295943737030029e-01 3.270000219345092773e-01 5.090844631195068359e-02
6.013172492384910583e-02 -7.525052875280380249e-02 -2.487419694662094116e-01
-1.600897684693336487e-02 1.199112981557846069e-01 -8.509249985218048096e-02
-2.075080126523971558e-01 -2.250728756189346313e-01 -2.035576105117797852e-01
8.203095197677612305e-02 6.453067064285278320e-02 -8.770678192377090454e-02
7.417833060026168823e-02 1.333803832530975342e-01 -3.718835767358541489e-03
-1.478401720523834229e-01 -3.322710096836090088e-01 -1.843347400426864624e-01
-1.855494268238544464e-02 7.611647993326187134e-02 -1.696471497416496277e-02
5.493463203310966492e-02 5.822959914803504944e-02 -9.851554408669471741e-03
-1.111384201794862747e-02 5.299022793769836426e-02 8.201654069125652313e-03
-2.067360654473304749e-02 -3.580783680081367493e-02 5.167033150792121887e-02
1.167808622121810913e-01 1.206971853971481323e-01 1.924396306276321411e-02
1.072094067931175232e-01 -7.844631373882293701e-02 -6.705976277589797974e-02
1.791107654571533203e-01 3.388283848762512207e-01 8.349344134330749512e-03
1.446312069892883301e-01 5.038598552346229553e-02 -3.321214318275451660e-01
5.758411288261413574e-01 -1.744195073843002319e-01 3.144905865192413330e-01
4.681055843830108643e-01 1.466441601514816284e-01 2.559261023998260498e-01
-6.083857268095016479e-02 -2.833019383251667023e-02 -2.437685243785381317e-02
-8.423812687397003174e-02 -2.672387957572937012e-01 3.062678873538970947e-02
9.617206524126231670e-04 1.853545755147933960e-02 -5.402063205838203430e-02
-4.805704578757286072e-02 -4.525132104754447937e-02 -1.263148188591003418e-01
9.645883738994598389e-02 5.572692304849624634e-02 5.244938135147094727e-01
-4.873557388782501221e-02 1.312953829765319824e-01 -1.197404414415359497e-01
1.954488754272460938e-01 9.667323529720306396e-02 1.321587711572647095e-01
-2.693944796919822693e-02 -7.912763208150863647e-02 -1.298998203128576279e-02
1.902797631919384003e-02 -3.768760561943054199e-01 3.017492592334747314e-02
6.677495688199996948e-02 -2.269469201564788818e-01 -1.424189954996109009e-01
-2.425458282232284546e-01 -2.561324536800384521e-01 3.849153593182563782e-02
1.187289506196975708e-01 4.749381914734840393e-02 -2.114852331578731537e-02
-2.209803164005279541e-01 -2.536586225032806396e-01 9.718816727399826050e-02
3.585821017622947693e-02 -2.980765700340270996e-01 2.209319919347763062e-01
2.226092480123043060e-02 -5.036708116531372070e-01 -3.876853361725807190e-02
-7.078704833984375000e-01 -4.550605714321136475e-01 -6.999294757843017578e-01
-3.166494667530059814e-01 -1.487222164869308472e-01 1.940835081040859222e-02
-2.219154387712478638e-01 1.400469392538070679e-01 -3.508712351322174072e-02
6.046540737152099609e-01 -2.603827416896820068e-01 3.060792684555053711e-01
-7.878410816192626953e-02 -7.640197128057479858e-02 -4.699949175119400024e-02
1.326924860477447510e-01 5.193248018622398376e-02 -2.719164192676544189e-01
6.981464475393295288e-02 5.557320713996887207e-01 -3.351257145404815674e-01
-1.851843595504760742e-01 -1.568922549486160278e-01 8.693385124206542969e-02
-1.638709753751754761e-01 7.267013192176818848e-02 -1.174804866313934326e-01
3.918833285570144653e-02 2.905067801475524902e-01 2.158653587102890015e-01
2.733846306800842285e-01 8.199504762887954712e-02 7.967505604028701782e-02
4.618960916996002197e-01 -9.310152381658554077e-02 1.707919090986251831e-01
3.330008983612060547e-01 -3.775043785572052002e-01 4.571596682071685791e-01
1.302435398101806641e-01 -2.019175514578819275e-02 1.301290690898895264e-01
-2.534575760364532471e-01 -8.680270612239837646e-02 -2.542451322078704834e-01
-2.401241846382617950e-02 7.228282094001770020e-02 -4.246864933520555496e-03
-2.543633282184600830e-01 -3.642753362655639648e-01 2.099270820617675781e-01
3.220738470554351807e-01 1.453383713960647583e-01 2.508730888366699219e-01
-1.704044044017791748e-01 -3.513931632041931152e-01 -2.804259210824966431e-02
-6.483624130487442017e-02 -5.881119146943092346e-02 -5.736544355750083923e-02
1.763924062252044678e-01 1.477455906569957733e-02 -6.737047433853149414e-02
-5.468785762786865234e-01 5.165820121765136719e-01 4.054651260375976562e-01
-1.997579038143157959e-01 -4.810430407524108887e-01 9.693446010351181030e-02
7.149944454431533813e-02 -9.072651155292987823e-03 -3.818912804126739502e-02
8.564769476652145386e-02 2.192724496126174927e-01 -1.512490212917327881e-01
2.546039521694183350e-01 2.341174483299255371e-01 1.022771000862121582e-01
2.683669626712799072e-01 3.431610763072967529e-01 -7.696428149938583374e-02
-2.684937231242656708e-02 7.552839815616607666e-02 5.165065452456474304e-02
-1.611118614673614502e-01 -6.212533116340637207e-01 -6.910177320241928101e-02
1.085666790604591370e-01 3.206720054149627686e-01 6.059283763170242310e-02
-1.430521756410598755e-01 -1.864612996578216553e-01 3.080787509679794312e-02
-1.288014203310012817e-01 -2.672511935234069824e-01 -5.953800305724143982e-02
2.083889544010162354e-01 4.418910443782806396e-01 2.704831063747406006e-01
3.263562023639678955e-01 -3.687605261802673340e-01 -9.211469888687133789e-01
3.700339421629905701e-02 -8.318910002708435059e-02 -4.574950411915779114e-02
4.233984053134918213e-01 -3.313654065132141113e-01 2.034274488687515259e-01
-5.193380638957023621e-03 -2.341540530323982239e-02 1.603626832365989685e-02
2.465924173593521118e-01 1.474331468343734741e-01 -1.636421084403991699e-01
1.000953689217567444e-01 2.710562013089656830e-02 2.337179146707057953e-02
-3.750753104686737061e-01 -4.780090749263763428e-01 -3.521029651165008545e-01
-3.906762897968292236e-01 1.462838351726531982e-01 -1.699054986238479614e-01
2.394249886274337769e-01 1.339091062545776367e-01 -2.297934740781784058e-01
5.371995735913515091e-03 -1.596363633871078491e-01 -1.467220485210418701e-01
7.384825497865676880e-02 -3.298797458410263062e-02 -5.733634904026985168e-02
-5.170245096087455750e-02 -7.109632343053817749e-02 -3.303234651684761047e-02
-7.705484330654144287e-02 -2.517924308776855469e-01 -1.418389659374952316e-02
-2.421367913484573364e-01 -1.261051148176193237e-01 2.706093341112136841e-02
6.567458808422088623e-02 -3.141072764992713928e-02 -1.180256381630897522e-01
9.796409308910369873e-02 2.100228890776634216e-02 8.642321079969406128e-02
-4.086087644100189209e-01 -3.556527197360992432e-01 1.896939128637313843e-01
-8.922906965017318726e-02 -6.415945887565612793e-01 -1.634064018726348877e-01
-2.137746810913085938e-01 -2.044782340526580811e-01 -1.436128765344619751e-01
-3.387001752853393555e-01 -5.028475522994995117e-01 1.594377756118774414e-01
1.383261084556579590e-01 1.094318628311157227e-01 -3.384947776794433594e-04
4.019584879279136658e-02 -3.164058923721313477e-02 -1.311197178438305855e-03
9.050870686769485474e-02 1.469944119453430176e-01 -8.426645770668983459e-03
7.366348803043365479e-02 1.369996517896652222e-01 -1.118178293108940125e-02
-2.292591147124767303e-02 -1.033293176442384720e-02 -2.718945033848285675e-02
-4.555981159210205078e-01 -5.858983993530273438e-01 -6.485733389854431152e-01
8.694027364253997803e-02 6.894508004188537598e-02 -3.217331320047378540e-02
5.530623719096183777e-02 4.436481371521949768e-02 -1.083373371511697769e-02
4.168992936611175537e-01 2.387307137250900269e-01 2.048116177320480347e-01
2.666144669055938721e-01 1.768891960382461548e-01 -1.410244405269622803e-01
-3.770303428173065186e-01 -5.907943099737167358e-02 -5.107707977294921875e-01
-6.610226631164550781e-02 -3.528278172016143799e-01 3.406017273664474487e-02
2.002338320016860962e-01 3.127554655075073242e-01 1.060135066509246826e-01
-2.268160693347454071e-02 -5.805510282516479492e-02 -6.784976273775100708e-02
-3.089206814765930176e-01 -7.633321881294250488e-01 1.480081379413604736e-01
