6.771447658538818359e-01 5.466721653938293457e-01
-4.527648389339447021e-01 6.685851216316223145e-01
7.292654514312744141e-01 4.260349869728088379e-01
8.073992729187011719e-01 4.699081778526306152e-01
-5.802941918373107910e-01 -4.332951605319976807e-01
-4.287641048431396484e-01 5.293889045715332031e-01
-6.822444200515747070e-01 -1.992570608854293823e-01
4.892038702964782715e-01 2.495316267013549805e-01
8.868070244789123535e-01 4.020443558692932129e-01
-3.312790393829345703e-01 -2.492785155773162842e-01
-9.732447862625122070e-01 -5.361208319664001465e-01
-7.597791552543640137e-01 7.043570280075073242e-01
3.714576959609985352e-01 3.492644131183624268e-01
3.646562099456787109e-01 7.650446891784667969e-02
-2.278659045696258545e-01 -1.351953893899917603e-01
1.496005654335021973e-01 8.099065721035003662e-02
-7.816144227981567383e-01 -5.693603157997131348e-01
1.698873043060302734e-01 7.713177800178527832e-02
-8.566775918006896973e-01 -5.994871854782104492e-01
-1.899656802415847778e-01 -4.113482832908630371e-01
-8.233425617218017578e-01 -3.939309120178222656e-01
-2.005117982625961304e-01 -1.089311838150024414e-01
5.084763169288635254e-01 3.392128646373748779e-01
-1.320130527019500732e-01 2.998971343040466309e-01
-4.014025926589965820e-01 -4.118628054857254028e-02
6.103510037064552307e-02 1.422484815120697021e-01
-4.540965557098388672e-01 -5.038990974426269531e-01
-5.788630619645118713e-02 6.100714206695556641e-01
3.789719045162200928e-01 2.735925912857055664e-01
2.411754429340362549e-01 -7.107033580541610718e-02
1.093024834990501404e-01 2.091784328222274780e-01
-3.216891884803771973e-01 -3.456071019172668457e-01
6.659859418869018555e-01 5.829533338546752930e-01
-5.770761519670486450e-02 3.764324188232421875e-01
1.270217299461364746e-01 4.630839526653289795e-01
3.702720403671264648e-01 5.001031160354614258e-01
-1.588325351476669312e-01 2.051626145839691162e-01
-2.267662286758422852e-01 -2.080336660146713257e-01
-7.746607661247253418e-01 -3.416214287281036377e-01
8.134663105010986328e-01 2.429091483354568481e-01
-7.487209439277648926e-01 6.928820013999938965e-01
-1.848248764872550964e-02 -1.495401710271835327e-01
-1.898171603679656982e-01 4.440583586692810059e-01
5.008109211921691895e-01 5.404145717620849609e-01
7.497465014457702637e-01 6.502805352210998535e-01
1.192339360713958740e-01 8.436128497123718262e-01
8.915984034538269043e-01 4.547646343708038330e-01
7.705842852592468262e-01 -9.792820364236831665e-02
6.911842226982116699e-01 -1.218974008224904537e-03
6.507999897003173828e-01 4.176095724105834961e-01
-1.097970977425575256e-01 -1.660279035568237305e-01
-2.746210992336273193e-01 -3.188142180442810059e-01
-5.740795135498046875e-01 6.950030475854873657e-02
6.136643886566162109e-01 5.465917587280273438e-01
3.121531307697296143e-01 5.782080888748168945e-01
3.099963665008544922e-01 2.583548612892627716e-02
-2.238665074110031128e-01 -5.530478358268737793e-01
5.589916557073593140e-02 1.058294624090194702e-02
7.543101310729980469e-01 4.084821641445159912e-01
7.675658464431762695e-01 4.841883480548858643e-01
8.155342340469360352e-01 4.009557962417602539e-01
2.227362096309661865e-01 5.251584053039550781e-01
-1.536962389945983887e-01 -1.626831293106079102e-01
-2.494739741086959839e-02 8.038549125194549561e-02
-8.636569976806640625e-01 -2.399089485406875610e-01
3.545599281787872314e-01 4.041659459471702576e-02
-1.599023342132568359e-01 4.440478384494781494e-01
4.518519937992095947e-01 5.525690913200378418e-01
1.728900521993637085e-01 3.357161283493041992e-01
6.038581132888793945e-01 3.595539033412933350e-01
-4.917019903659820557e-01 -4.402756989002227783e-01
2.161918133497238159e-01 2.227468416094779968e-02
-2.485252767801284790e-01 -1.487827152013778687e-01
-2.327152192592620850e-01 8.390355110168457031e-01
4.317346513271331787e-01 3.624411523342132568e-01
-3.112764954566955566e-01 -2.714357972145080566e-01
6.270604580640792847e-02 4.281992316246032715e-01
4.839128851890563965e-01 7.896005511283874512e-01
-4.545059204101562500e-01 6.782503128051757812e-01
1.385813802480697632e-01 1.110912859439849854e-01
7.626730203628540039e-01 6.137512326240539551e-01
-4.671951830387115479e-01 -3.061821758747100830e-01
7.946010231971740723e-01 2.876608446240425110e-02
2.788238227367401123e-01 -2.641659229993820190e-02
7.227972745895385742e-01 5.447073578834533691e-01
5.235843062400817871e-01 4.230646193027496338e-01
-4.431246593594551086e-02 2.191586643457412720e-01
4.979597926139831543e-01 1.304987370967864990e-01
6.112360358238220215e-01 2.844123840332031250e-01
-6.310948729515075684e-02 1.083703711628913879e-01
-9.774737805128097534e-02 3.079334795475006104e-01
8.921707272529602051e-01 -7.841421365737915039e-01
-7.704318761825561523e-01 -3.566271066665649414e-01
7.683882117271423340e-01 5.506173372268676758e-01
8.291327953338623047e-01 6.549983024597167969e-01
4.854102134704589844e-01 2.427067011594772339e-01
-1.908803731203079224e-01 -1.218162104487419128e-01
3.618555665016174316e-01 1.174594685435295105e-01
9.828007221221923828e-01 -4.924848675727844238e-01
7.071877717971801758e-01 -2.722926735877990723e-01
6.454588174819946289e-01 4.400564730167388916e-01
-5.199888348579406738e-01 1.258157193660736084e-01
3.049748241901397705e-01 1.187008544802665710e-01
4.672192335128784180e-01 3.360370695590972900e-01
1.099408939480781555e-01 5.385787487030029297e-01
4.733843207359313965e-01 8.062750101089477539e-01
4.987009167671203613e-01 3.723932504653930664e-01
4.266138747334480286e-02 -2.872855663299560547e-01
-4.145804047584533691e-01 -4.292878806591033936e-01
-4.228492081165313721e-02 -3.126299381256103516e-02
-1.583203971385955811e-01 4.044095873832702637e-01
-4.573887214064598083e-02 5.159928463399410248e-03
-2.145894914865493774e-01 8.855647444725036621e-01
4.890610277652740479e-01 2.481952458620071411e-01
2.691763639450073242e-01 -4.178134724497795105e-02
6.593331098556518555e-01 5.391104817390441895e-01
2.066635191440582275e-01 1.218996196985244751e-01
7.162186503410339355e-01 5.850812196731567383e-01
7.771487832069396973e-01 8.559390157461166382e-02
4.949104487895965576e-01 -3.159502148628234863e-02
5.389148592948913574e-01 1.114142313599586487e-01
7.163553237915039062e-01 5.458850860595703125e-01
-7.556463479995727539e-01 -3.465821743011474609e-01
2.718634307384490967e-01 3.687596917152404785e-01
8.424035310745239258e-01 3.229824006557464600e-01
1.821361035108566284e-01 9.942717850208282471e-02
7.081532478332519531e-01 4.629464447498321533e-01
3.769494891166687012e-01 3.251673877239227295e-01
-2.552213668823242188e-01 -3.319053053855895996e-01
-3.680901974439620972e-02 -1.196028590202331543e-01
6.894693374633789062e-01 5.297686457633972168e-01
-2.734476327896118164e-01 -1.617826074361801147e-01
4.360132515430450439e-01 4.318812787532806396e-01
6.491398215293884277e-01 4.801529943943023682e-01
-1.223297342658042908e-01 -9.760988503694534302e-02
-3.495084643363952637e-01 -5.359953045845031738e-01
-1.111830025911331177e-01 1.173499301075935364e-01
-3.300629556179046631e-01 -4.525766372680664062e-01
7.242935299873352051e-01 1.280905604362487793e-01
9.193620085716247559e-02 2.811489440500736237e-02
4.441312551498413086e-01 7.067123651504516602e-01
4.863948225975036621e-01 -5.581300258636474609e-01
3.981431126594543457e-01 2.584729492664337158e-01
1.744802445173263550e-01 1.482972800731658936e-01
3.416531980037689209e-01 5.556837469339370728e-02
2.469032555818557739e-01 6.019779294729232788e-02
7.437514066696166992e-01 4.154495596885681152e-01
-9.564889073371887207e-01 -4.995786547660827637e-01
6.973196864128112793e-01 4.871096611022949219e-01
-2.059666365385055542e-01 -9.199776500463485718e-02
4.405193924903869629e-01 3.384298384189605713e-01
-2.507202699780464172e-02 1.281421482563018799e-01
7.653705477714538574e-01 3.331191837787628174e-01
3.133169114589691162e-01 6.468926072120666504e-01
3.625359535217285156e-01 -1.400158647447824478e-02
-2.134457975625991821e-01 -2.305517792701721191e-01
-6.532508730888366699e-01 -3.435268998146057129e-01
4.151564463973045349e-02 -1.243562996387481689e-02
9.638579189777374268e-02 3.758448660373687744e-01
-5.822752118110656738e-01 5.484852194786071777e-01
-2.765866518020629883e-01 3.098896741867065430e-01
3.385595381259918213e-01 3.395586609840393066e-01
6.320312619209289551e-01 -3.709208071231842041e-01
1.248271763324737549e-01 7.158576250076293945e-01
8.713064789772033691e-01 2.952039614319801331e-02
2.003141939640045166e-01 7.365785837173461914e-01
5.755452439188957214e-02 3.852020800113677979e-01
2.815491706132888794e-02 -1.778135895729064941e-01
-2.325915358960628510e-02 -5.226417258381843567e-02
3.039286434650421143e-01 2.103032320737838745e-01
4.610543251037597656e-01 2.127911150455474854e-01
2.508678436279296875e-01 1.231571286916732788e-01
3.896551728248596191e-01 3.786743059754371643e-02
3.966787364333868027e-03 -2.941421568393707275e-01
4.822420701384544373e-02 -1.851719170808792114e-01
5.424702167510986328e-01 5.739316940307617188e-01
-7.729607820510864258e-01 -5.755228400230407715e-01
2.366173118352890015e-01 6.543128937482833862e-02
-8.027846217155456543e-01 8.913448452949523926e-01
4.264214038848876953e-01 9.082750976085662842e-02
