3.990117460489273071e-02 6.924820691347122192e-02 8.736631274223327637e-02 -7.786171138286590576e-02 1.592947989702224731e-01
-9.251055866479873657e-02 2.421410083770751953e-01 -1.324700564146041870e-01 5.694742873311042786e-02 1.930665820837020874e-01
-1.079860180616378784e-01 -2.290428616106510162e-02 9.183914959430694580e-02 -1.400827914476394653e-01 8.655872941017150879e-02
-1.256745010614395142e-01 4.825249314308166504e-02 3.608649969100952148e-02 -1.469149589538574219e-01 1.035462468862533569e-01
-4.547578841447830200e-02 -7.287000771611928940e-03 6.834892090409994125e-03 2.428659051656723022e-01 -2.153694033622741699e-01
-2.557279765605926514e-01 7.941818237304687500e-02 -8.032081276178359985e-02 1.037010028958320618e-01 1.650977730751037598e-01
-3.178603649139404297e-01 -5.755508691072463989e-02 -8.210177719593048096e-02 1.885307431221008301e-01 6.480194628238677979e-02
-1.166561990976333618e-02 -8.278267085552215576e-02 7.668122649192810059e-02 -2.259115874767303467e-01 -9.530657902359962463e-03
-2.119436264038085938e-01 1.065377295017242432e-01 4.569963738322257996e-02 -5.823043361306190491e-02 6.050422042608261108e-02
-5.544928833842277527e-02 -9.065669029951095581e-02 -4.726887121796607971e-02 1.569580286741256714e-01 -1.683438867330551147e-01
-1.621306538581848145e-01 1.547186225652694702e-01 1.337736546993255615e-01 1.837238818407058716e-01 -1.696440726518630981e-01
-6.957717239856719971e-02 2.340661585330963135e-01 -9.918668866157531738e-02 1.631851345300674438e-01 1.876823455095291138e-01
6.695149093866348267e-02 -1.872003525495529175e-01 2.552732080221176147e-02 -1.039423495531082153e-01 1.231994554400444031e-01
8.978992700576782227e-02 7.639272511005401611e-02 -5.835843086242675781e-02 -2.618502378463745117e-01 -1.563265472650527954e-01
2.201399579644203186e-02 -5.389371514320373535e-02 -6.223896052688360214e-03 1.794866621494293213e-01 -1.205180436372756958e-01
1.193788722157478333e-01 -1.543383747339248657e-01 -4.914654791355133057e-02 3.913661837577819824e-02 -9.236172586679458618e-02
-1.038012802600860596e-01 1.088022664189338684e-01 -2.522953040897846222e-02 1.689797490835189819e-01 -2.446449398994445801e-01
1.228266507387161255e-01 -1.427705436944961548e-01 -6.086990609765052795e-02 1.404450275003910065e-03 -1.030637994408607483e-01
-1.390228420495986938e-01 6.969441473484039307e-02 4.956545680761337280e-02 1.557025760412216187e-01 -2.253571748733520508e-01
-1.082324422895908356e-02 5.916216969490051270e-02 -2.642311342060565948e-02 7.754517346620559692e-02 -2.904333174228668213e-01
-2.724712491035461426e-01 1.570626161992549896e-02 -8.000241965055465698e-02 1.818675547838211060e-01 -4.743598401546478271e-02
-1.395369321107864380e-01 -2.331807315349578857e-01 -2.977773547172546387e-04 1.642137765884399414e-01 -7.005007565021514893e-02
-3.031439334154129028e-02 -2.030757963657379150e-01 1.663974970579147339e-01 -1.389220058917999268e-01 8.158972114324569702e-02
-1.436588764190673828e-01 -4.197835177183151245e-02 -2.433592528104782104e-01 1.410256773233413696e-01 1.012598648667335510e-01
-2.249598652124404907e-01 -6.614638864994049072e-02 -1.263015121221542358e-01 2.046778947114944458e-01 5.387346819043159485e-02
7.807324826717376709e-02 -1.507899612188339233e-01 -1.375501751899719238e-01 6.703916192054748535e-02 -2.134735696017742157e-02
-4.578081425279378891e-03 -4.652951285243034363e-02 4.901618883013725281e-02 1.925612092018127441e-01 -2.728817164897918701e-01
1.238025352358818054e-01 1.352140605449676514e-01 -6.475059688091278076e-02 1.902029812335968018e-01 1.666981577873229980e-01
5.372196063399314880e-02 -2.250555157661437988e-01 6.200773641467094421e-02 -1.320208162069320679e-01 5.888362601399421692e-02
1.167551130056381226e-01 -9.720734320580959320e-03 3.004932031035423279e-02 1.269768457859754562e-02 -2.512714564800262451e-01
1.737557202577590942e-01 -9.003131836652755737e-02 -1.167574971914291382e-01 4.560529068112373352e-02 6.777897942811250687e-03
2.392229624092578888e-02 -3.343652561306953430e-02 -1.797920465469360352e-02 1.445616185665130615e-01 -2.493607550859451294e-01
5.845953151583671570e-02 4.275309294462203979e-02 2.103202044963836670e-01 7.983008399605751038e-03 1.664036065340042114e-01
3.926694765686988831e-02 7.463278621435165405e-02 -2.301059067249298096e-01 1.379504054784774780e-01 9.885392338037490845e-02
2.255166769027709961e-01 -3.832203522324562073e-02 -2.187079004943370819e-02 1.901925653219223022e-01 1.318649947643280029e-01
1.354426443576812744e-01 -5.473821610212326050e-02 7.003001123666763306e-02 1.744209975004196167e-02 1.799819320440292358e-01
-1.214879304170608521e-01 -4.202437400817871094e-02 -1.104795187711715698e-01 2.029792219400405884e-01 5.258654057979583740e-02
2.917117439210414886e-02 -3.385998308658599854e-02 -9.285154193639755249e-02 1.035065948963165283e-01 -1.939941048622131348e-01
-2.909319698810577393e-01 -7.825654745101928711e-02 -2.640543878078460693e-02 2.061036676168441772e-01 -1.051781699061393738e-02
-1.610776036977767944e-01 1.333450824022293091e-01 1.923271119594573975e-01 1.676871627569198608e-02 -7.637701928615570068e-02
-7.680056989192962646e-02 2.376700788736343384e-01 -1.084234267473220825e-01 1.495134830474853516e-01 1.860417723655700684e-01
-7.026606798171997070e-02 -6.533022969961166382e-03 -6.957586109638214111e-02 3.135039284825325012e-02 -1.770264208316802979e-01
-1.392663121223449707e-01 8.299972862005233765e-02 -2.356330454349517822e-01 1.356649547815322876e-01 1.502010524272918701e-01
1.322372108697891235e-01 -6.631328910589218140e-02 2.296664118766784668e-01 5.632268637418746948e-02 1.881174743175506592e-01
8.271266706287860870e-03 5.361961945891380310e-02 2.450106889009475708e-01 1.022018045186996460e-01 1.764140427112579346e-01
3.887467980384826660e-01 1.334558129310607910e-01 1.243324056267738342e-01 3.003406226634979248e-01 1.565587967634201050e-01
-1.818080991506576538e-01 7.977846264839172363e-02 7.632672786712646484e-02 -6.200979277491569519e-02 8.738809078931808472e-02
-1.200481057167053223e-01 2.730534039437770844e-02 1.530398279428482056e-01 4.988040775060653687e-02 -2.333283722400665283e-01
-1.000337675213813782e-01 1.503646820783615112e-01 2.435979992151260376e-02 -1.340827047824859619e-01 -2.179270982742309570e-01
-6.497235596179962158e-02 -1.001835837960243225e-01 2.126631140708923340e-01 -1.072406917810440063e-01 1.000669747591018677e-01
-3.427666425704956055e-02 -7.254631817340850830e-02 -7.274791598320007324e-02 5.202259868383407593e-02 -1.843817234039306641e-01
-5.226654000580310822e-03 2.134879305958747864e-02 -6.810405850410461426e-02 1.059404015541076660e-01 -2.457833886146545410e-01
-2.305207997560501099e-01 3.365906327962875366e-02 3.121491372585296631e-01 1.695302426815032959e-01 -6.190979108214378357e-02
5.270067229866981506e-02 -2.560633793473243713e-02 2.340828925371170044e-01 4.951347131282091141e-03 1.674085408449172974e-01
2.654071748256683350e-01 -2.872214838862419128e-02 1.317626833915710449e-01 1.641108095645904541e-01 1.832870841026306152e-01
3.602028265595436096e-02 -3.315004706382751465e-02 -9.893509000539779663e-02 -1.949635744094848633e-01 -1.721572726964950562e-01
-5.643386393785476685e-02 -5.127169564366340637e-02 1.766169965267181396e-01 2.108519524335861206e-01 -2.486877739429473877e-01
2.129496447741985321e-02 -1.364761143922805786e-01 -1.249472722411155701e-01 3.879816830158233643e-02 -1.067525669932365417e-01
-1.444509029388427734e-01 -4.229695349931716919e-02 1.536560356616973877e-01 -8.835353702306747437e-02 7.875032722949981689e-02
-8.375423401594161987e-02 7.073765993118286133e-02 6.441579759120941162e-02 -1.400188505649566650e-01 1.099268421530723572e-01
-1.859140098094940186e-01 1.737577957101166248e-03 9.118375927209854126e-02 -1.064848005771636963e-01 6.393618881702423096e-02
3.077282011508941650e-01 -4.319974035024642944e-02 9.575501084327697754e-02 2.161933928728103638e-01 1.447315216064453125e-01
-6.028629839420318604e-02 -7.051567733287811279e-02 -9.372988343238830566e-02 7.009513676166534424e-02 -1.558313965797424316e-01
7.286320626735687256e-02 -7.213051617145538330e-02 -1.794896125793457031e-01 8.983317017555236816e-02 -5.134527757763862610e-02
-3.426718711853027344e-01 -8.159665018320083618e-02 2.074621021747589111e-01 1.981240361928939819e-01 6.469874083995819092e-02
2.838842570781707764e-02 -3.709399700164794922e-02 1.118468772619962692e-02 -1.835303455591201782e-01 -1.738758087158203125e-01
-8.280742913484573364e-02 6.453900784254074097e-02 -1.605876088142395020e-01 1.754380613565444946e-01 1.376087963581085205e-01
1.818741261959075928e-01 -4.350419342517852783e-02 2.193830311298370361e-01 5.120972171425819397e-02 1.907812803983688354e-01
1.696740388870239258e-01 -1.949378401041030884e-01 1.681751571595668793e-02 1.243774592876434326e-01 1.027022898197174072e-01
-3.873915225267410278e-02 -6.742523610591888428e-02 1.706746369600296021e-01 -1.650986969470977783e-01 5.540097132325172424e-02
-2.030656673014163971e-02 -5.962608382105827332e-02 3.315358236432075500e-02 2.083024680614471436e-01 -2.397159039974212646e-01
-5.388082191348075867e-02 -2.260366380214691162e-01 3.518660739064216614e-02 1.183456834405660629e-02 -1.147583201527595520e-01
-7.382062077522277832e-02 -1.657690554857254028e-01 9.685914032161235809e-03 1.982345879077911377e-01 -1.125765964388847351e-01
1.921014934778213501e-01 2.505165338516235352e-01 1.146809160709381104e-01 1.588204503059387207e-01 1.937071382999420166e-01
9.724587947130203247e-02 -8.626475185155868530e-02 3.669373691082000732e-02 -1.686353534460067749e-01 1.010072305798530579e-01
3.283488005399703979e-02 -1.101881358772516251e-02 -7.440822571516036987e-02 1.402750611305236816e-01 -2.140091508626937866e-01
1.835476756095886230e-01 5.303537100553512573e-02 -1.766785085201263428e-01 1.230997741222381592e-01 1.111087128520011902e-01
1.245648413896560669e-01 2.120842933654785156e-01 1.296492666006088257e-01 7.463503628969192505e-02 1.957011669874191284e-01
-6.972488760948181152e-02 2.496630847454071045e-01 -1.089781001210212708e-01 7.924255728721618652e-02 1.928382515907287598e-01
5.402978509664535522e-02 -2.414283007383346558e-01 6.910803727805614471e-03 7.826011627912521362e-02 -4.680566117167472839e-02
-2.410219796001911163e-02 -2.961660735309123993e-02 2.430425435304641724e-01 9.369663894176483154e-02 1.778964251279830933e-01
-5.418302491307258606e-02 4.509150050580501556e-03 -1.125762909650802612e-01 1.566581428050994873e-01 -1.709145307540893555e-01
-6.087213382124900818e-02 2.714615464210510254e-01 1.042255610227584839e-01 3.686461225152015686e-02 -2.285656481981277466e-01
1.832894608378410339e-02 -1.245759055018424988e-02 -8.404927700757980347e-02 -1.285197734832763672e-01 -2.049876600503921509e-01
-5.741357803344726562e-02 -5.308140814304351807e-02 9.881204366683959961e-02 -1.611475646495819092e-02 1.690905541181564331e-01
3.816372156143188477e-02 -6.259170919656753540e-02 5.733340606093406677e-02 -1.290423274040222168e-01 1.365895867347717285e-01
2.095414139330387115e-02 -8.768302947282791138e-02 -1.017541736364364624e-01 1.802775263786315918e-01 3.746057674288749695e-02
1.094201486557722092e-02 1.217247359454631805e-02 1.511948555707931519e-01 -1.558508723974227905e-01 -1.311913728713989258e-01
-6.901573389768600464e-02 -9.037876874208450317e-02 2.543246150016784668e-01 -1.231026500463485718e-01 -1.193046569824218750e-02
-1.254032365977764130e-02 -9.953449666500091553e-02 -1.499728411436080933e-01 1.006992608308792114e-01 -3.803525352850556374e-03
-4.099426046013832092e-02 -7.320705335587263107e-03 -1.430330723524093628e-01 1.952858269214630127e-01 8.333565294742584229e-02
3.964168205857276917e-02 2.739880606532096863e-02 2.046165168285369873e-01 1.151888966560363770e-01 -3.993653357028961182e-01
-2.626363337039947510e-01 2.477484568953514099e-02 -9.162075072526931763e-02 1.906654685735702515e-01 -3.962992131710052490e-02
-5.229862779378890991e-02 -1.645416952669620514e-02 1.484452188014984131e-01 -3.878111951053142548e-03 1.549334377050399780e-01
-5.343946442008018494e-02 1.173906102776527405e-01 4.967605695128440857e-02 1.171372924000024796e-02 1.870271116495132446e-01
-2.654367685317993164e-02 -8.496264368295669556e-02 4.311151802539825439e-02 -2.419872730970382690e-01 -6.519113667309284210e-03
-7.433238625526428223e-02 -7.616012543439865112e-02 -1.285376697778701782e-01 8.068695664405822754e-02 -1.068880110979080200e-01
8.768784254789352417e-02 -3.470538184046745300e-02 8.380486816167831421e-02 -1.434740424156188965e-01 -1.112434342503547668e-01
2.469130046665668488e-02 2.403521835803985596e-01 2.435267269611358643e-01 -2.185006998479366302e-02 -3.302336037158966064e-01
2.816935256123542786e-02 2.450191788375377655e-02 1.165883168578147888e-01 -7.578108459711074829e-03 -3.035021126270294189e-01
-1.025657951831817627e-01 -1.619679331779479980e-01 1.430523246526718140e-01 -6.225401163101196289e-02 1.447800993919372559e-01
-2.333968132734298706e-01 1.214700117707252502e-01 7.230202108621597290e-02 4.420659318566322327e-02 -6.737093627452850342e-02
2.462121844291687012e-02 -2.436241656541824341e-01 1.450133174657821655e-01 -3.098687902092933655e-02 -6.818713247776031494e-02
3.525242954492568970e-02 -7.936251163482666016e-02 6.846486357972025871e-04 -2.118386328220367432e-01 8.088202774524688721e-02
2.633177340030670166e-01 1.471516024321317673e-02 1.572874188423156738e-02 2.425364553928375244e-01 1.341595351696014404e-01
9.415207803249359131e-02 9.580913931131362915e-02 2.403826713562011719e-01 2.121768742799758911e-01 2.002626955509185791e-01
1.594361104071140289e-02 -5.611855164170265198e-02 -3.160925954580307007e-02 -2.000242471694946289e-01 1.087557747960090637e-01
-7.333793491125106812e-02 1.560391932725906372e-01 -3.723486512899398804e-02 -6.351080257445573807e-03 -2.553812861442565918e-01
5.263260006904602051e-02 -6.086840759962797165e-03 1.021123211830854416e-02 1.859900802373886108e-01 -2.658326625823974609e-01
-1.067636758089065552e-01 -2.640255987644195557e-01 1.507852692157030106e-02 1.513654738664627075e-01 -7.197041064500808716e-02
-8.307524025440216064e-02 5.261467769742012024e-02 -1.440586298704147339e-01 2.001114934682846069e-01 1.164531782269477844e-01
-6.578693166375160217e-03 -1.118352860212326050e-01 -1.589097380638122559e-01 7.968086004257202148e-02 -7.347251474857330322e-02
2.424213886260986328e-01 2.640605866909027100e-01 1.270486116409301758e-01 1.739682853221893311e-01 1.990225166082382202e-01
-3.013374842703342438e-02 -1.043484658002853394e-01 6.409242749214172363e-02 -1.995565742254257202e-01 6.216133013367652893e-03
4.398669302463531494e-02 -6.801631301641464233e-02 -8.071584743447601795e-04 -4.962778463959693909e-02 -2.192562222480773926e-01
3.723232448101043701e-02 5.420253425836563110e-02 7.873304933309555054e-02 -9.322417527437210083e-02 1.580119431018829346e-01
9.228318929672241211e-02 -2.436303645372390747e-01 5.101979523897171021e-02 3.513335064053535461e-02 -5.570660158991813660e-02
2.671532705426216125e-02 7.919472455978393555e-02 1.308665424585342407e-01 -4.842730239033699036e-02 1.638479083776473999e-01
-1.077697798609733582e-01 1.424423754215240479e-01 2.361086159944534302e-01 7.494649291038513184e-02 -1.887180805206298828e-01
1.084591150283813477e-01 2.458942979574203491e-01 1.164626609534025192e-02 -2.588255107402801514e-01 -2.834140956401824951e-01
-2.318926900625228882e-02 1.893145889043807983e-01 2.579146763309836388e-03 -3.426755964756011963e-01 -1.765223145484924316e-01
-2.948657795786857605e-02 -2.662714943289756775e-02 2.288736552000045776e-01 -5.736884195357561111e-03 1.516765356063842773e-01
-2.498344331979751587e-01 -3.566453605890274048e-02 -7.212977111339569092e-02 1.884163022041320801e-01 -2.774477750062942505e-02
2.036792784929275513e-01 -1.558565646409988403e-01 2.033806964755058289e-02 2.601666562259197235e-02 1.195781826972961426e-01
-1.849895566701889038e-01 1.122334972023963928e-01 8.624536544084548950e-02 -7.323720306158065796e-02 -1.424898579716682434e-02
1.458471417427062988e-01 -1.430036276578903198e-01 -3.749953582882881165e-02 6.369091104716062546e-03 -9.025412797927856445e-02
-1.458235383033752441e-01 -1.711462587118148804e-01 2.341817170381546021e-01 -1.876350119709968567e-02 1.419348716735839844e-01
8.331211656332015991e-02 -2.158492505550384521e-01 9.915983676910400391e-02 -9.367022663354873657e-02 9.166807681322097778e-02
-1.211448921822011471e-03 2.793369069695472717e-02 -5.964256450533866882e-02 9.877488762140274048e-02 -2.569977939128875732e-01
-1.084657087922096252e-01 -1.332018375396728516e-01 -3.939041867852210999e-03 9.304878860712051392e-02 -1.370523869991302490e-01
-4.901239275932312012e-02 -1.196830794215202332e-01 2.514661550521850586e-01 5.002918094396591187e-02 1.723554730415344238e-01
-7.008311152458190918e-02 -6.209242343902587891e-02 -1.363805532455444336e-01 1.056645885109901428e-01 -1.099968105554580688e-01
1.210590079426765442e-01 -1.465810686349868774e-01 1.760444492101669312e-01 -2.994154393672943115e-02 1.516320258378982544e-01
-3.841311484575271606e-02 -1.178298443555831909e-01 2.332201153039932251e-01 -3.108904138207435608e-02 1.462368667125701904e-01
-7.170548290014266968e-02 -7.753507047891616821e-02 -9.879984706640243530e-02 7.235061377286911011e-02 -1.070784106850624084e-01
6.147764995694160461e-02 -1.937783136963844299e-02 8.213340491056442261e-02 1.917205452919006348e-01 -2.850200235843658447e-01
-1.061344966292381287e-01 -1.443021148443222046e-01 -1.647979319095611572e-01 1.506692618131637573e-01 3.020325489342212677e-02
3.809911385178565979e-02 2.021622844040393829e-02 -5.812817718833684921e-03 1.535673141479492188e-01 -2.935604751110076904e-01
-1.096918135881423950e-01 3.418996930122375488e-02 3.786417543888092041e-01 7.754304260015487671e-02 -1.679299473762512207e-01
9.458713233470916748e-02 -1.084937155246734619e-01 -1.026133224368095398e-01 5.135447904467582703e-02 -1.182810589671134949e-01
1.862029731273651123e-01 2.398890443146228790e-02 2.689780592918395996e-01 1.963826715946197510e-01 2.116574794054031372e-01
-5.219270475208759308e-03 -2.386964298784732819e-02 1.462424397468566895e-01 9.375895559787750244e-02 -3.294256329536437988e-01
9.598913602530956268e-03 -2.143876105546951294e-01 7.388179004192352295e-02 -1.735692918300628662e-01 3.811471536755561829e-02
1.009768471121788025e-01 -2.068916261196136475e-01 -7.270372658967971802e-02 -2.574523910880088806e-03 -2.662354148924350739e-02
4.863721877336502075e-02 5.837410688400268555e-02 -5.591389164328575134e-02 -2.874295413494110107e-01 -1.732186973094940186e-01
7.721962034702301025e-02 -1.506481617689132690e-01 -2.083808928728103638e-02 -6.679131090641021729e-02 -1.357443481683731079e-01
-1.309457570314407349e-01 6.532195210456848145e-02 1.262012273073196411e-01 -1.123633682727813721e-01 6.216517835855484009e-02
-2.447421252727508545e-01 5.008648335933685303e-02 6.545689702033996582e-02 2.139525413513183594e-01 -8.150136470794677734e-02
-9.587236493825912476e-02 -8.306318521499633789e-02 1.145724952220916748e-01 -3.509775921702384949e-02 1.587378829717636108e-01
-7.162854075431823730e-02 -8.394993841648101807e-02 -1.472349464893341064e-01 9.259492158889770508e-02 -8.212279528379440308e-02
5.072065815329551697e-02 -1.698483973741531372e-01 9.903349727392196655e-02 -1.313804537057876587e-01 1.054639741778373718e-01
-5.308915302157402039e-02 -3.509062156081199646e-02 -1.860340833663940430e-01 1.253015249967575073e-01 1.132655516266822815e-02
-2.347385436296463013e-01 3.727973997592926025e-02 1.411965489387512207e-01 6.459085643291473389e-02 1.084791347384452820e-01
2.739319801330566406e-01 4.964439570903778076e-02 6.871686875820159912e-02 2.099442631006240845e-01 1.696678400039672852e-01
-2.821503207087516785e-02 2.301095128059387207e-01 -7.580108195543289185e-02 -3.963689506053924561e-01 -1.838602274656295776e-01
-2.130095381289720535e-03 -7.486732304096221924e-02 5.375445634126663208e-02 1.539777368307113647e-01 -1.675383597612380981e-01
-1.178915426135063171e-01 4.300573095679283142e-02 -4.848930239677429199e-02 2.191497832536697388e-01 -1.209936141967773438e-01
1.525516156107187271e-02 -1.323080211877822876e-01 -5.003057420253753662e-02 1.620607525110244751e-01 -1.002939864993095398e-01
2.259696424007415771e-01 -6.382852047681808472e-02 -1.575369387865066528e-02 1.866400837898254395e-01 1.095088198781013489e-01
-1.536468267440795898e-01 2.077219039201736450e-01 -1.268000900745391846e-01 8.209990710020065308e-02 1.818969994783401489e-01
1.324720084667205811e-01 -9.090008586645126343e-02 -1.110615804791450500e-01 1.714685708284378052e-01 9.536218643188476562e-02
1.003100946545600891e-01 -2.577360272407531738e-01 5.164055526256561279e-02 -1.487642992287874222e-02 1.074741780757904053e-01
1.115453094244003296e-01 1.589786559343338013e-01 7.093212753534317017e-02 4.201808199286460876e-02 -3.137490153312683105e-01
2.243551611900329590e-01 1.947968900203704834e-01 -8.072255295701324940e-04 1.057022809982299805e-01 1.836354881525039673e-01
-8.542477339506149292e-02 1.076192110776901245e-01 2.085094302892684937e-01 -5.004267208278179169e-03 -1.939422488212585449e-01
3.798680603504180908e-01 9.249325096607208252e-02 7.596626132726669312e-02 2.294089347124099731e-01 1.550327986478805542e-01
7.427905499935150146e-02 -6.138087809085845947e-02 -8.549808710813522339e-02 1.943457573652267456e-01 1.255939751863479614e-01
-8.138794451951980591e-02 -3.592800721526145935e-02 -3.338797762989997864e-02 3.780215233564376831e-02 -1.873474717140197754e-01
-2.327637001872062683e-02 -3.121330775320529938e-02 -1.110902652144432068e-01 7.560915499925613403e-02 -1.041651293635368347e-01
3.762231394648551941e-02 -2.759988605976104736e-01 1.179828122258186340e-02 -5.764216557145118713e-02 4.460132867097854614e-02
-1.640536785125732422e-01 1.227043569087982178e-01 1.896239519119262695e-01 5.101674050092697144e-02 -1.210923045873641968e-01
1.503011733293533325e-01 -5.088078603148460388e-02 1.072335243225097656e-01 -1.694608293473720551e-02 -1.817980110645294189e-01
-2.369875274598598480e-02 -1.249520033597946167e-01 9.022597968578338623e-02 -2.320159226655960083e-02 -1.828126460313796997e-01
1.708831824362277985e-02 2.019880153238773346e-02 -2.851020358502864838e-02 7.123543415218591690e-03 -2.725103497505187988e-01
-1.139281392097473145e-01 -5.983467027544975281e-02 3.354283049702644348e-02 9.604472666978836060e-02 -1.749828606843948364e-01
4.702499136328697205e-02 -1.809527538716793060e-02 2.290340363979339600e-01 8.587186038494110107e-02 1.880987882614135742e-01
-1.307454705238342285e-01 8.689082413911819458e-02 -1.502217445522546768e-02 2.126872539520263672e-01 -2.159314453601837158e-01
8.606868982315063477e-02 -1.547781378030776978e-01 -2.337269112467765808e-02 -5.941269546747207642e-02 -1.270601153373718262e-01
-1.013878062367439270e-01 1.612820178270339966e-01 -6.164381653070449829e-02 1.951464712619781494e-01 2.207177877426147461e-01
7.275350391864776611e-02 7.435790449380874634e-02 -6.736661493778228760e-02 -2.171061635017395020e-01 -2.072776257991790771e-01
