# Epoch   training loss   validation loss
0 0.040735598653554916 0.04072999954223633
1000 0.00013604765990749002 0.00015287304995581508
2000 0.00013038002362009138 0.00015342861297540367
3000 0.0001256322138942778 0.00015827122842893004
4000 0.0001200443075504154 0.00016657808737363666
5000 0.0001166732981801033 0.00017638625286053866
6000 0.0001143729969044216 0.0001742838794598356
7000 0.00011159903806401417 0.0001749932416714728
8000 0.00010987076530000195 0.00017518085951451212
9000 0.00010860917245736346 0.00017595973622519523
10000 0.00010754665709100664 0.00017643888713791966
11000 0.00010695531818782911 0.00017806078540161252
12000 0.0001046786128426902 0.00018869071209337562
13000 9.562550985720009e-05 0.00019307062029838562
14000 0.00010571278107818216 0.00020532925555016845
15000 9.048150241142139e-05 0.0001901285140775144
16000 8.631094533484429e-05 0.00018843614088837057
17000 8.416447963099927e-05 0.00018557174189481884
18000 8.462998812319711e-05 0.00018590042600408196
19000 8.020245877560228e-05 0.00018519654986448586
20000 8.138798148138449e-05 0.00018903308955486864
21000 7.847450615372509e-05 0.00019124499522149563
22000 7.699048728682101e-05 0.00019704209989868104
23000 7.594216731376946e-05 0.000199970425455831
24000 7.50287581468001e-05 0.00020281704200897366
25000 7.412036939058453e-05 0.00020594305533450097
26000 7.33712877263315e-05 0.00020997542014811188
27000 7.081163494149223e-05 0.00021328056755010039
28000 6.944176129763946e-05 0.00022447518131230026
29000 6.930801464477554e-05 0.00022698292741551995
30000 6.844758172519505e-05 0.00023375125601887703
31000 6.73165632179007e-05 0.00023475379566662014
32000 6.680600927211344e-05 0.0002378999924985692
33000 6.610670970985666e-05 0.00023311645782086998
34000 6.574673898285255e-05 0.00023565873561892658
35000 6.566254160134122e-05 0.00023227368365041912
36000 6.483390461653471e-05 0.0002345615648664534
37000 6.42482700641267e-05 0.00023046002024784684
38000 6.516496068798006e-05 0.00023618293926119804
39000 6.372612551786005e-05 0.00023139320546761155
40000 6.316306098597124e-05 0.000232750186114572
41000 6.293698970694095e-05 0.00023186755424831063
42000 6.314665370155126e-05 0.00022897393500898033
43000 6.275001942412928e-05 0.0002290248521603644
44000 6.208509876159951e-05 0.00022944834199734032
45000 6.286864663707092e-05 0.00022815188276581466
46000 6.216629117261618e-05 0.00022818663273938
47000 6.25541724730283e-05 0.00022690001060254872
48000 6.116471922723576e-05 0.00022599670046474785
49000 6.207664409885183e-05 0.00022435873688664287
50000 6.169997504912317e-05 0.0002275131264468655
51000 6.0524318541865796e-05 0.00022543460363522172
52000 6.035045225871727e-05 0.00022421394533012062
53000 6.041340020601638e-05 0.0002205102500738576
54000 6.0922480770386755e-05 0.00021993012342136353
55000 5.922158743487671e-05 0.00021951265807729214
56000 5.890374814043753e-05 0.00022205949062481523
57000 5.84199842705857e-05 0.0002215338608948514
58000 5.8648111007642e-05 0.0002202643663622439
59000 5.8200283092446625e-05 0.00022045656805858016
60000 5.740319102187641e-05 0.0002208200457971543
61000 5.720391345676035e-05 0.00021736562484875321
62000 5.662254261551425e-05 0.00022132202866487205
63000 5.653461630572565e-05 0.0002208154182881117
64000 5.606256672763266e-05 0.00021807310986332595
65000 5.6173659686464816e-05 0.00021833021310158074
66000 5.5478911235695705e-05 0.00021845215815119445
67000 5.618377326754853e-05 0.0002200249582529068
68000 5.590591172222048e-05 0.00022092441213317215
69000 5.5102216720115393e-05 0.00021937645215075463
70000 5.52076380699873e-05 0.00021905358880758286
71000 5.602383316727355e-05 0.00021850726625416428
72000 5.5448865168727934e-05 0.00021704917890019715
73000 5.5582073400728405e-05 0.00021896700491197407
74000 5.502016574610025e-05 0.0002165936166420579
75000 5.368810161598958e-05 0.00021261587971821427
76000 5.372895975597203e-05 0.00021404701692517847
77000 5.3390620450954884e-05 0.00021204409131314605
78000 5.437493746285327e-05 0.000213866718695499
79000 5.288478496368043e-05 0.00021400785772129893
80000 5.317649629432708e-05 0.00021380878752097487
81000 5.3114621550776064e-05 0.00021046394249424338
82000 5.323007644619793e-05 0.00021802887204103172
83000 5.3012860007584095e-05 0.00021795307111460716
84000 5.194330879021436e-05 0.00021994569397065789
85000 5.171930024516769e-05 0.00022732702200300992
86000 5.1199142035329714e-05 0.00022674951469525695
87000 5.0386770453769714e-05 0.00022581516532227397
88000 5.016343493480235e-05 0.0002275234437547624
89000 5.0596820074133575e-05 0.0002303742803633213
90000 5.0440270570106804e-05 0.00023309180687647313
91000 4.969630390405655e-05 0.00023818103363737464
92000 4.870578050031327e-05 0.00024180483887903392
93000 4.7823898057686165e-05 0.00024104845942929387
94000 4.825092401006259e-05 0.00023928338487166911
95000 4.7198758693411946e-05 0.00023743329802528024
96000 4.6883043978596106e-05 0.000240481982473284
97000 4.6617129555670545e-05 0.00023954252537805587
98000 4.580898894346319e-05 0.0002441388351144269
99000 4.570171222439967e-05 0.0002553897211328149
100000 4.6166514948708937e-05 0.00025624947738833725
101000 4.497087502386421e-05 0.00026164232986047864
102000 4.469691339181736e-05 0.00026245013577863574
103000 4.548025754047558e-05 0.0002598155115265399
104000 4.4180611439514905e-05 0.00025327809271402657
105000 4.472669024835341e-05 0.00025373732205480337
106000 4.42164164269343e-05 0.00025815071421675384
107000 4.4368745875544846e-05 0.00025052999262697995
108000 4.3483345507411286e-05 0.00024488152121193707
109000 4.3704079871531576e-05 0.00025061063934117556
110000 4.2910560296149924e-05 0.00024731140001676977
111000 4.339182487456128e-05 0.00024703703820705414
112000 4.3737967644119635e-05 0.0002456011716276407
113000 4.2590017983457074e-05 0.0002346635446883738
114000 4.245949457981624e-05 0.00023330654948949814
115000 4.340282248449512e-05 0.00023999194672796875
116000 4.260240530129522e-05 0.0002411403984297067
117000 4.279055065126158e-05 0.0002393152826698497
118000 4.190877007204108e-05 0.00023890093143563718
119000 4.202042691758834e-05 0.00022794699179939926
120000 4.2736159230116755e-05 0.000233871687669307
121000 4.1379607864655554e-05 0.00023432924353983253
122000 4.1323015466332436e-05 0.00023330561816692352
123000 4.166365397395566e-05 0.00022619118681177497
124000 4.1387462260900065e-05 0.00022296985844150186
125000 4.1816823795670643e-05 0.00022478897881228477
126000 4.0829585486790165e-05 0.00021866093447897583
127000 4.116375930607319e-05 0.0002203253679908812
128000 4.0724837162997574e-05 0.00021552987163886428
129000 4.084049942321144e-05 0.0002185637131333351
130000 4.040286148665473e-05 0.00021422628196887672
131000 4.037269900436513e-05 0.00021240113710518926
132000 4.0216342313215137e-05 0.00022128521231934428
133000 4.022823122795671e-05 0.0002172931272070855
134000 4.022470966447145e-05 0.00021714776812586933
135000 3.9706126699456945e-05 0.00021823558199685067
136000 3.961603215429932e-05 0.0002177594869863242
137000 4.0127128158928826e-05 0.00021697829652111977
138000 3.917401045328006e-05 0.0002177328133257106
139000 3.9377653592964634e-05 0.00021151300461497158
140000 3.884774196194485e-05 0.00021704466780647635
141000 3.8714948459528387e-05 0.00020853005116805434
142000 3.8641723222099245e-05 0.00021647984976880252
143000 3.854864917229861e-05 0.0002162140008294955
144000 3.8488200516439974e-05 0.00021002600260544568
145000 3.875474794767797e-05 0.00021580347674898803
146000 3.826749525615014e-05 0.00021693410235457122
147000 3.875092079397291e-05 0.00021499420108739287
148000 3.790359551203437e-05 0.0002098757104249671
149000 3.805785672739148e-05 0.0002176997804781422
150000 3.7631831219187006e-05 0.00021913694217801094
151000 3.784549335250631e-05 0.00021868690964765847
152000 3.7863224861212075e-05 0.00021461962023749948
153000 3.82176112907473e-05 0.00021630636183544993
154000 3.735739301191643e-05 0.00022033382265362889
155000 3.75997660739813e-05 0.00021532036771532148
156000 3.720227687153965e-05 0.00021995254792273045
157000 3.747303344425745e-05 0.00021984911290928721
158000 3.704037590068765e-05 0.00021545849449466914
159000 3.709137308760546e-05 0.00021907902555540204
160000 3.686057971208356e-05 0.00021957230637781322
161000 3.732279583346099e-05 0.00021922642190475017
162000 3.6648361856350675e-05 0.00022198405349627137
163000 3.701889727381058e-05 0.00021805021970067173
164000 3.592504435800947e-05 0.00021564999769907445
165000 3.615507375798188e-05 0.00022355311375577003
166000 3.7252160836942494e-05 0.00021925933833699673
167000 3.690889570862055e-05 0.00021973314869683236
168000 3.597255636123009e-05 0.00021676832693628967
169000 3.5870889405487105e-05 0.00022565403196495026
170000 3.630529681686312e-05 0.00022005206847097725
171000 3.5657085390994325e-05 0.00022660558170173317
172000 3.564344297046773e-05 0.0002198587462771684
173000 3.628065314842388e-05 0.00022583757527172565
174000 3.641410148702562e-05 0.000225310810492374
175000 3.651616134447977e-05 0.0002253107086289674
176000 3.6204615753376856e-05 0.00022778782295063138
177000 3.644070602604188e-05 0.0002270670811412856
178000 3.562843266990967e-05 0.00023055441852193326
179000 3.645466495072469e-05 0.0002288494142703712
180000 3.630334322224371e-05 0.00022827927023172379
181000 3.628879494499415e-05 0.0002294892619829625
182000 3.590111737139523e-05 0.00022822096070740372
183000 3.5360448237042874e-05 0.0002274204307468608
184000 3.5359273169888183e-05 0.0002365772525081411
185000 3.55662741640117e-05 0.00023424281971529126
186000 3.507662040647119e-05 0.00023752538254484534
187000 3.532827759045176e-05 0.00023675952979829162
188000 3.523131090332754e-05 0.00023728811356704682
189000 3.52511960954871e-05 0.00023360161867458373
190000 3.5890541767003015e-05 0.0002362945378990844
191000 3.5535897040972486e-05 0.00023615334066562355
192000 3.471684249234386e-05 0.00023577429237775505
193000 3.5205412132199854e-05 0.00023714476265013218
194000 3.5304230550536886e-05 0.00023928939481265843
195000 3.5376095183892176e-05 0.00024330007727257907
196000 3.4488293749745935e-05 0.00023926817812025547
197000 3.509676389512606e-05 0.0002406507555861026
198000 3.4843586036004126e-05 0.00024695388856343925
199000 3.433985693845898e-05 0.00024699026835151017
200000 3.462306267465465e-05 0.00024139249580912292
201000 3.5097909858450294e-05 0.00024285310064442456
202000 3.4470169339329004e-05 0.0002408246509730816
203000 3.526945147314109e-05 0.00024481661967001855
204000 3.544702485669404e-05 0.00024362833937630057
205000 3.4362601581960917e-05 0.0002417784562567249
206000 3.48185385519173e-05 0.00024266893160529435
207000 3.385431773494929e-05 0.00024040049174800515
208000 3.432065204833634e-05 0.00024005082377698272
209000 3.48592184309382e-05 0.0002421308308839798
210000 3.3695774618536234e-05 0.00024492794182151556
211000 3.505986387608573e-05 0.0002431754401186481
212000 3.447748167673126e-05 0.00024274348106700927
213000 3.407575059100054e-05 0.00024529406800866127
214000 3.410103454370983e-05 0.00024086273333523422
215000 3.335958535899408e-05 0.00024106819182634354
216000 3.3401687687728554e-05 0.00024090830993372947
217000 3.3989883377216756e-05 0.0002454417117405683
218000 3.2969550375128165e-05 0.00025026651564985514
219000 3.349360849824734e-05 0.0002487629826646298
220000 3.338575334055349e-05 0.00024890649365261197
221000 3.396839747438207e-05 0.00024810252944007516
222000 3.3450007322244346e-05 0.0002498748362995684
223000 3.2994106732076034e-05 0.0002458383678458631
224000 3.2694253604859114e-05 0.00025101503706537187
225000 3.372711216798052e-05 0.00024978184956125915
226000 3.31017654389143e-05 0.0002470994950272143
227000 3.33689822582528e-05 0.0002524848096072674
228000 3.2878822821658105e-05 0.0002467035665176809
229000 3.4043885534629226e-05 0.00024706791737116873
230000 3.267898500780575e-05 0.000249617820372805
231000 3.4043623600155115e-05 0.0002480227849446237
232000 3.3570519008208066e-05 0.00024640170158818364
233000 3.333482891321182e-05 0.00024216290330514312
234000 3.382371141924523e-05 0.000251517107244581
235000 3.3710472052916884e-05 0.0002517289249226451
236000 3.2431711588287726e-05 0.0002491540799383074
237000 3.26081681123469e-05 0.00024363545526284724
238000 3.27861234836746e-05 0.0002510422782506794
239000 3.397970795049332e-05 0.0002531505306251347
240000 3.261659367126413e-05 0.00025129070854745805
241000 3.3663938665995374e-05 0.00024670970742590725
242000 3.2508720323676243e-05 0.0002471405896358192
243000 3.2271185773424804e-05 0.0002500991686247289
244000 3.248020584578626e-05 0.00024454094818793237
245000 3.370902413735166e-05 0.0002454743371345103
246000 3.5174100048607215e-05 0.00024217167811002582
247000 3.24751490552444e-05 0.000248848635237664
248000 3.218460187781602e-05 0.00024477552506141365
249000 3.240592923248187e-05 0.0002459704701323062
250000 3.221190127078444e-05 0.00025053240824490786
250000 3.269025546615012e-05 0.00025195436319336295
